run|epoch|ts|lsn|checkpoints_timed|checkpoints_req|checkpoint_write_time|checkpoint_sync_time|buffers_checkpoint|buffers_clean|maxwritten_clean|buffers_backend|buffers_backend_fsync|buffers_alloc|stats_reset
1|1649502493.339418|2022-04-09 13:08:13.339418+02|0/5830DB58|1|2|316|2|1777|0|0|2844217|0|1673956|2022-04-09 12:51:49.674391+02
1|1649502494.367251|2022-04-09 13:08:14.367251+02|0/5830DB58|1|2|316|2|1798|0|0|2844217|0|1673956|2022-04-09 12:51:49.674391+02
2|1649502495.395772|2022-04-09 13:08:15.395772+02|0/5830DB58|1|2|316|2|1821|0|0|2844217|0|1673956|2022-04-09 12:51:49.674391+02
3|1649502496.424271|2022-04-09 13:08:16.424271+02|0/5830DB58|1|2|316|2|1842|0|0|2844217|0|1673956|2022-04-09 12:51:49.674391+02
4|1649502497.452883|2022-04-09 13:08:17.452883+02|0/5830DB58|1|2|316|2|1863|0|0|2844217|0|1673956|2022-04-09 12:51:49.674391+02
5|1649502498.480582|2022-04-09 13:08:18.480582+02|0/5830DB58|1|2|316|2|1886|0|0|2844217|0|1673956|2022-04-09 12:51:49.674391+02
6|1649502499.508529|2022-04-09 13:08:19.508529+02|0/5830DB58|1|2|316|2|1907|0|0|2844217|0|1673956|2022-04-09 12:51:49.674391+02
7|1649502500.526139|2022-04-09 13:08:20.526139+02|0/5830DB58|1|2|316|2|1924|0|0|2844217|0|1673956|2022-04-09 12:51:49.674391+02
8|1649502501.554223|2022-04-09 13:08:21.554223+02|0/5830DB58|1|2|316|2|1950|0|0|2844217|0|1673956|2022-04-09 12:51:49.674391+02
9|1649502502.582756|2022-04-09 13:08:22.582756+02|0/5830DB58|1|2|316|2|1971|0|0|2844217|0|1673956|2022-04-09 12:51:49.674391+02
10|1649502503.611529|2022-04-09 13:08:23.611529+02|0/5830DB58|1|2|316|2|1994|0|0|2844217|0|1673956|2022-04-09 12:51:49.674391+02
11|1649502504.639609|2022-04-09 13:08:24.639609+02|0/5830DB58|1|2|316|2|2015|0|0|2844217|0|1673956|2022-04-09 12:51:49.674391+02
12|1649502505.668259|2022-04-09 13:08:25.668259+02|0/5830DB58|1|2|316|2|2036|0|0|2844217|0|1673956|2022-04-09 12:51:49.674391+02
13|1649502506.696946|2022-04-09 13:08:26.696946+02|0/5830DB58|1|2|316|2|2059|0|0|2844217|0|1673956|2022-04-09 12:51:49.674391+02
14|1649502507.725030|2022-04-09 13:08:27.72503+02|0/5830DB58|1|2|316|2|2080|0|0|2844217|0|1673956|2022-04-09 12:51:49.674391+02
15|1649502508.753695|2022-04-09 13:08:28.753695+02|0/5830DB58|1|2|316|2|2101|0|0|2844217|0|1673956|2022-04-09 12:51:49.674391+02
16|1649502509.782265|2022-04-09 13:08:29.782265+02|0/5830DB58|1|2|316|2|2122|0|0|2844217|0|1673956|2022-04-09 12:51:49.674391+02
17|1649502510.810662|2022-04-09 13:08:30.810662+02|0/5830DB58|1|2|316|2|2145|0|0|2844217|0|1673956|2022-04-09 12:51:49.674391+02
18|1649502511.839308|2022-04-09 13:08:31.839308+02|0/5830DB58|1|2|316|2|2166|0|0|2844217|0|1673956|2022-04-09 12:51:49.674391+02
19|1649502512.867671|2022-04-09 13:08:32.867671+02|0/5830DB58|1|2|316|2|2187|0|0|2844217|0|1673956|2022-04-09 12:51:49.674391+02
20|1649502513.895928|2022-04-09 13:08:33.895928+02|0/5830DB58|1|2|316|2|2208|0|0|2844217|0|1673956|2022-04-09 12:51:49.674391+02
21|1649502514.924710|2022-04-09 13:08:34.92471+02|0/5830DB58|1|2|316|2|2231|0|0|2844217|0|1673956|2022-04-09 12:51:49.674391+02
22|1649502515.953368|2022-04-09 13:08:35.953368+02|0/5830DB58|1|2|316|2|2252|0|0|2844217|0|1673956|2022-04-09 12:51:49.674391+02
23|1649502516.981763|2022-04-09 13:08:36.981763+02|0/5830DB58|1|2|316|2|2273|0|0|2844217|0|1673956|2022-04-09 12:51:49.674391+02
24|1649502518.010018|2022-04-09 13:08:38.010018+02|0/5830DB58|1|2|316|2|2294|0|0|2844217|0|1673956|2022-04-09 12:51:49.674391+02
25|1649502519.038039|2022-04-09 13:08:39.038039+02|0/5830DB58|1|2|316|2|2318|0|0|2844217|0|1673956|2022-04-09 12:51:49.674391+02
26|1649502520.066378|2022-04-09 13:08:40.066378+02|0/5830DB58|1|2|316|2|2339|0|0|2844217|0|1673956|2022-04-09 12:51:49.674391+02
27|1649502521.094371|2022-04-09 13:08:41.094371+02|0/5830DB58|1|2|316|2|2360|0|0|2844217|0|1673956|2022-04-09 12:51:49.674391+02
28|1649502522.122527|2022-04-09 13:08:42.122527+02|0/5830DB58|1|2|316|2|2383|0|0|2844217|0|1673956|2022-04-09 12:51:49.674391+02
29|1649502523.150615|2022-04-09 13:08:43.150615+02|0/5830DB58|1|2|316|2|2404|0|0|2844217|0|1673956|2022-04-09 12:51:49.674391+02
30|1649502524.178582|2022-04-09 13:08:44.178582+02|0/5830DB58|1|2|316|2|2425|0|0|2844217|0|1673956|2022-04-09 12:51:49.674391+02
31|1649502525.206577|2022-04-09 13:08:45.206577+02|0/5830DB58|1|2|316|2|2446|0|0|2844217|0|1673956|2022-04-09 12:51:49.674391+02
32|1649502526.234743|2022-04-09 13:08:46.234743+02|0/5830DB58|1|2|316|2|2469|0|0|2844217|0|1673956|2022-04-09 12:51:49.674391+02
33|1649502527.263295|2022-04-09 13:08:47.263295+02|0/5830DB58|1|2|316|2|2490|0|0|2844217|0|1673956|2022-04-09 12:51:49.674391+02
34|1649502528.291819|2022-04-09 13:08:48.291819+02|0/5830DB58|1|2|316|2|2511|0|0|2844217|0|1673956|2022-04-09 12:51:49.674391+02
35|1649502529.320405|2022-04-09 13:08:49.320405+02|0/5830DB58|1|2|316|2|2532|0|0|2844217|0|1673956|2022-04-09 12:51:49.674391+02
36|1649502530.348654|2022-04-09 13:08:50.348654+02|0/5830DB58|1|2|316|2|2555|0|0|2844217|0|1673956|2022-04-09 12:51:49.674391+02
37|1649502531.377772|2022-04-09 13:08:51.377772+02|0/5830DB58|1|2|316|2|2576|0|0|2844217|0|1673956|2022-04-09 12:51:49.674391+02
38|1649502532.406633|2022-04-09 13:08:52.406633+02|0/5830DB58|1|2|316|2|2597|0|0|2844217|0|1673956|2022-04-09 12:51:49.674391+02
39|1649502533.434531|2022-04-09 13:08:53.434531+02|0/5830DB58|1|2|316|2|2618|0|0|2844217|0|1673956|2022-04-09 12:51:49.674391+02
40|1649502534.463054|2022-04-09 13:08:54.463054+02|0/5830DB58|1|2|316|2|2641|0|0|2844217|0|1673956|2022-04-09 12:51:49.674391+02
41|1649502535.491499|2022-04-09 13:08:55.491499+02|0/5830DB58|1|2|316|2|2662|0|0|2844217|0|1673956|2022-04-09 12:51:49.674391+02
42|1649502536.519913|2022-04-09 13:08:56.519913+02|0/5830DB58|1|2|316|2|2683|0|0|2844217|0|1673956|2022-04-09 12:51:49.674391+02
43|1649502537.548517|2022-04-09 13:08:57.548517+02|0/5830DB58|1|2|316|2|2707|0|0|2844217|0|1673956|2022-04-09 12:51:49.674391+02
44|1649502538.576623|2022-04-09 13:08:58.576623+02|0/5830DB58|1|2|316|2|2728|0|0|2844217|0|1673956|2022-04-09 12:51:49.674391+02
45|1649502539.605130|2022-04-09 13:08:59.60513+02|0/5830DB58|1|2|316|2|2749|0|0|2844217|0|1673956|2022-04-09 12:51:49.674391+02
46|1649502540.633303|2022-04-09 13:09:00.633303+02|0/5830DB58|1|2|316|2|2770|0|0|2844217|0|1673956|2022-04-09 12:51:49.674391+02
47|1649502541.662027|2022-04-09 13:09:01.662027+02|0/5830DB58|1|2|316|2|2793|0|0|2844217|0|1673956|2022-04-09 12:51:49.674391+02
48|1649502542.690524|2022-04-09 13:09:02.690524+02|0/5830DB58|1|2|316|2|2814|0|0|2844217|0|1673956|2022-04-09 12:51:49.674391+02
49|1649502543.718659|2022-04-09 13:09:03.718659+02|0/5830DB58|1|2|316|2|2835|0|0|2844217|0|1673956|2022-04-09 12:51:49.674391+02
50|1649502544.746732|2022-04-09 13:09:04.746732+02|0/5830DB58|1|2|316|2|2856|0|0|2844217|0|1673956|2022-04-09 12:51:49.674391+02
51|1649502545.774855|2022-04-09 13:09:05.774855+02|0/5830DB58|1|2|316|2|2879|0|0|2844217|0|1673956|2022-04-09 12:51:49.674391+02
52|1649502546.803909|2022-04-09 13:09:06.803909+02|0/5830DB58|1|2|316|2|2900|0|0|2844217|0|1673956|2022-04-09 12:51:49.674391+02
53|1649502547.832258|2022-04-09 13:09:07.832258+02|0/5830DB58|1|2|316|2|2921|0|0|2844217|0|1673956|2022-04-09 12:51:49.674391+02
54|1649502548.861130|2022-04-09 13:09:08.86113+02|0/5830DB58|1|2|316|2|2942|0|0|2844217|0|1673956|2022-04-09 12:51:49.674391+02
55|1649502549.889204|2022-04-09 13:09:09.889204+02|0/5830DB58|1|2|316|2|2965|0|0|2844217|0|1673956|2022-04-09 12:51:49.674391+02
56|1649502550.917399|2022-04-09 13:09:10.917399+02|0/5830DB58|1|2|316|2|2986|0|0|2844217|0|1673956|2022-04-09 12:51:49.674391+02
57|1649502551.945931|2022-04-09 13:09:11.945931+02|0/5830DB58|1|2|316|2|3007|0|0|2844217|0|1673956|2022-04-09 12:51:49.674391+02
58|1649502552.974474|2022-04-09 13:09:12.974474+02|0/5830DB58|1|2|316|2|3028|0|0|2844217|0|1673956|2022-04-09 12:51:49.674391+02
59|1649502554.002687|2022-04-09 13:09:14.002687+02|0/5830DB58|1|2|316|2|3051|0|0|2844217|0|1673956|2022-04-09 12:51:49.674391+02
60|1649502555.030866|2022-04-09 13:09:15.030866+02|0/5830DB58|1|2|316|2|3072|0|0|2844217|0|1673956|2022-04-09 12:51:49.674391+02
61|1649502556.059516|2022-04-09 13:09:16.059516+02|0/5830DB58|1|2|316|2|3093|0|0|2844217|0|1673956|2022-04-09 12:51:49.674391+02
62|1649502557.088104|2022-04-09 13:09:17.088104+02|0/5830DB58|1|2|316|2|3117|0|0|2844217|0|1673956|2022-04-09 12:51:49.674391+02
63|1649502558.116782|2022-04-09 13:09:18.116782+02|0/5830DB58|1|2|316|2|3138|0|0|2844217|0|1673956|2022-04-09 12:51:49.674391+02
64|1649502559.145480|2022-04-09 13:09:19.14548+02|0/5830DB58|1|2|316|2|3159|0|0|2844217|0|1673956|2022-04-09 12:51:49.674391+02
65|1649502560.174205|2022-04-09 13:09:20.174205+02|0/5830DB58|1|2|316|2|3180|0|0|2844217|0|1673956|2022-04-09 12:51:49.674391+02
66|1649502561.202791|2022-04-09 13:09:21.202791+02|0/5830DB58|1|2|316|2|3203|0|0|2844217|0|1673956|2022-04-09 12:51:49.674391+02
67|1649502562.231533|2022-04-09 13:09:22.231533+02|0/5830DB58|1|2|316|2|3224|0|0|2844217|0|1673956|2022-04-09 12:51:49.674391+02
68|1649502563.259205|2022-04-09 13:09:23.259205+02|0/5830DB58|1|2|316|2|3245|0|0|2844217|0|1673956|2022-04-09 12:51:49.674391+02
69|1649502564.288038|2022-04-09 13:09:24.288038+02|0/5830DB58|1|2|316|2|3266|0|0|2844217|0|1673956|2022-04-09 12:51:49.674391+02
70|1649502565.316986|2022-04-09 13:09:25.316986+02|0/5830DB58|1|2|316|2|3289|0|0|2844217|0|1673956|2022-04-09 12:51:49.674391+02
71|1649502566.344972|2022-04-09 13:09:26.344972+02|0/5830DB58|1|2|316|2|3310|0|0|2844217|0|1673956|2022-04-09 12:51:49.674391+02
72|1649502567.373723|2022-04-09 13:09:27.373723+02|0/5830DB58|1|2|316|2|3331|0|0|2844217|0|1673956|2022-04-09 12:51:49.674391+02
73|1649502568.402158|2022-04-09 13:09:28.402158+02|0/5830DB58|1|2|316|2|3352|0|0|2844217|0|1673956|2022-04-09 12:51:49.674391+02
74|1649502569.430479|2022-04-09 13:09:29.430479+02|0/5830DB58|1|2|316|2|3375|0|0|2844217|0|1673956|2022-04-09 12:51:49.674391+02
75|1649502570.458969|2022-04-09 13:09:30.458969+02|0/5830DB58|1|2|316|2|3396|0|0|2844217|0|1673956|2022-04-09 12:51:49.674391+02
76|1649502571.487288|2022-04-09 13:09:31.487288+02|0/5830DB58|1|2|316|2|3417|0|0|2844217|0|1673956|2022-04-09 12:51:49.674391+02
77|1649502572.515866|2022-04-09 13:09:32.515866+02|0/5830DB58|1|2|316|2|3440|0|0|2844217|0|1673956|2022-04-09 12:51:49.674391+02
78|1649502573.544820|2022-04-09 13:09:33.54482+02|0/5830DB58|1|2|316|2|3461|0|0|2844217|0|1673956|2022-04-09 12:51:49.674391+02
79|1649502574.572864|2022-04-09 13:09:34.572864+02|0/5830DB58|1|2|316|2|3483|0|0|2844217|0|1673956|2022-04-09 12:51:49.674391+02
80|1649502575.601449|2022-04-09 13:09:35.601449+02|0/5830DB58|1|2|316|2|3504|0|0|2844217|0|1673956|2022-04-09 12:51:49.674391+02
81|1649502576.629968|2022-04-09 13:09:36.629968+02|0/5830DB58|1|2|316|2|3527|0|0|2844217|0|1673956|2022-04-09 12:51:49.674391+02
82|1649502577.657872|2022-04-09 13:09:37.657872+02|0/5830DB58|1|2|316|2|3548|0|0|2844217|0|1673956|2022-04-09 12:51:49.674391+02
83|1649502578.686262|2022-04-09 13:09:38.686262+02|0/5830DB58|1|2|316|2|3569|0|0|2844217|0|1673956|2022-04-09 12:51:49.674391+02
84|1649502579.714812|2022-04-09 13:09:39.714812+02|0/5830DB58|1|2|316|2|3590|0|0|2844217|0|1673956|2022-04-09 12:51:49.674391+02
85|1649502580.743101|2022-04-09 13:09:40.743101+02|0/5830DB58|1|2|316|2|3613|0|0|2844217|0|1673956|2022-04-09 12:51:49.674391+02
86|1649502581.770857|2022-04-09 13:09:41.770857+02|0/5830DB58|1|2|316|2|3634|0|0|2844217|0|1673956|2022-04-09 12:51:49.674391+02
87|1649502582.799323|2022-04-09 13:09:42.799323+02|0/5830DB58|1|2|316|2|3655|0|0|2844217|0|1673956|2022-04-09 12:51:49.674391+02
88|1649502583.827901|2022-04-09 13:09:43.827901+02|0/5830DB58|1|2|316|2|3676|0|0|2844217|0|1673956|2022-04-09 12:51:49.674391+02
89|1649502584.856183|2022-04-09 13:09:44.856183+02|0/5830DB58|1|2|316|2|3699|0|0|2844217|0|1673956|2022-04-09 12:51:49.674391+02
90|1649502585.883902|2022-04-09 13:09:45.883902+02|0/5830DB58|1|2|316|2|3720|0|0|2844217|0|1673956|2022-04-09 12:51:49.674391+02
91|1649502586.912584|2022-04-09 13:09:46.912584+02|0/5830DB58|1|2|316|2|3741|0|0|2844217|0|1673956|2022-04-09 12:51:49.674391+02
92|1649502587.941439|2022-04-09 13:09:47.941439+02|0/5830DB58|1|2|316|2|3764|0|0|2844217|0|1673956|2022-04-09 12:51:49.674391+02
93|1649502588.969844|2022-04-09 13:09:48.969844+02|0/5830DB58|1|2|316|2|3785|0|0|2844217|0|1673956|2022-04-09 12:51:49.674391+02
94|1649502589.998338|2022-04-09 13:09:49.998338+02|0/5830DB58|1|2|316|2|3806|0|0|2844217|0|1673956|2022-04-09 12:51:49.674391+02
95|1649502591.026717|2022-04-09 13:09:51.026717+02|0/5830DB58|1|2|316|2|3827|0|0|2844217|0|1673956|2022-04-09 12:51:49.674391+02
96|1649502592.055068|2022-04-09 13:09:52.055068+02|0/5830DB58|1|2|316|2|3851|0|0|2844217|0|1673956|2022-04-09 12:51:49.674391+02
97|1649502593.083747|2022-04-09 13:09:53.083747+02|0/5830DB58|1|2|316|2|3872|0|0|2844217|0|1673956|2022-04-09 12:51:49.674391+02
98|1649502594.112039|2022-04-09 13:09:54.112039+02|0/5830DB58|1|2|316|2|3893|0|0|2844217|0|1673956|2022-04-09 12:51:49.674391+02
99|1649502595.140415|2022-04-09 13:09:55.140415+02|0/5830DB58|1|2|316|2|3914|0|0|2844217|0|1673956|2022-04-09 12:51:49.674391+02
100|1649502596.169144|2022-04-09 13:09:56.169144+02|0/5830DB58|1|2|316|2|3937|0|0|2844217|0|1673956|2022-04-09 12:51:49.674391+02
101|1649502597.197760|2022-04-09 13:09:57.19776+02|0/5830DB58|1|2|316|2|3958|0|0|2844217|0|1673956|2022-04-09 12:51:49.674391+02
102|1649502598.226015|2022-04-09 13:09:58.226015+02|0/5830DB58|1|2|316|2|3979|0|0|2844217|0|1673956|2022-04-09 12:51:49.674391+02
103|1649502599.254601|2022-04-09 13:09:59.254601+02|0/5830DB58|1|2|316|2|4000|0|0|2844217|0|1673956|2022-04-09 12:51:49.674391+02
104|1649502600.283157|2022-04-09 13:10:00.283157+02|0/5830DB58|1|2|316|2|4023|0|0|2844217|0|1673956|2022-04-09 12:51:49.674391+02
105|1649502601.311324|2022-04-09 13:10:01.311324+02|0/5830DB58|1|2|316|2|4044|0|0|2844217|0|1673956|2022-04-09 12:51:49.674391+02
106|1649502602.340249|2022-04-09 13:10:02.340249+02|0/5830DB58|1|2|316|2|4065|0|0|2844217|0|1673956|2022-04-09 12:51:49.674391+02
107|1649502603.368951|2022-04-09 13:10:03.368951+02|0/5830DB58|1|2|316|2|4088|0|0|2844217|0|1673956|2022-04-09 12:51:49.674391+02
108|1649502604.397309|2022-04-09 13:10:04.397309+02|0/5830DB58|1|2|316|2|4109|0|0|2844217|0|1673956|2022-04-09 12:51:49.674391+02
109|1649502605.425767|2022-04-09 13:10:05.425767+02|0/5830DB58|1|2|316|2|4130|0|0|2844217|0|1673956|2022-04-09 12:51:49.674391+02
110|1649502606.454655|2022-04-09 13:10:06.454655+02|0/5830DB58|1|2|316|2|4151|0|0|2844217|0|1673956|2022-04-09 12:51:49.674391+02
111|1649502607.482474|2022-04-09 13:10:07.482474+02|0/5830DB58|1|2|316|2|4174|0|0|2844217|0|1673956|2022-04-09 12:51:49.674391+02
112|1649502608.510942|2022-04-09 13:10:08.510942+02|0/5830DB58|1|2|316|2|4195|0|0|2844217|0|1673956|2022-04-09 12:51:49.674391+02
113|1649502609.539747|2022-04-09 13:10:09.539747+02|0/5830DB58|1|2|316|2|4216|0|0|2844217|0|1673956|2022-04-09 12:51:49.674391+02
114|1649502610.567770|2022-04-09 13:10:10.56777+02|0/5830DB58|1|2|316|2|4237|0|0|2844217|0|1673956|2022-04-09 12:51:49.674391+02
115|1649502611.595987|2022-04-09 13:10:11.595987+02|0/5830DB58|1|2|316|2|4261|0|0|2844217|0|1673956|2022-04-09 12:51:49.674391+02
116|1649502612.625198|2022-04-09 13:10:12.625198+02|0/5830DB58|1|2|316|2|4282|0|0|2844217|0|1673956|2022-04-09 12:51:49.674391+02
117|1649502613.653593|2022-04-09 13:10:13.653593+02|0/5830DB58|1|2|316|2|4303|0|0|2844217|0|1673956|2022-04-09 12:51:49.674391+02
118|1649502614.681040|2022-04-09 13:10:14.68104+02|0/5830DB58|1|2|316|2|4324|0|0|2844217|0|1673956|2022-04-09 12:51:49.674391+02
119|1649502615.709038|2022-04-09 13:10:15.709038+02|0/5830DB58|1|2|316|2|4347|0|0|2844217|0|1673956|2022-04-09 12:51:49.674391+02
120|1649502616.737660|2022-04-09 13:10:16.73766+02|0/5830DB58|1|2|316|2|4368|0|0|2844217|0|1673956|2022-04-09 12:51:49.674391+02
121|1649502617.766514|2022-04-09 13:10:17.766514+02|0/5830DB58|1|2|316|2|4389|0|0|2844217|0|1673956|2022-04-09 12:51:49.674391+02
122|1649502618.794591|2022-04-09 13:10:18.794591+02|0/5830DB58|1|2|316|2|4412|0|0|2844217|0|1673956|2022-04-09 12:51:49.674391+02
123|1649502619.823005|2022-04-09 13:10:19.823005+02|0/5830DB58|1|2|316|2|4433|0|0|2844217|0|1673956|2022-04-09 12:51:49.674391+02
124|1649502620.841261|2022-04-09 13:10:20.841261+02|0/5830DB58|1|2|316|2|4444|0|0|2844217|0|1673956|2022-04-09 12:51:49.674391+02
125|1649502621.869654|2022-04-09 13:10:21.869654+02|0/5830DB58|1|2|316|2|4475|0|0|2844217|0|1673956|2022-04-09 12:51:49.674391+02
126|1649502622.897848|2022-04-09 13:10:22.897848+02|0/5830DB58|1|2|316|2|4496|0|0|2844217|0|1673956|2022-04-09 12:51:49.674391+02
127|1649502623.925709|2022-04-09 13:10:23.925709+02|0/5830DB58|1|2|316|2|4519|0|0|2844217|0|1673956|2022-04-09 12:51:49.674391+02
128|1649502624.953806|2022-04-09 13:10:24.953806+02|0/5830DB58|1|2|316|2|4540|0|0|2844217|0|1673956|2022-04-09 12:51:49.674391+02
129|1649502625.982573|2022-04-09 13:10:25.982573+02|0/5830DB58|1|2|316|2|4561|0|0|2844217|0|1673956|2022-04-09 12:51:49.674391+02
130|1649502627.011232|2022-04-09 13:10:27.011232+02|0/5830DB58|1|2|316|2|4584|0|0|2844217|0|1673956|2022-04-09 12:51:49.674391+02
131|1649502628.039549|2022-04-09 13:10:28.039549+02|0/5830DB58|1|2|316|2|4605|0|0|2844217|0|1673956|2022-04-09 12:51:49.674391+02
132|1649502629.067968|2022-04-09 13:10:29.067968+02|0/5830DB58|1|2|316|2|4626|0|0|2844217|0|1673956|2022-04-09 12:51:49.674391+02
133|1649502630.096215|2022-04-09 13:10:30.096215+02|0/5830DB58|1|2|316|2|4648|0|0|2844217|0|1673956|2022-04-09 12:51:49.674391+02
134|1649502631.123900|2022-04-09 13:10:31.1239+02|0/5830DB58|1|2|316|2|4671|0|0|2844217|0|1673956|2022-04-09 12:51:49.674391+02
135|1649502632.152484|2022-04-09 13:10:32.152484+02|0/5830DB58|1|2|316|2|4692|0|0|2844217|0|1673956|2022-04-09 12:51:49.674391+02
136|1649502633.181010|2022-04-09 13:10:33.18101+02|0/5830DB58|1|2|316|2|4713|0|0|2844217|0|1673956|2022-04-09 12:51:49.674391+02
137|1649502634.209843|2022-04-09 13:10:34.209843+02|0/5830DB58|1|2|316|2|4734|0|0|2844217|0|1673956|2022-04-09 12:51:49.674391+02
138|1649502635.238099|2022-04-09 13:10:35.238099+02|0/5830DB58|1|2|316|2|4757|0|0|2844217|0|1673956|2022-04-09 12:51:49.674391+02
139|1649502636.265875|2022-04-09 13:10:36.265875+02|0/5830DB58|1|2|316|2|4778|0|0|2844217|0|1673956|2022-04-09 12:51:49.674391+02
140|1649502637.293982|2022-04-09 13:10:37.293982+02|0/5830DB58|1|2|316|2|4799|0|0|2844217|0|1673956|2022-04-09 12:51:49.674391+02
141|1649502638.323136|2022-04-09 13:10:38.323136+02|0/5830DB58|1|2|316|2|4820|0|0|2844217|0|1673956|2022-04-09 12:51:49.674391+02
142|1649502639.351844|2022-04-09 13:10:39.351844+02|0/5830DB58|1|2|316|2|4843|0|0|2844217|0|1673956|2022-04-09 12:51:49.674391+02
143|1649502640.380054|2022-04-09 13:10:40.380054+02|0/5830DB58|1|2|316|2|4864|0|0|2844217|0|1673956|2022-04-09 12:51:49.674391+02
144|1649502641.408653|2022-04-09 13:10:41.408653+02|0/5830DB58|1|2|316|2|4885|0|0|2844217|0|1673956|2022-04-09 12:51:49.674391+02
145|1649502642.437689|2022-04-09 13:10:42.437689+02|0/5830DB58|1|2|316|2|4908|0|0|2844217|0|1673956|2022-04-09 12:51:49.674391+02
146|1649502643.466234|2022-04-09 13:10:43.466234+02|0/5830DB58|1|2|316|2|4929|0|0|2844217|0|1673956|2022-04-09 12:51:49.674391+02
147|1649502644.494538|2022-04-09 13:10:44.494538+02|0/5830DB58|1|2|316|2|4950|0|0|2844217|0|1673956|2022-04-09 12:51:49.674391+02
148|1649502645.523081|2022-04-09 13:10:45.523081+02|0/5830DB58|1|2|316|2|4971|0|0|2844217|0|1673956|2022-04-09 12:51:49.674391+02
149|1649502646.551305|2022-04-09 13:10:46.551305+02|0/5830DB58|1|2|316|2|4994|0|0|2844217|0|1673956|2022-04-09 12:51:49.674391+02
150|1649502647.578945|2022-04-09 13:10:47.578945+02|0/5830DB58|1|2|316|2|5016|0|0|2844217|0|1673956|2022-04-09 12:51:49.674391+02
151|1649502648.606923|2022-04-09 13:10:48.606923+02|0/5830DB58|1|2|316|2|5037|0|0|2844217|0|1673956|2022-04-09 12:51:49.674391+02
152|1649502649.635560|2022-04-09 13:10:49.63556+02|0/5830DB58|1|2|316|2|5058|0|0|2844217|0|1673956|2022-04-09 12:51:49.674391+02
153|1649502650.663436|2022-04-09 13:10:50.663436+02|0/5830DB58|1|2|316|2|5081|0|0|2844217|0|1673956|2022-04-09 12:51:49.674391+02
154|1649502651.692113|2022-04-09 13:10:51.692113+02|0/5830DB58|1|2|316|2|5102|0|0|2844217|0|1673956|2022-04-09 12:51:49.674391+02
155|1649502652.720393|2022-04-09 13:10:52.720393+02|0/5830DB58|1|2|316|2|5123|0|0|2844217|0|1673956|2022-04-09 12:51:49.674391+02
156|1649502653.748353|2022-04-09 13:10:53.748353+02|0/5830DB58|1|2|316|2|5144|0|0|2844217|0|1673956|2022-04-09 12:51:49.674391+02
157|1649502654.776233|2022-04-09 13:10:54.776233+02|0/5830DB58|1|2|316|2|5167|0|0|2844217|0|1673956|2022-04-09 12:51:49.674391+02
158|1649502655.804524|2022-04-09 13:10:55.804524+02|0/5830DB58|1|2|316|2|5188|0|0|2844217|0|1673956|2022-04-09 12:51:49.674391+02
159|1649502656.832409|2022-04-09 13:10:56.832409+02|0/5830DB58|1|2|316|2|5209|0|0|2844217|0|1673956|2022-04-09 12:51:49.674391+02
160|1649502657.860564|2022-04-09 13:10:57.860564+02|0/5830DB58|1|2|316|2|5230|0|0|2844217|0|1673956|2022-04-09 12:51:49.674391+02
161|1649502658.889245|2022-04-09 13:10:58.889245+02|0/5830DB58|1|2|316|2|5253|0|0|2844217|0|1673956|2022-04-09 12:51:49.674391+02
162|1649502659.917601|2022-04-09 13:10:59.917601+02|0/5830DB58|1|2|316|2|5274|0|0|2844217|0|1673956|2022-04-09 12:51:49.674391+02
163|1649502660.945942|2022-04-09 13:11:00.945942+02|0/5830DB58|1|2|316|2|5295|0|0|2844217|0|1673956|2022-04-09 12:51:49.674391+02
164|1649502661.974388|2022-04-09 13:11:01.974388+02|0/5830DB58|1|2|316|2|5318|0|0|2844217|0|1673956|2022-04-09 12:51:49.674391+02
165|1649502663.002671|2022-04-09 13:11:03.002671+02|0/5830DB58|1|2|316|2|5339|0|0|2844217|0|1673956|2022-04-09 12:51:49.674391+02
166|1649502664.031187|2022-04-09 13:11:04.031187+02|0/5830DB58|1|2|316|2|5360|0|0|2844217|0|1673956|2022-04-09 12:51:49.674391+02
167|1649502665.059985|2022-04-09 13:11:05.059985+02|0/5830DB58|1|2|316|2|5381|0|0|2844217|0|1673956|2022-04-09 12:51:49.674391+02
168|1649502666.088077|2022-04-09 13:11:06.088077+02|0/5830DB58|1|2|316|2|5405|0|0|2844217|0|1673956|2022-04-09 12:51:49.674391+02
169|1649502667.116233|2022-04-09 13:11:07.116233+02|0/5830DB58|1|2|316|2|5426|0|0|2844217|0|1673956|2022-04-09 12:51:49.674391+02
170|1649502668.144405|2022-04-09 13:11:08.144405+02|0/5830DB58|1|2|316|2|5447|0|0|2844217|0|1673956|2022-04-09 12:51:49.674391+02
171|1649502669.172093|2022-04-09 13:11:09.172093+02|0/5830DB58|1|2|316|2|5468|0|0|2844217|0|1673956|2022-04-09 12:51:49.674391+02
172|1649502670.199552|2022-04-09 13:11:10.199552+02|0/5830DB58|1|2|316|2|5491|0|0|2844217|0|1673956|2022-04-09 12:51:49.674391+02
173|1649502671.227481|2022-04-09 13:11:11.227481+02|0/5830DB58|1|2|316|2|5512|0|0|2844217|0|1673956|2022-04-09 12:51:49.674391+02
174|1649502672.256060|2022-04-09 13:11:12.25606+02|0/5830DB58|1|2|316|2|5533|0|0|2844217|0|1673956|2022-04-09 12:51:49.674391+02
175|1649502673.284329|2022-04-09 13:11:13.284329+02|0/5830DB58|1|2|316|2|5554|0|0|2844217|0|1673956|2022-04-09 12:51:49.674391+02
176|1649502674.312743|2022-04-09 13:11:14.312743+02|0/5830DB58|1|2|316|2|5577|0|0|2844217|0|1673956|2022-04-09 12:51:49.674391+02
177|1649502675.341302|2022-04-09 13:11:15.341302+02|0/5830DB58|1|2|316|2|5598|0|0|2844217|0|1673956|2022-04-09 12:51:49.674391+02
178|1649502676.369769|2022-04-09 13:11:16.369769+02|0/5830DB58|1|2|316|2|5619|0|0|2844217|0|1673956|2022-04-09 12:51:49.674391+02
179|1649502677.398110|2022-04-09 13:11:17.39811+02|0/5830DB58|1|2|316|2|5642|0|0|2844217|0|1673956|2022-04-09 12:51:49.674391+02
180|1649502678.426295|2022-04-09 13:11:18.426295+02|0/5830DB58|1|2|316|2|5663|0|0|2844217|0|1673956|2022-04-09 12:51:49.674391+02
181|1649502679.454398|2022-04-09 13:11:19.454398+02|0/5830DB58|1|2|316|2|5684|0|0|2844217|0|1673956|2022-04-09 12:51:49.674391+02
182|1649502680.472180|2022-04-09 13:11:20.47218+02|0/5830DB58|1|2|316|2|5705|0|0|2844217|0|1673956|2022-04-09 12:51:49.674391+02
183|1649502681.500137|2022-04-09 13:11:21.500137+02|0/5830DB58|1|2|316|2|5726|0|0|2844217|0|1673956|2022-04-09 12:51:49.674391+02
184|1649502682.528697|2022-04-09 13:11:22.528697+02|0/5830DB58|1|2|316|2|5749|0|0|2844217|0|1673956|2022-04-09 12:51:49.674391+02
185|1649502683.556555|2022-04-09 13:11:23.556555+02|0/5830DB58|1|2|316|2|5770|0|0|2844217|0|1673956|2022-04-09 12:51:49.674391+02
186|1649502684.584134|2022-04-09 13:11:24.584134+02|0/5830DB58|1|2|316|2|5791|0|0|2844217|0|1673956|2022-04-09 12:51:49.674391+02
187|1649502685.612497|2022-04-09 13:11:25.612497+02|0/5830DB58|1|2|316|2|5815|0|0|2844217|0|1673956|2022-04-09 12:51:49.674391+02
188|1649502686.641184|2022-04-09 13:11:26.641184+02|0/5830DB58|1|2|316|2|5836|0|0|2844217|0|1673956|2022-04-09 12:51:49.674391+02
189|1649502687.669850|2022-04-09 13:11:27.66985+02|0/5830DB58|1|2|316|2|5857|0|0|2844217|0|1673956|2022-04-09 12:51:49.674391+02
190|1649502688.697801|2022-04-09 13:11:28.697801+02|0/5830DB58|1|2|316|2|5878|0|0|2844217|0|1673956|2022-04-09 12:51:49.674391+02
191|1649502689.725933|2022-04-09 13:11:29.725933+02|0/5830DB58|1|2|316|2|5901|0|0|2844217|0|1673956|2022-04-09 12:51:49.674391+02
192|1649502690.753647|2022-04-09 13:11:30.753647+02|0/5830DB58|1|2|316|2|5922|0|0|2844217|0|1673956|2022-04-09 12:51:49.674391+02
193|1649502691.781555|2022-04-09 13:11:31.781555+02|0/5830DB58|1|2|316|2|5943|0|0|2844217|0|1673956|2022-04-09 12:51:49.674391+02
194|1649502692.809938|2022-04-09 13:11:32.809938+02|0/5830DB58|1|2|316|2|5964|0|0|2844217|0|1673956|2022-04-09 12:51:49.674391+02
195|1649502693.837983|2022-04-09 13:11:33.837983+02|0/5830DB58|1|2|316|2|5987|0|0|2844217|0|1673956|2022-04-09 12:51:49.674391+02
196|1649502694.866293|2022-04-09 13:11:34.866293+02|0/5830DB58|1|2|316|2|6008|0|0|2844217|0|1673956|2022-04-09 12:51:49.674391+02
197|1649502695.894501|2022-04-09 13:11:35.894501+02|0/5830DB58|1|2|316|2|6029|0|0|2844217|0|1673956|2022-04-09 12:51:49.674391+02
198|1649502696.923094|2022-04-09 13:11:36.923094+02|0/5830DB58|1|2|316|2|6050|0|0|2844217|0|1673956|2022-04-09 12:51:49.674391+02
199|1649502697.951840|2022-04-09 13:11:37.95184+02|0/5830DB58|1|2|316|2|6073|0|0|2844217|0|1673956|2022-04-09 12:51:49.674391+02
200|1649502698.979952|2022-04-09 13:11:38.979952+02|0/5830DB58|1|2|316|2|6094|0|0|2844217|0|1673956|2022-04-09 12:51:49.674391+02
201|1649502700.008526|2022-04-09 13:11:40.008526+02|0/5830DB58|1|2|316|2|6115|0|0|2844217|0|1673956|2022-04-09 12:51:49.674391+02
202|1649502701.036912|2022-04-09 13:11:41.036912+02|0/5830DB58|1|2|316|2|6136|0|0|2844217|0|1673956|2022-04-09 12:51:49.674391+02
203|1649502702.065121|2022-04-09 13:11:42.065121+02|0/5830DB58|1|2|316|2|6159|0|0|2844217|0|1673956|2022-04-09 12:51:49.674391+02
204|1649502703.093551|2022-04-09 13:11:43.093551+02|0/5830DB58|1|2|316|2|6181|0|0|2844217|0|1673956|2022-04-09 12:51:49.674391+02
205|1649502704.122875|2022-04-09 13:11:44.122875+02|0/5830DB58|1|2|316|2|6202|0|0|2844217|0|1673956|2022-04-09 12:51:49.674391+02
206|1649502705.151330|2022-04-09 13:11:45.15133+02|0/5830DB58|1|2|316|2|6225|0|0|2844217|0|1673956|2022-04-09 12:51:49.674391+02
207|1649502706.180084|2022-04-09 13:11:46.180084+02|0/5830DB58|1|2|316|2|6246|0|0|2844217|0|1673956|2022-04-09 12:51:49.674391+02
208|1649502707.208500|2022-04-09 13:11:47.2085+02|0/5830DB58|1|2|316|2|6267|0|0|2844217|0|1673956|2022-04-09 12:51:49.674391+02
209|1649502708.236590|2022-04-09 13:11:48.23659+02|0/5830DB58|1|2|316|2|6288|0|0|2844217|0|1673956|2022-04-09 12:51:49.674391+02
210|1649502709.264409|2022-04-09 13:11:49.264409+02|0/5830DB58|1|2|316|2|6311|0|0|2844217|0|1673956|2022-04-09 12:51:49.674391+02
211|1649502710.292193|2022-04-09 13:11:50.292193+02|0/5830DB58|1|2|316|2|6332|0|0|2844217|0|1673956|2022-04-09 12:51:49.674391+02
212|1649502711.320184|2022-04-09 13:11:51.320184+02|0/5830DB58|1|2|316|2|6353|0|0|2844217|0|1673956|2022-04-09 12:51:49.674391+02
213|1649502712.347917|2022-04-09 13:11:52.347917+02|0/5830DB58|1|2|316|2|6374|0|0|2844217|0|1673956|2022-04-09 12:51:49.674391+02
214|1649502713.376508|2022-04-09 13:11:53.376508+02|0/5830DB58|1|2|316|2|6397|0|0|2844217|0|1673956|2022-04-09 12:51:49.674391+02
215|1649502714.404303|2022-04-09 13:11:54.404303+02|0/5830DB58|1|2|316|2|6418|0|0|2844217|0|1673956|2022-04-09 12:51:49.674391+02
216|1649502715.432881|2022-04-09 13:11:55.432881+02|0/5830DB58|1|2|316|2|6439|0|0|2844217|0|1673956|2022-04-09 12:51:49.674391+02
217|1649502716.461781|2022-04-09 13:11:56.461781+02|0/5830DB58|1|2|316|2|6460|0|0|2844217|0|1673956|2022-04-09 12:51:49.674391+02
218|1649502717.489813|2022-04-09 13:11:57.489813+02|0/5830DB58|1|2|316|2|6483|0|0|2844217|0|1673956|2022-04-09 12:51:49.674391+02
219|1649502718.518244|2022-04-09 13:11:58.518244+02|0/5830DB58|1|2|316|2|6504|0|0|2844217|0|1673956|2022-04-09 12:51:49.674391+02
220|1649502719.546785|2022-04-09 13:11:59.546785+02|0/5830DB58|1|2|316|2|6525|0|0|2844217|0|1673956|2022-04-09 12:51:49.674391+02
221|1649502720.574980|2022-04-09 13:12:00.57498+02|0/5830DB58|1|2|316|2|6549|0|0|2844217|0|1673956|2022-04-09 12:51:49.674391+02
222|1649502721.603422|2022-04-09 13:12:01.603422+02|0/5830DB58|1|2|316|2|6570|0|0|2844217|0|1673956|2022-04-09 12:51:49.674391+02
223|1649502722.631958|2022-04-09 13:12:02.631958+02|0/5830DB58|1|2|316|2|6591|0|0|2844217|0|1673956|2022-04-09 12:51:49.674391+02
224|1649502723.660926|2022-04-09 13:12:03.660926+02|0/5830DB58|1|2|316|2|6612|0|0|2844217|0|1673956|2022-04-09 12:51:49.674391+02
225|1649502724.689832|2022-04-09 13:12:04.689832+02|0/5830DB58|1|2|316|2|6635|0|0|2844217|0|1673956|2022-04-09 12:51:49.674391+02
226|1649502725.718153|2022-04-09 13:12:05.718153+02|0/5830DB58|1|2|316|2|6656|0|0|2844217|0|1673956|2022-04-09 12:51:49.674391+02
227|1649502726.745679|2022-04-09 13:12:06.745679+02|0/5830DB58|1|2|316|2|6677|0|0|2844217|0|1673956|2022-04-09 12:51:49.674391+02
228|1649502727.773850|2022-04-09 13:12:07.77385+02|0/5830DB58|1|2|316|2|6698|0|0|2844217|0|1673956|2022-04-09 12:51:49.674391+02
229|1649502728.802583|2022-04-09 13:12:08.802583+02|0/5830DB58|1|2|316|2|6721|0|0|2844217|0|1673956|2022-04-09 12:51:49.674391+02
230|1649502729.831152|2022-04-09 13:12:09.831152+02|0/5830DB58|1|2|316|2|6742|0|0|2844217|0|1673956|2022-04-09 12:51:49.674391+02
231|1649502730.859779|2022-04-09 13:12:10.859779+02|0/5830DB58|1|2|316|2|6763|0|0|2844217|0|1673956|2022-04-09 12:51:49.674391+02
232|1649502731.888644|2022-04-09 13:12:11.888644+02|0/5830DB58|1|2|316|2|6784|0|0|2844217|0|1673956|2022-04-09 12:51:49.674391+02
233|1649502732.916915|2022-04-09 13:12:12.916915+02|0/5830DB58|1|2|316|2|6807|0|0|2844217|0|1673956|2022-04-09 12:51:49.674391+02
234|1649502733.944760|2022-04-09 13:12:13.94476+02|0/5830DB58|1|2|316|2|6828|0|0|2844217|0|1673956|2022-04-09 12:51:49.674391+02
235|1649502734.972957|2022-04-09 13:12:14.972957+02|0/5830DB58|1|2|316|2|6849|0|0|2844217|0|1673956|2022-04-09 12:51:49.674391+02
236|1649502736.001690|2022-04-09 13:12:16.00169+02|0/5830DB58|1|2|316|2|6872|0|0|2844217|0|1673956|2022-04-09 12:51:49.674391+02
237|1649502737.030509|2022-04-09 13:12:17.030509+02|0/5830DB58|1|2|316|2|6893|0|0|2844217|0|1673956|2022-04-09 12:51:49.674391+02
238|1649502738.059000|2022-04-09 13:12:18.059+02|0/5830DB58|1|2|316|2|6914|0|0|2844217|0|1673956|2022-04-09 12:51:49.674391+02
239|1649502739.087287|2022-04-09 13:12:19.087287+02|0/5830DB58|1|2|316|2|6935|0|0|2844217|0|1673956|2022-04-09 12:51:49.674391+02
240|1649502740.115729|2022-04-09 13:12:20.115729+02|0/5830DB58|1|2|316|2|6959|0|0|2844217|0|1673956|2022-04-09 12:51:49.674391+02
241|1649502741.143797|2022-04-09 13:12:21.143797+02|0/5830DB58|1|2|316|2|6980|0|0|2844217|0|1673956|2022-04-09 12:51:49.674391+02
242|1649502742.171353|2022-04-09 13:12:22.171353+02|0/5830DB58|1|2|316|2|7001|0|0|2844217|0|1673956|2022-04-09 12:51:49.674391+02
243|1649502743.199597|2022-04-09 13:12:23.199597+02|0/5830DB58|1|2|316|2|7022|0|0|2844217|0|1673956|2022-04-09 12:51:49.674391+02
244|1649502744.227140|2022-04-09 13:12:24.22714+02|0/5830DB58|1|2|316|2|7045|0|0|2844217|0|1673956|2022-04-09 12:51:49.674391+02
245|1649502745.255136|2022-04-09 13:12:25.255136+02|0/5830DB58|1|2|316|2|7066|0|0|2844217|0|1673956|2022-04-09 12:51:49.674391+02
246|1649502746.284243|2022-04-09 13:12:26.284243+02|0/5830DB58|1|2|316|2|7087|0|0|2844217|0|1673956|2022-04-09 12:51:49.674391+02
247|1649502747.312719|2022-04-09 13:12:27.312719+02|0/5830DB58|1|2|316|2|7108|0|0|2844217|0|1673956|2022-04-09 12:51:49.674391+02
248|1649502748.341221|2022-04-09 13:12:28.341221+02|0/5830DB58|1|2|316|2|7131|0|0|2844217|0|1673956|2022-04-09 12:51:49.674391+02
249|1649502749.369440|2022-04-09 13:12:29.36944+02|0/5830DB58|1|2|316|2|7152|0|0|2844217|0|1673956|2022-04-09 12:51:49.674391+02
250|1649502750.397094|2022-04-09 13:12:30.397094+02|0/5830DB58|1|2|316|2|7173|0|0|2844217|0|1673956|2022-04-09 12:51:49.674391+02
251|1649502751.424650|2022-04-09 13:12:31.42465+02|0/5830DB58|1|2|316|2|7194|0|0|2844217|0|1673956|2022-04-09 12:51:49.674391+02
252|1649502752.452976|2022-04-09 13:12:32.452976+02|0/5830DB58|1|2|316|2|7217|0|0|2844217|0|1673956|2022-04-09 12:51:49.674391+02
253|1649502753.481609|2022-04-09 13:12:33.481609+02|0/5830DB58|1|2|316|2|7238|0|0|2844217|0|1673956|2022-04-09 12:51:49.674391+02
254|1649502754.509760|2022-04-09 13:12:34.50976+02|0/5830DB58|1|2|316|2|7259|0|0|2844217|0|1673956|2022-04-09 12:51:49.674391+02
255|1649502755.537873|2022-04-09 13:12:35.537873+02|0/5830DB58|1|2|316|2|7282|0|0|2844217|0|1673956|2022-04-09 12:51:49.674391+02
256|1649502756.566267|2022-04-09 13:12:36.566267+02|0/5830DB58|1|2|316|2|7303|0|0|2844217|0|1673956|2022-04-09 12:51:49.674391+02
257|1649502757.594620|2022-04-09 13:12:37.59462+02|0/5830DB58|1|2|316|2|7324|0|0|2844217|0|1673956|2022-04-09 12:51:49.674391+02
258|1649502758.623788|2022-04-09 13:12:38.623788+02|0/5830DB58|1|2|316|2|7345|0|0|2844217|0|1673956|2022-04-09 12:51:49.674391+02
259|1649502759.652295|2022-04-09 13:12:39.652295+02|0/5830DB58|1|2|316|2|7369|0|0|2844217|0|1673956|2022-04-09 12:51:49.674391+02
260|1649502760.680211|2022-04-09 13:12:40.680211+02|0/5830DB58|1|2|316|2|7390|0|0|2844217|0|1673956|2022-04-09 12:51:49.674391+02
261|1649502761.707292|2022-04-09 13:12:41.707292+02|0/5830DB58|1|2|316|2|7411|0|0|2844217|0|1673956|2022-04-09 12:51:49.674391+02
262|1649502762.735687|2022-04-09 13:12:42.735687+02|0/5830DB58|1|2|316|2|7432|0|0|2844217|0|1673956|2022-04-09 12:51:49.674391+02
263|1649502763.763968|2022-04-09 13:12:43.763968+02|0/5830DB58|1|2|316|2|7455|0|0|2844217|0|1673956|2022-04-09 12:51:49.674391+02
264|1649502764.792166|2022-04-09 13:12:44.792166+02|0/5830DB58|1|2|316|2|7476|0|0|2844217|0|1673956|2022-04-09 12:51:49.674391+02
265|1649502765.820363|2022-04-09 13:12:45.820363+02|0/5830DB58|1|2|316|2|7497|0|0|2844217|0|1673956|2022-04-09 12:51:49.674391+02
266|1649502766.848632|2022-04-09 13:12:46.848632+02|0/5830DB58|1|2|316|2|7518|0|0|2844217|0|1673956|2022-04-09 12:51:49.674391+02
267|1649502767.876939|2022-04-09 13:12:47.876939+02|0/5830DB58|1|2|316|2|7541|0|0|2844217|0|1673956|2022-04-09 12:51:49.674391+02
268|1649502768.904686|2022-04-09 13:12:48.904686+02|0/5830DB58|1|2|316|2|7562|0|0|2844217|0|1673956|2022-04-09 12:51:49.674391+02
269|1649502769.933286|2022-04-09 13:12:49.933286+02|0/5830DB58|1|2|316|2|7583|0|0|2844217|0|1673956|2022-04-09 12:51:49.674391+02
270|1649502770.960888|2022-04-09 13:12:50.960888+02|0/5830DB58|1|2|316|2|7604|0|0|2844217|0|1673956|2022-04-09 12:51:49.674391+02
271|1649502771.989290|2022-04-09 13:12:51.98929+02|0/5830DB58|1|2|316|2|7627|0|0|2844217|0|1673956|2022-04-09 12:51:49.674391+02
272|1649502773.017597|2022-04-09 13:12:53.017597+02|0/5830DB58|1|2|316|2|7648|0|0|2844217|0|1673956|2022-04-09 12:51:49.674391+02
273|1649502774.046225|2022-04-09 13:12:54.046225+02|0/5830DB58|1|2|316|2|7669|0|0|2844217|0|1673956|2022-04-09 12:51:49.674391+02
274|1649502775.074885|2022-04-09 13:12:55.074885+02|0/5830DB58|1|2|316|2|7692|0|0|2844217|0|1673956|2022-04-09 12:51:49.674391+02
275|1649502776.102985|2022-04-09 13:12:56.102985+02|0/5830DB58|1|2|316|2|7713|0|0|2844217|0|1673956|2022-04-09 12:51:49.674391+02
276|1649502777.130500|2022-04-09 13:12:57.1305+02|0/5830DB58|1|2|316|2|7735|0|0|2844217|0|1673956|2022-04-09 12:51:49.674391+02
277|1649502778.158241|2022-04-09 13:12:58.158241+02|0/5830DB58|1|2|316|2|7756|0|0|2844217|0|1673956|2022-04-09 12:51:49.674391+02
278|1649502779.186799|2022-04-09 13:12:59.186799+02|0/5830DB58|1|2|316|2|7779|0|0|2844217|0|1673956|2022-04-09 12:51:49.674391+02
279|1649502780.214659|2022-04-09 13:13:00.214659+02|0/5830DB58|1|2|316|2|7800|0|0|2844217|0|1673956|2022-04-09 12:51:49.674391+02
280|1649502781.242394|2022-04-09 13:13:01.242394+02|0/5830DB58|1|2|316|2|7821|0|0|2844217|0|1673956|2022-04-09 12:51:49.674391+02
281|1649502782.270045|2022-04-09 13:13:02.270045+02|0/5830DB58|1|2|316|2|7842|0|0|2844217|0|1673956|2022-04-09 12:51:49.674391+02
282|1649502783.297780|2022-04-09 13:13:03.29778+02|0/5830DB58|1|2|316|2|7865|0|0|2844217|0|1673956|2022-04-09 12:51:49.674391+02
283|1649502784.326082|2022-04-09 13:13:04.326082+02|0/5830DB58|1|2|316|2|7886|0|0|2844217|0|1673956|2022-04-09 12:51:49.674391+02
284|1649502785.355330|2022-04-09 13:13:05.35533+02|0/5830DB58|1|2|316|2|7907|0|0|2844217|0|1673956|2022-04-09 12:51:49.674391+02
285|1649502786.384005|2022-04-09 13:13:06.384005+02|0/5830DB58|1|2|316|2|7928|0|0|2844217|0|1673956|2022-04-09 12:51:49.674391+02
286|1649502787.411773|2022-04-09 13:13:07.411773+02|0/5830DB58|1|2|316|2|7951|0|0|2844217|0|1673956|2022-04-09 12:51:49.674391+02
287|1649502788.439715|2022-04-09 13:13:08.439715+02|0/5830DB58|1|2|316|2|7972|0|0|2844217|0|1673956|2022-04-09 12:51:49.674391+02
288|1649502789.468023|2022-04-09 13:13:09.468023+02|0/5830DB58|1|2|316|2|7993|0|0|2844217|0|1673956|2022-04-09 12:51:49.674391+02
289|1649502790.496063|2022-04-09 13:13:10.496063+02|0/5830DB58|1|2|316|2|8014|0|0|2844217|0|1673956|2022-04-09 12:51:49.674391+02
290|1649502791.525077|2022-04-09 13:13:11.525077+02|0/5830DB58|1|2|316|2|8037|0|0|2844217|0|1673956|2022-04-09 12:51:49.674391+02
291|1649502792.553573|2022-04-09 13:13:12.553573+02|0/5830DB58|1|2|316|2|8058|0|0|2844217|0|1673956|2022-04-09 12:51:49.674391+02
292|1649502793.582298|2022-04-09 13:13:13.582298+02|0/5830DB58|1|2|316|2|8079|0|0|2844217|0|1673956|2022-04-09 12:51:49.674391+02
293|1649502794.610972|2022-04-09 13:13:14.610972+02|0/5830DB58|1|2|316|2|8103|0|0|2844217|0|1673956|2022-04-09 12:51:49.674391+02
294|1649502795.639501|2022-04-09 13:13:15.639501+02|0/5830DB58|1|2|316|2|8124|0|0|2844217|0|1673956|2022-04-09 12:51:49.674391+02
295|1649502796.667486|2022-04-09 13:13:16.667486+02|0/5830DB58|1|2|316|2|8145|0|0|2844217|0|1673956|2022-04-09 12:51:49.674391+02
296|1649502797.695445|2022-04-09 13:13:17.695445+02|0/5830DB58|1|2|316|2|8166|0|0|2844217|0|1673956|2022-04-09 12:51:49.674391+02
297|1649502798.723918|2022-04-09 13:13:18.723918+02|0/5830DB58|1|2|316|2|8189|0|0|2844217|0|1673956|2022-04-09 12:51:49.674391+02
298|1649502799.752033|2022-04-09 13:13:19.752033+02|0/5830DB58|1|2|316|2|8210|0|0|2844217|0|1673956|2022-04-09 12:51:49.674391+02
299|1649502800.770101|2022-04-09 13:13:20.770101+02|0/5830DB58|1|2|316|2|8224|0|0|2844217|0|1673956|2022-04-09 12:51:49.674391+02
300|1649502801.798212|2022-04-09 13:13:21.798212+02|0/5830DB58|1|2|316|2|8252|0|0|2844217|0|1673956|2022-04-09 12:51:49.674391+02
301|1649502802.826947|2022-04-09 13:13:22.826947+02|0/5830DB58|1|2|316|2|8275|0|0|2844217|0|1673956|2022-04-09 12:51:49.674391+02
302|1649502803.855516|2022-04-09 13:13:23.855516+02|0/5830DB58|1|2|316|2|8296|0|0|2844217|0|1673956|2022-04-09 12:51:49.674391+02
303|1649502804.884378|2022-04-09 13:13:24.884378+02|0/5830DB58|1|2|316|2|8317|0|0|2844217|0|1673956|2022-04-09 12:51:49.674391+02
304|1649502805.912813|2022-04-09 13:13:25.912813+02|0/5830DB58|1|2|316|2|8338|0|0|2844217|0|1673956|2022-04-09 12:51:49.674391+02
305|1649502806.941205|2022-04-09 13:13:26.941205+02|0/5830DB58|1|2|316|2|8361|0|0|2844217|0|1673956|2022-04-09 12:51:49.674391+02
306|1649502807.969426|2022-04-09 13:13:27.969426+02|0/5830DB58|1|2|316|2|8382|0|0|2844217|0|1673956|2022-04-09 12:51:49.674391+02
307|1649502808.998464|2022-04-09 13:13:28.998464+02|0/5830DB58|1|2|316|2|8403|0|0|2844217|0|1673956|2022-04-09 12:51:49.674391+02
308|1649502810.026373|2022-04-09 13:13:30.026373+02|0/5830DB58|1|2|316|2|8424|0|0|2844217|0|1673956|2022-04-09 12:51:49.674391+02
309|1649502811.055072|2022-04-09 13:13:31.055072+02|0/5830DB58|1|2|316|2|8447|0|0|2844217|0|1673956|2022-04-09 12:51:49.674391+02
310|1649502812.083009|2022-04-09 13:13:32.083009+02|0/5830DB58|1|2|316|2|8468|0|0|2844217|0|1673956|2022-04-09 12:51:49.674391+02
311|1649502813.111554|2022-04-09 13:13:33.111554+02|0/5830DB58|1|2|316|2|8489|0|0|2844217|0|1673956|2022-04-09 12:51:49.674391+02
312|1649502814.139977|2022-04-09 13:13:34.139977+02|0/5830DB58|1|2|316|2|8513|0|0|2844217|0|1673956|2022-04-09 12:51:49.674391+02
313|1649502815.167964|2022-04-09 13:13:35.167964+02|0/5830DB58|1|2|316|2|8534|0|0|2844217|0|1673956|2022-04-09 12:51:49.674391+02
314|1649502816.196080|2022-04-09 13:13:36.19608+02|0/5830DB58|1|2|316|2|8555|0|0|2844217|0|1673956|2022-04-09 12:51:49.674391+02
315|1649502817.224419|2022-04-09 13:13:37.224419+02|0/5830DB58|1|2|316|2|8576|0|0|2844217|0|1673956|2022-04-09 12:51:49.674391+02
316|1649502818.252355|2022-04-09 13:13:38.252355+02|0/5830DB58|1|2|316|2|8599|0|0|2844217|0|1673956|2022-04-09 12:51:49.674391+02
317|1649502819.280846|2022-04-09 13:13:39.280846+02|0/5830DB58|1|2|316|2|8620|0|0|2844217|0|1673956|2022-04-09 12:51:49.674391+02
318|1649502820.309283|2022-04-09 13:13:40.309283+02|0/5830DB58|1|2|316|2|8641|0|0|2844217|0|1673956|2022-04-09 12:51:49.674391+02
319|1649502821.338049|2022-04-09 13:13:41.338049+02|0/5830DB58|1|2|316|2|8662|0|0|2844217|0|1673956|2022-04-09 12:51:49.674391+02
320|1649502822.366841|2022-04-09 13:13:42.366841+02|0/5830DB58|1|2|316|2|8685|0|0|2844217|0|1673956|2022-04-09 12:51:49.674391+02
321|1649502823.395335|2022-04-09 13:13:43.395335+02|0/5830DB58|1|2|316|2|8706|0|0|2844217|0|1673956|2022-04-09 12:51:49.674391+02
322|1649502824.423994|2022-04-09 13:13:44.423994+02|0/5830DB58|1|2|316|2|8727|0|0|2844217|0|1673956|2022-04-09 12:51:49.674391+02
323|1649502825.451696|2022-04-09 13:13:45.451696+02|0/5830DB58|1|2|316|2|8748|0|0|2844217|0|1673956|2022-04-09 12:51:49.674391+02
324|1649502826.480261|2022-04-09 13:13:46.480261+02|0/5830DB58|1|2|316|2|8771|0|0|2844217|0|1673956|2022-04-09 12:51:49.674391+02
325|1649502827.509073|2022-04-09 13:13:47.509073+02|0/5830DB58|1|2|316|2|8792|0|0|2844217|0|1673956|2022-04-09 12:51:49.674391+02
326|1649502828.537860|2022-04-09 13:13:48.53786+02|0/5830DB58|1|2|316|2|8813|0|0|2844217|0|1673956|2022-04-09 12:51:49.674391+02
327|1649502829.566488|2022-04-09 13:13:49.566488+02|0/5830DB58|1|2|316|2|8834|0|0|2844217|0|1673956|2022-04-09 12:51:49.674391+02
328|1649502830.595441|2022-04-09 13:13:50.595441+02|0/5830DB58|1|2|316|2|8857|0|0|2844217|0|1673956|2022-04-09 12:51:49.674391+02
329|1649502831.624523|2022-04-09 13:13:51.624523+02|0/5830DB58|1|2|316|2|8878|0|0|2844217|0|1673956|2022-04-09 12:51:49.674391+02
330|1649502832.653534|2022-04-09 13:13:52.653534+02|0/5830DB58|1|2|316|2|8900|0|0|2844217|0|1673956|2022-04-09 12:51:49.674391+02
331|1649502833.681994|2022-04-09 13:13:53.681994+02|0/5830DB58|1|2|316|2|8923|0|0|2844217|0|1673956|2022-04-09 12:51:49.674391+02
332|1649502834.710390|2022-04-09 13:13:54.71039+02|0/5830DB58|1|2|316|2|8944|0|0|2844217|0|1673956|2022-04-09 12:51:49.674391+02
333|1649502835.739061|2022-04-09 13:13:55.739061+02|0/5830DB58|1|2|316|2|8965|0|0|2844217|0|1673956|2022-04-09 12:51:49.674391+02
334|1649502836.767684|2022-04-09 13:13:56.767684+02|0/5830DB58|1|2|316|2|8986|0|0|2844217|0|1673956|2022-04-09 12:51:49.674391+02
335|1649502837.795386|2022-04-09 13:13:57.795386+02|0/5830DB58|1|2|316|2|9009|0|0|2844217|0|1673956|2022-04-09 12:51:49.674391+02
336|1649502838.824120|2022-04-09 13:13:58.82412+02|0/5830DB58|1|2|316|2|9030|0|0|2844217|0|1673956|2022-04-09 12:51:49.674391+02
337|1649502839.852655|2022-04-09 13:13:59.852655+02|0/5830DB58|1|2|316|2|9051|0|0|2844217|0|1673956|2022-04-09 12:51:49.674391+02
338|1649502840.881830|2022-04-09 13:14:00.88183+02|0/5830DB58|1|2|316|2|9072|0|0|2844217|0|1673956|2022-04-09 12:51:49.674391+02
339|1649502841.909467|2022-04-09 13:14:01.909467+02|0/5830DB58|1|2|316|2|9095|0|0|2844217|0|1673956|2022-04-09 12:51:49.674391+02
340|1649502842.937493|2022-04-09 13:14:02.937493+02|0/5830DB58|1|2|316|2|9116|0|0|2844217|0|1673956|2022-04-09 12:51:49.674391+02
341|1649502843.965936|2022-04-09 13:14:03.965936+02|0/5830DB58|1|2|316|2|9137|0|0|2844217|0|1673956|2022-04-09 12:51:49.674391+02
342|1649502844.994224|2022-04-09 13:14:04.994224+02|0/5830DB58|1|2|316|2|9160|0|0|2844217|0|1673956|2022-04-09 12:51:49.674391+02
343|1649502846.022369|2022-04-09 13:14:06.022369+02|0/5830DB58|1|2|316|2|9181|0|0|2844217|0|1673956|2022-04-09 12:51:49.674391+02
344|1649502847.050531|2022-04-09 13:14:07.050531+02|0/5830DB58|1|2|316|2|9202|0|0|2844217|0|1673956|2022-04-09 12:51:49.674391+02
345|1649502848.078336|2022-04-09 13:14:08.078336+02|0/5830DB58|1|2|316|2|9223|0|0|2844217|0|1673956|2022-04-09 12:51:49.674391+02
346|1649502849.106587|2022-04-09 13:14:09.106587+02|0/5830DB58|1|2|316|2|9246|0|0|2844217|0|1673956|2022-04-09 12:51:49.674391+02
347|1649502850.134662|2022-04-09 13:14:10.134662+02|0/5830DB58|1|2|316|2|9268|0|0|2844217|0|1673956|2022-04-09 12:51:49.674391+02
348|1649502851.162803|2022-04-09 13:14:11.162803+02|0/5830DB58|1|2|316|2|9289|0|0|2844217|0|1673956|2022-04-09 12:51:49.674391+02
349|1649502852.191630|2022-04-09 13:14:12.19163+02|0/5830DB58|1|2|316|2|9310|0|0|2844217|0|1673956|2022-04-09 12:51:49.674391+02
350|1649502853.219644|2022-04-09 13:14:13.219644+02|0/5830DB58|1|2|316|2|9333|0|0|2844217|0|1673956|2022-04-09 12:51:49.674391+02
351|1649502854.247888|2022-04-09 13:14:14.247888+02|0/5830DB58|1|2|316|2|9354|0|0|2844217|0|1673956|2022-04-09 12:51:49.674391+02
352|1649502855.275990|2022-04-09 13:14:15.27599+02|0/5830DB58|1|2|316|2|9375|0|0|2844217|0|1673956|2022-04-09 12:51:49.674391+02
353|1649502856.303578|2022-04-09 13:14:16.303578+02|0/5830DB58|1|2|316|2|9396|0|0|2844217|0|1673956|2022-04-09 12:51:49.674391+02
354|1649502857.332059|2022-04-09 13:14:17.332059+02|0/5830DB58|1|2|316|2|9419|0|0|2844217|0|1673956|2022-04-09 12:51:49.674391+02
355|1649502858.360670|2022-04-09 13:14:18.36067+02|0/5830DB58|1|2|316|2|9440|0|0|2844217|0|1673956|2022-04-09 12:51:49.674391+02
356|1649502859.388640|2022-04-09 13:14:19.38864+02|0/5830DB58|1|2|316|2|9461|0|0|2844217|0|1673956|2022-04-09 12:51:49.674391+02
357|1649502860.417596|2022-04-09 13:14:20.417596+02|0/5830DB58|1|2|316|2|9482|0|0|2844217|0|1673956|2022-04-09 12:51:49.674391+02
358|1649502861.446055|2022-04-09 13:14:21.446055+02|0/5830DB58|1|2|316|2|9505|0|0|2844217|0|1673956|2022-04-09 12:51:49.674391+02
359|1649502862.474385|2022-04-09 13:14:22.474385+02|0/5830DB58|1|2|316|2|9526|0|0|2844217|0|1673956|2022-04-09 12:51:49.674391+02
360|1649502863.502649|2022-04-09 13:14:23.502649+02|0/5830DB58|1|2|316|2|9547|0|0|2844217|0|1673956|2022-04-09 12:51:49.674391+02
361|1649502864.531192|2022-04-09 13:14:24.531192+02|0/5830DB58|1|2|316|2|9570|0|0|2844217|0|1673956|2022-04-09 12:51:49.674391+02
362|1649502865.559362|2022-04-09 13:14:25.559362+02|0/5830DB58|1|2|316|2|9591|0|0|2844217|0|1673956|2022-04-09 12:51:49.674391+02
363|1649502866.587829|2022-04-09 13:14:26.587829+02|0/5830DB58|1|2|316|2|9612|0|0|2844217|0|1673956|2022-04-09 12:51:49.674391+02
364|1649502867.615374|2022-04-09 13:14:27.615374+02|0/5830DB58|1|2|316|2|9633|0|0|2844217|0|1673956|2022-04-09 12:51:49.674391+02
365|1649502868.643620|2022-04-09 13:14:28.64362+02|0/5830DB58|1|2|316|2|9657|0|0|2844217|0|1673956|2022-04-09 12:51:49.674391+02
366|1649502869.671785|2022-04-09 13:14:29.671785+02|0/5830DB58|1|2|316|2|9678|0|0|2844217|0|1673956|2022-04-09 12:51:49.674391+02
367|1649502870.700251|2022-04-09 13:14:30.700251+02|0/5830DB58|1|2|316|2|9699|0|0|2844217|0|1673956|2022-04-09 12:51:49.674391+02
368|1649502871.728664|2022-04-09 13:14:31.728664+02|0/5830DB58|1|2|316|2|9720|0|0|2844217|0|1673956|2022-04-09 12:51:49.674391+02
369|1649502872.757331|2022-04-09 13:14:32.757331+02|0/5830DB58|1|2|316|2|9743|0|0|2844217|0|1673956|2022-04-09 12:51:49.674391+02
370|1649502873.785922|2022-04-09 13:14:33.785922+02|0/5830DB58|1|2|316|2|9764|0|0|2844217|0|1673956|2022-04-09 12:51:49.674391+02
371|1649502874.814278|2022-04-09 13:14:34.814278+02|0/5830DB58|1|2|316|2|9785|0|0|2844217|0|1673956|2022-04-09 12:51:49.674391+02
372|1649502875.841670|2022-04-09 13:14:35.84167+02|0/5830DB58|1|2|316|2|9806|0|0|2844217|0|1673956|2022-04-09 12:51:49.674391+02
373|1649502876.869685|2022-04-09 13:14:36.869685+02|0/5830DB58|1|2|316|2|9829|0|0|2844217|0|1673956|2022-04-09 12:51:49.674391+02
374|1649502877.897843|2022-04-09 13:14:37.897843+02|0/5830DB58|1|2|316|2|9850|0|0|2844217|0|1673956|2022-04-09 12:51:49.674391+02
375|1649502878.926621|2022-04-09 13:14:38.926621+02|0/5830DB58|1|2|316|2|9871|0|0|2844217|0|1673956|2022-04-09 12:51:49.674391+02
376|1649502879.954525|2022-04-09 13:14:39.954525+02|0/5830DB58|1|2|316|2|9892|0|0|2844217|0|1673956|2022-04-09 12:51:49.674391+02
377|1649502880.982266|2022-04-09 13:14:40.982266+02|0/5830DB58|1|2|316|2|9915|0|0|2844217|0|1673956|2022-04-09 12:51:49.674391+02
378|1649502882.010685|2022-04-09 13:14:42.010685+02|0/5830DB58|1|2|316|2|9936|0|0|2844217|0|1673956|2022-04-09 12:51:49.674391+02
379|1649502883.038840|2022-04-09 13:14:43.03884+02|0/5830DB58|1|2|316|2|9957|0|0|2844217|0|1673956|2022-04-09 12:51:49.674391+02
380|1649502884.067331|2022-04-09 13:14:44.067331+02|0/5830DB58|1|2|316|2|9980|0|0|2844217|0|1673956|2022-04-09 12:51:49.674391+02
381|1649502885.095989|2022-04-09 13:14:45.095989+02|0/5830DB58|1|2|316|2|10001|0|0|2844217|0|1673956|2022-04-09 12:51:49.674391+02
382|1649502886.124208|2022-04-09 13:14:46.124208+02|0/5830DB58|1|2|316|2|10022|0|0|2844217|0|1673956|2022-04-09 12:51:49.674391+02
383|1649502887.153672|2022-04-09 13:14:47.153672+02|0/5830DB58|1|2|316|2|10043|0|0|2844217|0|1673956|2022-04-09 12:51:49.674391+02
384|1649502888.182321|2022-04-09 13:14:48.182321+02|0/5830DB58|1|2|316|2|10067|0|0|2844217|0|1673956|2022-04-09 12:51:49.674391+02
385|1649502889.210832|2022-04-09 13:14:49.210832+02|0/5830DB58|1|2|316|2|10088|0|0|2844217|0|1673956|2022-04-09 12:51:49.674391+02
386|1649502890.239442|2022-04-09 13:14:50.239442+02|0/5830DB58|1|2|316|2|10109|0|0|2844217|0|1673956|2022-04-09 12:51:49.674391+02
387|1649502891.268222|2022-04-09 13:14:51.268222+02|0/5830DB58|1|2|316|2|10130|0|0|2844217|0|1673956|2022-04-09 12:51:49.674391+02
388|1649502892.296408|2022-04-09 13:14:52.296408+02|0/5830DB58|1|2|316|2|10153|0|0|2844217|0|1673956|2022-04-09 12:51:49.674391+02
389|1649502893.324511|2022-04-09 13:14:53.324511+02|0/5830DB58|1|2|316|2|10174|0|0|2844217|0|1673956|2022-04-09 12:51:49.674391+02
390|1649502894.352690|2022-04-09 13:14:54.35269+02|0/5830DB58|1|2|316|2|10195|0|0|2844217|0|1673956|2022-04-09 12:51:49.674391+02
391|1649502895.381318|2022-04-09 13:14:55.381318+02|0/5830DB58|1|2|316|2|10216|0|0|2844217|0|1673956|2022-04-09 12:51:49.674391+02
392|1649502896.409832|2022-04-09 13:14:56.409832+02|0/5830DB58|1|2|316|2|10239|0|0|2844217|0|1673956|2022-04-09 12:51:49.674391+02
393|1649502897.438682|2022-04-09 13:14:57.438682+02|0/5830DB58|1|2|316|2|10260|0|0|2844217|0|1673956|2022-04-09 12:51:49.674391+02
394|1649502898.466887|2022-04-09 13:14:58.466887+02|0/5830DB58|1|2|316|2|10281|0|0|2844217|0|1673956|2022-04-09 12:51:49.674391+02
395|1649502899.495066|2022-04-09 13:14:59.495066+02|0/5830DB58|1|2|316|2|10304|0|0|2844217|0|1673956|2022-04-09 12:51:49.674391+02
396|1649502900.523416|2022-04-09 13:15:00.523416+02|0/5830DB58|1|2|316|2|10325|0|0|2844217|0|1673956|2022-04-09 12:51:49.674391+02
397|1649502901.552078|2022-04-09 13:15:01.552078+02|0/5830DB58|1|2|316|2|10346|0|0|2844217|0|1673956|2022-04-09 12:51:49.674391+02
398|1649502902.579797|2022-04-09 13:15:02.579797+02|0/5830DB58|1|2|316|2|10367|0|0|2844217|0|1673956|2022-04-09 12:51:49.674391+02
399|1649502903.608636|2022-04-09 13:15:03.608636+02|0/5830DB58|1|2|316|2|10390|0|0|2844217|0|1673956|2022-04-09 12:51:49.674391+02
400|1649502904.637397|2022-04-09 13:15:04.637397+02|0/5830DB58|1|2|316|2|10411|0|0|2844217|0|1673956|2022-04-09 12:51:49.674391+02
401|1649502905.665473|2022-04-09 13:15:05.665473+02|0/5830DB58|1|2|316|2|10433|0|0|2844217|0|1673956|2022-04-09 12:51:49.674391+02
402|1649502906.693629|2022-04-09 13:15:06.693629+02|0/5830DB58|1|2|316|2|10454|0|0|2844217|0|1673956|2022-04-09 12:51:49.674391+02
403|1649502907.722238|2022-04-09 13:15:07.722238+02|0/5830DB58|1|2|316|2|10477|0|0|2844217|0|1673956|2022-04-09 12:51:49.674391+02
404|1649502908.750779|2022-04-09 13:15:08.750779+02|0/5830DB58|1|2|316|2|10498|0|0|2844217|0|1673956|2022-04-09 12:51:49.674391+02
405|1649502909.778751|2022-04-09 13:15:09.778751+02|0/5830DB58|1|2|316|2|10519|0|0|2844217|0|1673956|2022-04-09 12:51:49.674391+02
406|1649502910.806472|2022-04-09 13:15:10.806472+02|0/5830DB58|1|2|316|2|10540|0|0|2844217|0|1673956|2022-04-09 12:51:49.674391+02
407|1649502911.834296|2022-04-09 13:15:11.834296+02|0/5830DB58|1|2|316|2|10563|0|0|2844217|0|1673956|2022-04-09 12:51:49.674391+02
408|1649502912.862481|2022-04-09 13:15:12.862481+02|0/5830DB58|1|2|316|2|10584|0|0|2844217|0|1673956|2022-04-09 12:51:49.674391+02
409|1649502913.890322|2022-04-09 13:15:13.890322+02|0/5830DB58|1|2|316|2|10605|0|0|2844217|0|1673956|2022-04-09 12:51:49.674391+02
410|1649502914.918799|2022-04-09 13:15:14.918799+02|0/5830DB58|1|2|316|2|10628|0|0|2844217|0|1673956|2022-04-09 12:51:49.674391+02
411|1649502915.947430|2022-04-09 13:15:15.94743+02|0/5830DB58|1|2|316|2|10649|0|0|2844217|0|1673956|2022-04-09 12:51:49.674391+02
412|1649502916.976268|2022-04-09 13:15:16.976268+02|0/5830DB58|1|2|316|2|10670|0|0|2844217|0|1673956|2022-04-09 12:51:49.674391+02
413|1649502918.004759|2022-04-09 13:15:18.004759+02|0/5830DB58|1|2|316|2|10691|0|0|2844217|0|1673956|2022-04-09 12:51:49.674391+02
414|1649502919.033433|2022-04-09 13:15:19.033433+02|0/5830DB58|1|2|316|2|10714|0|0|2844217|0|1673956|2022-04-09 12:51:49.674391+02
415|1649502920.061919|2022-04-09 13:15:20.061919+02|0/5830DB58|1|2|316|2|10735|0|0|2844217|0|1673956|2022-04-09 12:51:49.674391+02
416|1649502921.089771|2022-04-09 13:15:21.089771+02|0/5830DB58|1|2|316|2|10756|0|0|2844217|0|1673956|2022-04-09 12:51:49.674391+02
417|1649502922.118209|2022-04-09 13:15:22.118209+02|0/5830DB58|1|2|316|2|10777|0|0|2844217|0|1673956|2022-04-09 12:51:49.674391+02
418|1649502923.146748|2022-04-09 13:15:23.146748+02|0/5830DB58|1|2|316|2|10801|0|0|2844217|0|1673956|2022-04-09 12:51:49.674391+02
419|1649502924.175220|2022-04-09 13:15:24.17522+02|0/5830DB58|1|2|316|2|10822|0|0|2844217|0|1673956|2022-04-09 12:51:49.674391+02
420|1649502925.204295|2022-04-09 13:15:25.204295+02|0/5830DB58|1|2|316|2|10843|0|0|2844217|0|1673956|2022-04-09 12:51:49.674391+02
421|1649502926.232893|2022-04-09 13:15:26.232893+02|0/5830DB58|1|2|316|2|10864|0|0|2844217|0|1673956|2022-04-09 12:51:49.674391+02
422|1649502927.260436|2022-04-09 13:15:27.260436+02|0/5830DB58|1|2|316|2|10887|0|0|2844217|0|1673956|2022-04-09 12:51:49.674391+02
423|1649502928.288924|2022-04-09 13:15:28.288924+02|0/5830DB58|1|2|316|2|10908|0|0|2844217|0|1673956|2022-04-09 12:51:49.674391+02
424|1649502929.317262|2022-04-09 13:15:29.317262+02|0/5830DB58|1|2|316|2|10929|0|0|2844217|0|1673956|2022-04-09 12:51:49.674391+02
425|1649502930.345641|2022-04-09 13:15:30.345641+02|0/5830DB58|1|2|316|2|10952|0|0|2844217|0|1673956|2022-04-09 12:51:49.674391+02
426|1649502931.373700|2022-04-09 13:15:31.3737+02|0/5830DB58|1|2|316|2|10973|0|0|2844217|0|1673956|2022-04-09 12:51:49.674391+02
427|1649502932.401883|2022-04-09 13:15:32.401883+02|0/5830DB58|1|2|316|2|10994|0|0|2844217|0|1673956|2022-04-09 12:51:49.674391+02
428|1649502933.429832|2022-04-09 13:15:33.429832+02|0/5830DB58|1|2|316|2|11015|0|0|2844217|0|1673956|2022-04-09 12:51:49.674391+02
429|1649502934.458835|2022-04-09 13:15:34.458835+02|0/5830DB58|1|2|316|2|11038|0|0|2844217|0|1673956|2022-04-09 12:51:49.674391+02
430|1649502935.487156|2022-04-09 13:15:35.487156+02|0/5830DB58|1|2|316|2|11059|0|0|2844217|0|1673956|2022-04-09 12:51:49.674391+02
431|1649502936.516216|2022-04-09 13:15:36.516216+02|0/5830DB58|1|2|316|2|11080|0|0|2844217|0|1673956|2022-04-09 12:51:49.674391+02
432|1649502937.544959|2022-04-09 13:15:37.544959+02|0/5830DB58|1|2|316|2|11101|0|0|2844217|0|1673956|2022-04-09 12:51:49.674391+02
433|1649502938.573422|2022-04-09 13:15:38.573422+02|0/5830DB58|1|2|316|2|11124|0|0|2844217|0|1673956|2022-04-09 12:51:49.674391+02
434|1649502939.601590|2022-04-09 13:15:39.60159+02|0/5830DB58|1|2|316|2|11145|0|0|2844217|0|1673956|2022-04-09 12:51:49.674391+02
435|1649502940.629909|2022-04-09 13:15:40.629909+02|0/5830DB58|1|2|316|2|11166|0|0|2844217|0|1673956|2022-04-09 12:51:49.674391+02
436|1649502941.658512|2022-04-09 13:15:41.658512+02|0/5830DB58|1|2|316|2|11187|0|0|2844217|0|1673956|2022-04-09 12:51:49.674391+02
437|1649502942.686929|2022-04-09 13:15:42.686929+02|0/5830DB58|1|2|316|2|11211|0|0|2844217|0|1673956|2022-04-09 12:51:49.674391+02
438|1649502943.714897|2022-04-09 13:15:43.714897+02|0/5830DB58|1|2|316|2|11232|0|0|2844217|0|1673956|2022-04-09 12:51:49.674391+02
439|1649502944.742959|2022-04-09 13:15:44.742959+02|0/5830DB58|1|2|316|2|11253|0|0|2844217|0|1673956|2022-04-09 12:51:49.674391+02
440|1649502945.771105|2022-04-09 13:15:45.771105+02|0/5830DB58|1|2|316|2|11274|0|0|2844217|0|1673956|2022-04-09 12:51:49.674391+02
441|1649502946.799391|2022-04-09 13:15:46.799391+02|0/5830DB58|1|2|316|2|11297|0|0|2844217|0|1673956|2022-04-09 12:51:49.674391+02
442|1649502947.827980|2022-04-09 13:15:47.82798+02|0/5830DB58|1|2|316|2|11318|0|0|2844217|0|1673956|2022-04-09 12:51:49.674391+02
443|1649502948.856550|2022-04-09 13:15:48.85655+02|0/5830DB58|1|2|316|2|11339|0|0|2844217|0|1673956|2022-04-09 12:51:49.674391+02
444|1649502949.884946|2022-04-09 13:15:49.884946+02|0/5830DB58|1|2|316|2|11362|0|0|2844217|0|1673956|2022-04-09 12:51:49.674391+02
445|1649502950.913720|2022-04-09 13:15:50.91372+02|0/5830DB58|1|2|316|2|11383|0|0|2844217|0|1673956|2022-04-09 12:51:49.674391+02
446|1649502951.942006|2022-04-09 13:15:51.942006+02|0/5830DB58|1|2|316|2|11404|0|0|2844217|0|1673956|2022-04-09 12:51:49.674391+02
447|1649502952.970289|2022-04-09 13:15:52.970289+02|0/5830DB58|1|2|316|2|11425|0|0|2844217|0|1673956|2022-04-09 12:51:49.674391+02
448|1649502953.998555|2022-04-09 13:15:53.998555+02|0/5830DB58|1|2|316|2|11448|0|0|2844217|0|1673956|2022-04-09 12:51:49.674391+02
449|1649502955.027335|2022-04-09 13:15:55.027335+02|0/5830DB58|1|2|316|2|11469|0|0|2844217|0|1673956|2022-04-09 12:51:49.674391+02
450|1649502956.055663|2022-04-09 13:15:56.055663+02|0/5830DB58|1|2|316|2|11490|0|0|2844217|0|1673956|2022-04-09 12:51:49.674391+02
451|1649502957.084476|2022-04-09 13:15:57.084476+02|0/5830DB58|1|2|316|2|11511|0|0|2844217|0|1673956|2022-04-09 12:51:49.674391+02
452|1649502958.113143|2022-04-09 13:15:58.113143+02|0/5830DB58|1|2|316|2|11534|0|0|2844217|0|1673956|2022-04-09 12:51:49.674391+02
453|1649502959.141262|2022-04-09 13:15:59.141262+02|0/5830DB58|1|2|316|2|11555|0|0|2844217|0|1673956|2022-04-09 12:51:49.674391+02
454|1649502960.168935|2022-04-09 13:16:00.168935+02|0/5830DB58|1|2|316|2|11576|0|0|2844217|0|1673956|2022-04-09 12:51:49.674391+02
455|1649502961.197405|2022-04-09 13:16:01.197405+02|0/5830DB58|1|2|316|2|11598|0|0|2844217|0|1673956|2022-04-09 12:51:49.674391+02
456|1649502962.225799|2022-04-09 13:16:02.225799+02|0/5830DB58|1|2|316|2|11621|0|0|2844217|0|1673956|2022-04-09 12:51:49.674391+02
457|1649502963.254172|2022-04-09 13:16:03.254172+02|0/5830DB58|1|2|316|2|11642|0|0|2844217|0|1673956|2022-04-09 12:51:49.674391+02
458|1649502964.282106|2022-04-09 13:16:04.282106+02|0/5830DB58|1|2|316|2|11663|0|0|2844217|0|1673956|2022-04-09 12:51:49.674391+02
459|1649502965.310479|2022-04-09 13:16:05.310479+02|0/5830DB58|1|2|316|2|11686|0|0|2844217|0|1673956|2022-04-09 12:51:49.674391+02
460|1649502966.339386|2022-04-09 13:16:06.339386+02|0/5830DB58|1|2|316|2|11707|0|0|2844217|0|1673956|2022-04-09 12:51:49.674391+02
461|1649502967.367628|2022-04-09 13:16:07.367628+02|0/5830DB58|1|2|316|2|11728|0|0|2844217|0|1673956|2022-04-09 12:51:49.674391+02
462|1649502968.395740|2022-04-09 13:16:08.39574+02|0/5830DB58|1|2|316|2|11749|0|0|2844217|0|1673956|2022-04-09 12:51:49.674391+02
463|1649502969.423383|2022-04-09 13:16:09.423383+02|0/5830DB58|1|2|316|2|11772|0|0|2844217|0|1673956|2022-04-09 12:51:49.674391+02
464|1649502970.451738|2022-04-09 13:16:10.451738+02|0/5830DB58|1|2|316|2|11793|0|0|2844217|0|1673956|2022-04-09 12:51:49.674391+02
465|1649502971.479653|2022-04-09 13:16:11.479653+02|0/5830DB58|1|2|316|2|11814|0|0|2844217|0|1673956|2022-04-09 12:51:49.674391+02
466|1649502972.507812|2022-04-09 13:16:12.507812+02|0/5830DB58|1|2|316|2|11835|0|0|2844217|0|1673956|2022-04-09 12:51:49.674391+02
467|1649502973.536232|2022-04-09 13:16:13.536232+02|0/5830DB58|1|2|316|2|11858|0|0|2844217|0|1673956|2022-04-09 12:51:49.674391+02
468|1649502974.565096|2022-04-09 13:16:14.565096+02|0/5830DB58|1|2|316|2|11879|0|0|2844217|0|1673956|2022-04-09 12:51:49.674391+02
469|1649502975.593293|2022-04-09 13:16:15.593293+02|0/5830DB58|1|2|316|2|11900|0|0|2844217|0|1673956|2022-04-09 12:51:49.674391+02
470|1649502976.621051|2022-04-09 13:16:16.621051+02|0/5830DB58|1|2|316|2|11921|0|0|2844217|0|1673956|2022-04-09 12:51:49.674391+02
471|1649502977.649051|2022-04-09 13:16:17.649051+02|0/5830DB58|1|2|316|2|11944|0|0|2844217|0|1673956|2022-04-09 12:51:49.674391+02
472|1649502978.677831|2022-04-09 13:16:18.677831+02|0/5830DB58|1|2|316|2|11966|0|0|2844217|0|1673956|2022-04-09 12:51:49.674391+02
473|1649502979.706616|2022-04-09 13:16:19.706616+02|0/5830DB58|1|2|316|2|11987|0|0|2844217|0|1673956|2022-04-09 12:51:49.674391+02
474|1649502980.724509|2022-04-09 13:16:20.724509+02|0/5830DB58|1|2|316|2|12005|0|0|2844217|0|1673956|2022-04-09 12:51:49.674391+02
475|1649502981.752860|2022-04-09 13:16:21.75286+02|0/5830DB58|1|2|316|2|12031|0|0|2844217|0|1673956|2022-04-09 12:51:49.674391+02
476|1649502982.780835|2022-04-09 13:16:22.780835+02|0/5830DB58|1|2|316|2|12052|0|0|2844217|0|1673956|2022-04-09 12:51:49.674391+02
477|1649502983.809090|2022-04-09 13:16:23.80909+02|0/5830DB58|1|2|316|2|12073|0|0|2844217|0|1673956|2022-04-09 12:51:49.674391+02
478|1649502984.837407|2022-04-09 13:16:24.837407+02|0/5830DB58|1|2|316|2|12094|0|0|2844217|0|1673956|2022-04-09 12:51:49.674391+02
479|1649502985.865682|2022-04-09 13:16:25.865682+02|0/5830DB58|1|2|316|2|12117|0|0|2844217|0|1673956|2022-04-09 12:51:49.674391+02
480|1649502986.893848|2022-04-09 13:16:26.893848+02|0/5830DB58|1|2|316|2|12138|0|0|2844217|0|1673956|2022-04-09 12:51:49.674391+02
481|1649502987.921990|2022-04-09 13:16:27.92199+02|0/5830DB58|1|2|316|2|12159|0|0|2844217|0|1673956|2022-04-09 12:51:49.674391+02
482|1649502988.950708|2022-04-09 13:16:28.950708+02|0/5830DB58|1|2|316|2|12182|0|0|2844217|0|1673956|2022-04-09 12:51:49.674391+02
483|1649502989.979095|2022-04-09 13:16:29.979095+02|0/5830DB58|1|2|316|2|12203|0|0|2844217|0|1673956|2022-04-09 12:51:49.674391+02
484|1649502991.007375|2022-04-09 13:16:31.007375+02|0/5830DB58|1|2|316|2|12224|0|0|2844217|0|1673956|2022-04-09 12:51:49.674391+02
485|1649502992.035771|2022-04-09 13:16:32.035771+02|0/5830DB58|1|2|316|2|12245|0|0|2844217|0|1673956|2022-04-09 12:51:49.674391+02
486|1649502993.064254|2022-04-09 13:16:33.064254+02|0/5830DB58|1|2|316|2|12268|0|0|2844217|0|1673956|2022-04-09 12:51:49.674391+02
487|1649502994.092390|2022-04-09 13:16:34.09239+02|0/5830DB58|1|2|316|2|12289|0|0|2844217|0|1673956|2022-04-09 12:51:49.674391+02
488|1649502995.120327|2022-04-09 13:16:35.120327+02|0/5830DB58|1|2|316|2|12310|0|0|2844217|0|1673956|2022-04-09 12:51:49.674391+02
489|1649502996.148699|2022-04-09 13:16:36.148699+02|0/5830DB58|1|2|316|2|12331|0|0|2844217|0|1673956|2022-04-09 12:51:49.674391+02
490|1649502997.177174|2022-04-09 13:16:37.177174+02|0/5830DB58|1|2|316|2|12355|0|0|2844217|0|1673956|2022-04-09 12:51:49.674391+02
491|1649502998.205423|2022-04-09 13:16:38.205423+02|0/5830DB58|1|2|316|2|12376|0|0|2844217|0|1673956|2022-04-09 12:51:49.674391+02
492|1649502999.233881|2022-04-09 13:16:39.233881+02|0/5830DB58|1|2|316|2|12397|0|0|2844217|0|1673956|2022-04-09 12:51:49.674391+02
493|1649503000.262203|2022-04-09 13:16:40.262203+02|0/5830DB58|1|2|316|2|12418|0|0|2844217|0|1673956|2022-04-09 12:51:49.674391+02
494|1649503001.291122|2022-04-09 13:16:41.291122+02|0/5830DB58|1|2|316|2|12441|0|0|2844217|0|1673956|2022-04-09 12:51:49.674391+02
495|1649503002.319593|2022-04-09 13:16:42.319593+02|0/5830DB58|1|2|316|2|12462|0|0|2844217|0|1673956|2022-04-09 12:51:49.674391+02
496|1649503003.347580|2022-04-09 13:16:43.34758+02|0/5830DB58|1|2|316|2|12483|0|0|2844217|0|1673956|2022-04-09 12:51:49.674391+02
497|1649503004.375526|2022-04-09 13:16:44.375526+02|0/5830DB58|1|2|316|2|12504|0|0|2844217|0|1673956|2022-04-09 12:51:49.674391+02
498|1649503005.404003|2022-04-09 13:16:45.404003+02|0/5830DB58|1|2|316|2|12527|0|0|2844217|0|1673956|2022-04-09 12:51:49.674391+02
499|1649503006.431844|2022-04-09 13:16:46.431844+02|0/5830DB58|1|2|316|2|12548|0|0|2844217|0|1673956|2022-04-09 12:51:49.674391+02
500|1649503007.459925|2022-04-09 13:16:47.459925+02|0/5830DB58|1|2|316|2|12569|0|0|2844217|0|1673956|2022-04-09 12:51:49.674391+02
501|1649503008.487915|2022-04-09 13:16:48.487915+02|0/5830DB58|1|2|316|2|12592|0|0|2844217|0|1673956|2022-04-09 12:51:49.674391+02
502|1649503009.516515|2022-04-09 13:16:49.516515+02|0/5830DB58|1|2|316|2|12613|0|0|2844217|0|1673956|2022-04-09 12:51:49.674391+02
503|1649503010.544569|2022-04-09 13:16:50.544569+02|0/5830DB58|1|2|316|2|12634|0|0|2844217|0|1673956|2022-04-09 12:51:49.674391+02
504|1649503011.572297|2022-04-09 13:16:51.572297+02|0/5830DB58|1|2|316|2|12655|0|0|2844217|0|1673956|2022-04-09 12:51:49.674391+02
505|1649503012.600494|2022-04-09 13:16:52.600494+02|0/5830DB58|1|2|316|2|12678|0|0|2844217|0|1673956|2022-04-09 12:51:49.674391+02
506|1649503013.629189|2022-04-09 13:16:53.629189+02|0/5830DB58|1|2|316|2|12699|0|0|2844217|0|1673956|2022-04-09 12:51:49.674391+02
507|1649503014.657691|2022-04-09 13:16:54.657691+02|0/5830DB58|1|2|316|2|12720|0|0|2844217|0|1673956|2022-04-09 12:51:49.674391+02
508|1649503015.686950|2022-04-09 13:16:55.68695+02|0/5830DB58|1|2|316|2|12741|0|0|2844217|0|1673956|2022-04-09 12:51:49.674391+02
509|1649503016.714850|2022-04-09 13:16:56.71485+02|0/5830DB58|1|2|316|2|12765|0|0|2844217|0|1673956|2022-04-09 12:51:49.674391+02
510|1649503017.743434|2022-04-09 13:16:57.743434+02|0/5830DB58|1|2|316|2|12786|0|0|2844217|0|1673956|2022-04-09 12:51:49.674391+02
511|1649503018.771198|2022-04-09 13:16:58.771198+02|0/5830DB58|1|2|316|2|12807|0|0|2844217|0|1673956|2022-04-09 12:51:49.674391+02
512|1649503019.799761|2022-04-09 13:16:59.799761+02|0/5830DB58|1|2|316|2|12828|0|0|2844217|0|1673956|2022-04-09 12:51:49.674391+02
513|1649503020.828232|2022-04-09 13:17:00.828232+02|0/5830DB58|1|2|316|2|12851|0|0|2844217|0|1673956|2022-04-09 12:51:49.674391+02
514|1649503021.856952|2022-04-09 13:17:01.856952+02|0/5830DB58|1|2|316|2|12872|0|0|2844217|0|1673956|2022-04-09 12:51:49.674391+02
515|1649503022.884826|2022-04-09 13:17:02.884826+02|0/5830DB58|1|2|316|2|12893|0|0|2844217|0|1673956|2022-04-09 12:51:49.674391+02
516|1649503023.912156|2022-04-09 13:17:03.912156+02|0/5830DB58|1|2|316|2|12916|0|0|2844217|0|1673956|2022-04-09 12:51:49.674391+02
517|1649503024.940328|2022-04-09 13:17:04.940328+02|0/5830DB58|1|2|316|2|12937|0|0|2844217|0|1673956|2022-04-09 12:51:49.674391+02
518|1649503025.968482|2022-04-09 13:17:05.968482+02|0/5830DB58|1|2|316|2|12958|0|0|2844217|0|1673956|2022-04-09 12:51:49.674391+02
519|1649503026.997006|2022-04-09 13:17:06.997006+02|0/5830DB58|1|2|316|2|12979|0|0|2844217|0|1673956|2022-04-09 12:51:49.674391+02
520|1649503028.025164|2022-04-09 13:17:08.025164+02|0/5830DB58|1|2|316|2|13002|0|0|2844217|0|1673956|2022-04-09 12:51:49.674391+02
521|1649503029.053052|2022-04-09 13:17:09.053052+02|0/5830DB58|1|2|316|2|13023|0|0|2844217|0|1673956|2022-04-09 12:51:49.674391+02
522|1649503030.081470|2022-04-09 13:17:10.08147+02|0/5830DB58|1|2|316|2|13044|0|0|2844217|0|1673956|2022-04-09 12:51:49.674391+02
523|1649503031.109772|2022-04-09 13:17:11.109772+02|0/5830DB58|1|2|316|2|13065|0|0|2844217|0|1673956|2022-04-09 12:51:49.674391+02
524|1649503032.138576|2022-04-09 13:17:12.138576+02|0/5830DB58|1|2|316|2|13088|0|0|2844217|0|1673956|2022-04-09 12:51:49.674391+02
525|1649503033.167531|2022-04-09 13:17:13.167531+02|0/5830DB58|1|2|316|2|13109|0|0|2844217|0|1673956|2022-04-09 12:51:49.674391+02
526|1649503034.195669|2022-04-09 13:17:14.195669+02|0/5830DB58|1|2|316|2|13130|0|0|2844217|0|1673956|2022-04-09 12:51:49.674391+02
527|1649503035.223857|2022-04-09 13:17:15.223857+02|0/5830DB58|1|2|316|2|13152|0|0|2844217|0|1673956|2022-04-09 12:51:49.674391+02
528|1649503036.252122|2022-04-09 13:17:16.252122+02|0/5830DB58|1|2|316|2|13175|0|0|2844217|0|1673956|2022-04-09 12:51:49.674391+02
529|1649503037.280600|2022-04-09 13:17:17.2806+02|0/5830DB58|1|2|316|2|13196|0|0|2844217|0|1673956|2022-04-09 12:51:49.674391+02
530|1649503038.309171|2022-04-09 13:17:18.309171+02|0/5830DB58|1|2|316|2|13217|0|0|2844217|0|1673956|2022-04-09 12:51:49.674391+02
531|1649503039.337331|2022-04-09 13:17:19.337331+02|0/5830DB58|1|2|316|2|13238|0|0|2844217|0|1673956|2022-04-09 12:51:49.674391+02
532|1649503040.366108|2022-04-09 13:17:20.366108+02|0/5830DB58|1|2|316|2|13261|0|0|2844217|0|1673956|2022-04-09 12:51:49.674391+02
533|1649503041.393999|2022-04-09 13:17:21.393999+02|0/5830DB58|1|2|316|2|13282|0|0|2844217|0|1673956|2022-04-09 12:51:49.674391+02
534|1649503042.422179|2022-04-09 13:17:22.422179+02|0/5830DB58|1|2|316|2|13303|0|0|2844217|0|1673956|2022-04-09 12:51:49.674391+02
535|1649503043.451198|2022-04-09 13:17:23.451198+02|0/5830DB58|1|2|316|2|13326|0|0|2844217|0|1673956|2022-04-09 12:51:49.674391+02
536|1649503044.479419|2022-04-09 13:17:24.479419+02|0/5830DB58|1|2|316|2|13347|0|0|2844217|0|1673956|2022-04-09 12:51:49.674391+02
537|1649503045.507901|2022-04-09 13:17:25.507901+02|0/5830DB58|1|2|316|2|13368|0|0|2844217|0|1673956|2022-04-09 12:51:49.674391+02
538|1649503046.536885|2022-04-09 13:17:26.536885+02|0/5830DB58|1|2|316|2|13389|0|0|2844217|0|1673956|2022-04-09 12:51:49.674391+02
539|1649503047.565317|2022-04-09 13:17:27.565317+02|0/5830DB58|1|2|316|2|13412|0|0|2844217|0|1673956|2022-04-09 12:51:49.674391+02
540|1649503048.594179|2022-04-09 13:17:28.594179+02|0/5830DB58|1|2|316|2|13433|0|0|2844217|0|1673956|2022-04-09 12:51:49.674391+02
541|1649503049.622689|2022-04-09 13:17:29.622689+02|0/5830DB58|1|2|316|2|13454|0|0|2844217|0|1673956|2022-04-09 12:51:49.674391+02
542|1649503050.651304|2022-04-09 13:17:30.651304+02|0/5830DB58|1|2|316|2|13475|0|0|2844217|0|1673956|2022-04-09 12:51:49.674391+02
543|1649503051.679756|2022-04-09 13:17:31.679756+02|0/5830DB58|1|2|316|2|13498|0|0|2844217|0|1673956|2022-04-09 12:51:49.674391+02
544|1649503052.708076|2022-04-09 13:17:32.708076+02|0/5830DB58|1|2|316|2|13520|0|0|2844217|0|1673956|2022-04-09 12:51:49.674391+02
545|1649503053.736136|2022-04-09 13:17:33.736136+02|0/5830DB58|1|2|316|2|13541|0|0|2844217|0|1673956|2022-04-09 12:51:49.674391+02
546|1649503054.764324|2022-04-09 13:17:34.764324+02|0/5830DB58|1|2|316|2|13562|0|0|2844217|0|1673956|2022-04-09 12:51:49.674391+02
547|1649503055.793136|2022-04-09 13:17:35.793136+02|0/5830DB58|1|2|316|2|13585|0|0|2844217|0|1673956|2022-04-09 12:51:49.674391+02
548|1649503056.821192|2022-04-09 13:17:36.821192+02|0/5830DB58|1|2|316|2|13606|0|0|2844217|0|1673956|2022-04-09 12:51:49.674391+02
549|1649503057.849372|2022-04-09 13:17:37.849372+02|0/5830DB58|1|2|316|2|13627|0|0|2844217|0|1673956|2022-04-09 12:51:49.674391+02
550|1649503058.877896|2022-04-09 13:17:38.877896+02|0/5830DB58|1|2|316|2|13650|0|0|2844217|0|1673956|2022-04-09 12:51:49.674391+02
551|1649503059.906076|2022-04-09 13:17:39.906076+02|0/5830DB58|1|2|316|2|13671|0|0|2844217|0|1673956|2022-04-09 12:51:49.674391+02
552|1649503060.934059|2022-04-09 13:17:40.934059+02|0/5830DB58|1|2|316|2|13692|0|0|2844217|0|1673956|2022-04-09 12:51:49.674391+02
553|1649503061.963081|2022-04-09 13:17:41.963081+02|0/5830DB58|1|2|316|2|13713|0|0|2844217|0|1673956|2022-04-09 12:51:49.674391+02
554|1649503062.992145|2022-04-09 13:17:42.992145+02|0/5830DB58|1|2|316|2|13736|0|0|2844217|0|1673956|2022-04-09 12:51:49.674391+02
555|1649503064.021022|2022-04-09 13:17:44.021022+02|0/5830DB58|1|2|316|2|13757|0|0|2844217|0|1673956|2022-04-09 12:51:49.674391+02
556|1649503065.049867|2022-04-09 13:17:45.049867+02|0/5830DB58|1|2|316|2|13778|0|0|2844217|0|1673956|2022-04-09 12:51:49.674391+02
557|1649503066.077873|2022-04-09 13:17:46.077873+02|0/5830DB58|1|2|316|2|13799|0|0|2844217|0|1673956|2022-04-09 12:51:49.674391+02
558|1649503067.106619|2022-04-09 13:17:47.106619+02|0/5830DB58|1|2|316|2|13822|0|0|2844217|0|1673956|2022-04-09 12:51:49.674391+02
559|1649503068.135175|2022-04-09 13:17:48.135175+02|0/5830DB58|1|2|316|2|13843|0|0|2844217|0|1673956|2022-04-09 12:51:49.674391+02
560|1649503069.163973|2022-04-09 13:17:49.163973+02|0/5830DB58|1|2|316|2|13864|0|0|2844217|0|1673956|2022-04-09 12:51:49.674391+02
561|1649503070.192256|2022-04-09 13:17:50.192256+02|0/5830DB58|1|2|316|2|13885|0|0|2844217|0|1673956|2022-04-09 12:51:49.674391+02
562|1649503071.221487|2022-04-09 13:17:51.221487+02|0/5830DB58|1|2|316|2|13909|0|0|2844217|0|1673956|2022-04-09 12:51:49.674391+02
563|1649503072.249690|2022-04-09 13:17:52.24969+02|0/5830DB58|1|2|316|2|13930|0|0|2844217|0|1673956|2022-04-09 12:51:49.674391+02
564|1649503073.278190|2022-04-09 13:17:53.27819+02|0/5830DB58|1|2|316|2|13951|0|0|2844217|0|1673956|2022-04-09 12:51:49.674391+02
565|1649503074.306080|2022-04-09 13:17:54.30608+02|0/5830DB58|1|2|316|2|13974|0|0|2844217|0|1673956|2022-04-09 12:51:49.674391+02
566|1649503075.334354|2022-04-09 13:17:55.334354+02|0/5830DB58|1|2|316|2|13995|0|0|2844217|0|1673956|2022-04-09 12:51:49.674391+02
567|1649503076.363753|2022-04-09 13:17:56.363753+02|0/5830DB58|1|2|316|2|14016|0|0|2844217|0|1673956|2022-04-09 12:51:49.674391+02
568|1649503077.392268|2022-04-09 13:17:57.392268+02|0/5830DB58|1|2|316|2|14037|0|0|2844217|0|1673956|2022-04-09 12:51:49.674391+02
569|1649503078.420628|2022-04-09 13:17:58.420628+02|0/5830DB58|1|2|316|2|14060|0|0|2844217|0|1673956|2022-04-09 12:51:49.674391+02
570|1649503079.449327|2022-04-09 13:17:59.449327+02|0/5830DB58|1|2|316|2|14081|0|0|2844217|0|1673956|2022-04-09 12:51:49.674391+02
571|1649503080.477097|2022-04-09 13:18:00.477097+02|0/5830DB58|1|2|316|2|14102|0|0|2844217|0|1673956|2022-04-09 12:51:49.674391+02
572|1649503081.505360|2022-04-09 13:18:01.50536+02|0/5830DB58|1|2|316|2|14123|0|0|2844217|0|1673956|2022-04-09 12:51:49.674391+02
573|1649503082.533269|2022-04-09 13:18:02.533269+02|0/5830DB58|1|2|316|2|14146|0|0|2844217|0|1673956|2022-04-09 12:51:49.674391+02
574|1649503083.561628|2022-04-09 13:18:03.561628+02|0/5830DB58|1|2|316|2|14167|0|0|2844217|0|1673956|2022-04-09 12:51:49.674391+02
575|1649503084.590490|2022-04-09 13:18:04.59049+02|0/5830DB58|1|2|316|2|14188|0|0|2844217|0|1673956|2022-04-09 12:51:49.674391+02
576|1649503085.618880|2022-04-09 13:18:05.61888+02|0/5830DB58|1|2|316|2|14209|0|0|2844217|0|1673956|2022-04-09 12:51:49.674391+02
577|1649503086.647135|2022-04-09 13:18:06.647135+02|0/5830DB58|1|2|316|2|14232|0|0|2844217|0|1673956|2022-04-09 12:51:49.674391+02
578|1649503087.675496|2022-04-09 13:18:07.675496+02|0/5830DB58|1|2|316|2|14253|0|0|2844217|0|1673956|2022-04-09 12:51:49.674391+02
579|1649503088.704112|2022-04-09 13:18:08.704112+02|0/5830DB58|1|2|316|2|14274|0|0|2844217|0|1673956|2022-04-09 12:51:49.674391+02
580|1649503089.735006|2022-04-09 13:18:09.735006+02|0/5830DB58|1|2|316|2|14298|0|0|2844217|0|1673956|2022-04-09 12:51:49.674391+02
581|1649503090.763186|2022-04-09 13:18:10.763186+02|0/5830DB58|1|2|316|2|14319|0|0|2844217|0|1673956|2022-04-09 12:51:49.674391+02
582|1649503091.791677|2022-04-09 13:18:11.791677+02|0/5830DB58|1|2|316|2|14340|0|0|2844217|0|1673956|2022-04-09 12:51:49.674391+02
583|1649503092.819779|2022-04-09 13:18:12.819779+02|0/5830DB58|1|2|316|2|14361|0|0|2844217|0|1673956|2022-04-09 12:51:49.674391+02
584|1649503093.848608|2022-04-09 13:18:13.848608+02|0/5830DB58|1|2|316|2|14384|0|0|2844217|0|1673956|2022-04-09 12:51:49.674391+02
585|1649503094.877020|2022-04-09 13:18:14.87702+02|0/5830DB58|1|2|316|2|14405|0|0|2844217|0|1673956|2022-04-09 12:51:49.674391+02
586|1649503095.906172|2022-04-09 13:18:15.906172+02|0/5830DB58|1|2|316|2|14426|0|0|2844217|0|1673956|2022-04-09 12:51:49.674391+02
587|1649503096.935070|2022-04-09 13:18:16.93507+02|0/5830DB58|1|2|316|2|14447|0|0|2844217|0|1673956|2022-04-09 12:51:49.674391+02
588|1649503097.963114|2022-04-09 13:18:17.963114+02|0/5830DB58|1|2|316|2|14470|0|0|2844217|0|1673956|2022-04-09 12:51:49.674391+02
589|1649503098.991852|2022-04-09 13:18:18.991852+02|0/5830DB58|1|2|316|2|14491|0|0|2844217|0|1673956|2022-04-09 12:51:49.674391+02
590|1649503100.019457|2022-04-09 13:18:20.019457+02|0/5830DB58|1|2|316|2|14512|0|0|2844217|0|1673956|2022-04-09 12:51:49.674391+02
591|1649503101.036972|2022-04-09 13:18:21.036972+02|0/5830DB58|1|2|316|2|14525|0|0|2844217|0|1673956|2022-04-09 12:51:49.674391+02
592|1649503102.065822|2022-04-09 13:18:22.065822+02|0/5830DB58|1|2|316|2|14556|0|0|2844217|0|1673956|2022-04-09 12:51:49.674391+02
593|1649503103.093906|2022-04-09 13:18:23.093906+02|0/5830DB58|1|2|316|2|14577|0|0|2844217|0|1673956|2022-04-09 12:51:49.674391+02
594|1649503104.122520|2022-04-09 13:18:24.12252+02|0/5830DB58|1|2|316|2|14598|0|0|2844217|0|1673956|2022-04-09 12:51:49.674391+02
595|1649503105.150556|2022-04-09 13:18:25.150556+02|0/5830DB58|1|2|316|2|14619|0|0|2844217|0|1673956|2022-04-09 12:51:49.674391+02
596|1649503106.178244|2022-04-09 13:18:26.178244+02|0/5830DB58|1|2|316|2|14642|0|0|2844217|0|1673956|2022-04-09 12:51:49.674391+02
597|1649503107.206941|2022-04-09 13:18:27.206941+02|0/5830DB58|1|2|316|2|14663|0|0|2844217|0|1673956|2022-04-09 12:51:49.674391+02
598|1649503108.234735|2022-04-09 13:18:28.234735+02|0/5830DB58|1|2|316|2|14685|0|0|2844217|0|1673956|2022-04-09 12:51:49.674391+02
599|1649503109.262919|2022-04-09 13:18:29.262919+02|0/5830DB58|1|2|316|2|14706|0|0|2844217|0|1673956|2022-04-09 12:51:49.674391+02
600|1649503110.291252|2022-04-09 13:18:30.291252+02|0/5830DB58|1|2|316|2|14729|0|0|2844217|0|1673956|2022-04-09 12:51:49.674391+02
601|1649503111.319618|2022-04-09 13:18:31.319618+02|0/5830DB58|1|2|316|2|14750|0|0|2844217|0|1673956|2022-04-09 12:51:49.674391+02
602|1649503112.347762|2022-04-09 13:18:32.347762+02|0/5830DB58|1|2|316|2|14771|0|0|2844217|0|1673956|2022-04-09 12:51:49.674391+02
603|1649503113.375446|2022-04-09 13:18:33.375446+02|0/5830DB58|1|2|316|2|14794|0|0|2844217|0|1673956|2022-04-09 12:51:49.674391+02
604|1649503114.403271|2022-04-09 13:18:34.403271+02|0/5830DB58|1|2|316|2|14815|0|0|2844217|0|1673956|2022-04-09 12:51:49.674391+02
605|1649503115.432652|2022-04-09 13:18:35.432652+02|0/5830DB58|1|2|316|2|14836|0|0|2844217|0|1673956|2022-04-09 12:51:49.674391+02
606|1649503116.460732|2022-04-09 13:18:36.460732+02|0/5830DB58|1|2|316|2|14857|0|0|2844217|0|1673956|2022-04-09 12:51:49.674391+02
607|1649503117.489548|2022-04-09 13:18:37.489548+02|0/5830DB58|1|2|316|2|14880|0|0|2844217|0|1673956|2022-04-09 12:51:49.674391+02
608|1649503118.518248|2022-04-09 13:18:38.518248+02|0/5830DB58|1|2|316|2|14901|0|0|2844217|0|1673956|2022-04-09 12:51:49.674391+02
609|1649503119.546948|2022-04-09 13:18:39.546948+02|0/5830DB58|1|2|316|2|14922|0|0|2844217|0|1673956|2022-04-09 12:51:49.674391+02
610|1649503120.575353|2022-04-09 13:18:40.575353+02|0/5830DB58|1|2|316|2|14943|0|0|2844217|0|1673956|2022-04-09 12:51:49.674391+02
611|1649503121.604068|2022-04-09 13:18:41.604068+02|0/5830DB58|1|2|316|2|14966|0|0|2844217|0|1673956|2022-04-09 12:51:49.674391+02
612|1649503122.632447|2022-04-09 13:18:42.632447+02|0/5830DB58|1|2|316|2|14987|0|0|2844217|0|1673956|2022-04-09 12:51:49.674391+02
613|1649503123.660944|2022-04-09 13:18:43.660944+02|0/5830DB58|1|2|316|2|15008|0|0|2844217|0|1673956|2022-04-09 12:51:49.674391+02
614|1649503124.689115|2022-04-09 13:18:44.689115+02|0/5830DB58|1|2|316|2|15029|0|0|2844217|0|1673956|2022-04-09 12:51:49.674391+02
615|1649503125.717019|2022-04-09 13:18:45.717019+02|0/5830DB58|1|2|316|2|15053|0|0|2844217|0|1673956|2022-04-09 12:51:49.674391+02
616|1649503126.745508|2022-04-09 13:18:46.745508+02|0/5830DB58|1|2|316|2|15074|0|0|2844217|0|1673956|2022-04-09 12:51:49.674391+02
617|1649503127.773878|2022-04-09 13:18:47.773878+02|0/5830DB58|1|2|316|2|15095|0|0|2844217|0|1673956|2022-04-09 12:51:49.674391+02
618|1649503128.802046|2022-04-09 13:18:48.802046+02|0/5830DB58|1|2|316|2|15118|0|0|2844217|0|1673956|2022-04-09 12:51:49.674391+02
619|1649503129.830356|2022-04-09 13:18:49.830356+02|0/5830DB58|1|2|316|2|15139|0|0|2844217|0|1673956|2022-04-09 12:51:49.674391+02
620|1649503130.859295|2022-04-09 13:18:50.859295+02|0/5830DB58|1|2|316|2|15160|0|0|2844217|0|1673956|2022-04-09 12:51:49.674391+02
621|1649503131.887198|2022-04-09 13:18:51.887198+02|0/5830DB58|1|2|316|2|15181|0|0|2844217|0|1673956|2022-04-09 12:51:49.674391+02
622|1649503132.915254|2022-04-09 13:18:52.915254+02|0/5830DB58|1|2|316|2|15204|0|0|2844217|0|1673956|2022-04-09 12:51:49.674391+02
623|1649503133.943416|2022-04-09 13:18:53.943416+02|0/5830DB58|1|2|316|2|15225|0|0|2844217|0|1673956|2022-04-09 12:51:49.674391+02
624|1649503134.971886|2022-04-09 13:18:54.971886+02|0/5830DB58|1|2|316|2|15246|0|0|2844217|0|1673956|2022-04-09 12:51:49.674391+02
625|1649503136.000466|2022-04-09 13:18:56.000466+02|0/5830DB58|1|2|316|2|15267|0|0|2844217|0|1673956|2022-04-09 12:51:49.674391+02
626|1649503137.029034|2022-04-09 13:18:57.029034+02|0/5830DB58|1|2|316|2|15290|0|0|2844217|0|1673956|2022-04-09 12:51:49.674391+02
627|1649503138.057286|2022-04-09 13:18:58.057286+02|0/5830DB58|1|2|316|2|15311|0|0|2844217|0|1673956|2022-04-09 12:51:49.674391+02
628|1649503139.086915|2022-04-09 13:18:59.086915+02|0/5830DB58|1|2|316|2|15332|0|0|2844217|0|1673956|2022-04-09 12:51:49.674391+02
629|1649503140.114654|2022-04-09 13:19:00.114654+02|0/5830DB58|1|2|316|2|15353|0|0|2844217|0|1673956|2022-04-09 12:51:49.674391+02
630|1649503141.143298|2022-04-09 13:19:01.143298+02|0/5830DB58|1|2|316|2|15376|0|0|2844217|0|1673956|2022-04-09 12:51:49.674391+02
631|1649503142.172071|2022-04-09 13:19:02.172071+02|0/5830DB58|1|2|316|2|15397|0|0|2844217|0|1673956|2022-04-09 12:51:49.674391+02
632|1649503143.200525|2022-04-09 13:19:03.200525+02|0/5830DB58|1|2|316|2|15418|0|0|2844217|0|1673956|2022-04-09 12:51:49.674391+02
633|1649503144.229354|2022-04-09 13:19:04.229354+02|0/5830DB58|1|2|316|2|15442|0|0|2844217|0|1673956|2022-04-09 12:51:49.674391+02
634|1649503145.257606|2022-04-09 13:19:05.257606+02|0/5830DB58|1|2|316|2|15463|0|0|2844217|0|1673956|2022-04-09 12:51:49.674391+02
635|1649503146.285823|2022-04-09 13:19:06.285823+02|0/5830DB58|1|2|316|2|15484|0|0|2844217|0|1673956|2022-04-09 12:51:49.674391+02
636|1649503147.313639|2022-04-09 13:19:07.313639+02|0/5830DB58|1|2|316|2|15505|0|0|2844217|0|1673956|2022-04-09 12:51:49.674391+02
637|1649503148.341951|2022-04-09 13:19:08.341951+02|0/5830DB58|1|2|316|2|15528|0|0|2844217|0|1673956|2022-04-09 12:51:49.674391+02
638|1649503149.370792|2022-04-09 13:19:09.370792+02|0/5830DB58|1|2|316|2|15549|0|0|2844217|0|1673956|2022-04-09 12:51:49.674391+02
639|1649503150.399331|2022-04-09 13:19:10.399331+02|0/5830DB58|1|2|316|2|15570|0|0|2844217|0|1673956|2022-04-09 12:51:49.674391+02
640|1649503151.428474|2022-04-09 13:19:11.428474+02|0/5830DB58|1|2|316|2|15591|0|0|2844217|0|1673956|2022-04-09 12:51:49.674391+02
641|1649503152.457161|2022-04-09 13:19:12.457161+02|0/5830DB58|1|2|316|2|15614|0|0|2844217|0|1673956|2022-04-09 12:51:49.674391+02
642|1649503153.485394|2022-04-09 13:19:13.485394+02|0/5830DB58|1|2|316|2|15635|0|0|2844217|0|1673956|2022-04-09 12:51:49.674391+02
643|1649503154.513539|2022-04-09 13:19:14.513539+02|0/5830DB58|1|2|316|2|15656|0|0|2844217|0|1673956|2022-04-09 12:51:49.674391+02
644|1649503155.541652|2022-04-09 13:19:15.541652+02|0/5830DB58|1|2|316|2|15677|0|0|2844217|0|1673956|2022-04-09 12:51:49.674391+02
645|1649503156.569849|2022-04-09 13:19:16.569849+02|0/5830DB58|1|2|316|2|15700|0|0|2844217|0|1673956|2022-04-09 12:51:49.674391+02
646|1649503157.598770|2022-04-09 13:19:17.59877+02|0/5830DB58|1|2|316|2|15721|0|0|2844217|0|1673956|2022-04-09 12:51:49.674391+02
647|1649503158.627567|2022-04-09 13:19:18.627567+02|0/5830DB58|1|2|316|2|15742|0|0|2844217|0|1673956|2022-04-09 12:51:49.674391+02
648|1649503159.656790|2022-04-09 13:19:19.65679+02|0/5830DB58|1|2|316|2|15765|0|0|2844217|0|1673956|2022-04-09 12:51:49.674391+02
649|1649503160.674704|2022-04-09 13:19:20.674704+02|0/5830DB58|1|2|316|2|15784|0|0|2844217|0|1673956|2022-04-09 12:51:49.674391+02
650|1649503161.703219|2022-04-09 13:19:21.703219+02|0/5830DB58|1|2|316|2|15807|0|0|2844217|0|1673956|2022-04-09 12:51:49.674391+02
651|1649503162.731112|2022-04-09 13:19:22.731112+02|0/5830DB58|1|2|316|2|15828|0|0|2844217|0|1673956|2022-04-09 12:51:49.674391+02
652|1649503163.759645|2022-04-09 13:19:23.759645+02|0/5830DB58|1|2|316|2|15850|0|0|2844217|0|1673956|2022-04-09 12:51:49.674391+02
653|1649503164.787999|2022-04-09 13:19:24.787999+02|0/5830DB58|1|2|316|2|15873|0|0|2844217|0|1673956|2022-04-09 12:51:49.674391+02
654|1649503165.816384|2022-04-09 13:19:25.816384+02|0/5830DB58|1|2|316|2|15894|0|0|2844217|0|1673956|2022-04-09 12:51:49.674391+02
655|1649503166.844855|2022-04-09 13:19:26.844855+02|0/5830DB58|1|2|316|2|15915|0|0|2844217|0|1673956|2022-04-09 12:51:49.674391+02
656|1649503167.873553|2022-04-09 13:19:27.873553+02|0/5830DB58|1|2|316|2|15938|0|0|2844217|0|1673956|2022-04-09 12:51:49.674391+02
657|1649503168.902082|2022-04-09 13:19:28.902082+02|0/5830DB58|1|2|316|2|15959|0|0|2844217|0|1673956|2022-04-09 12:51:49.674391+02
658|1649503169.930837|2022-04-09 13:19:29.930837+02|0/5830DB58|1|2|316|2|15980|0|0|2844217|0|1673956|2022-04-09 12:51:49.674391+02
659|1649503170.959654|2022-04-09 13:19:30.959654+02|0/5830DB58|1|2|316|2|16001|0|0|2844217|0|1673956|2022-04-09 12:51:49.674391+02
660|1649503171.987356|2022-04-09 13:19:31.987356+02|0/5830DB58|1|2|316|2|16024|0|0|2844217|0|1673956|2022-04-09 12:51:49.674391+02
661|1649503173.015626|2022-04-09 13:19:33.015626+02|0/5830DB58|1|2|316|2|16045|0|0|2844217|0|1673956|2022-04-09 12:51:49.674391+02
662|1649503174.043178|2022-04-09 13:19:34.043178+02|0/5830DB58|1|2|316|2|16066|0|0|2844217|0|1673956|2022-04-09 12:51:49.674391+02
663|1649503175.071286|2022-04-09 13:19:35.071286+02|0/5830DB58|1|2|316|2|16087|0|0|2844217|0|1673956|2022-04-09 12:51:49.674391+02
664|1649503176.099422|2022-04-09 13:19:36.099422+02|0/5830DB58|1|2|316|2|16110|0|0|2844217|0|1673956|2022-04-09 12:51:49.674391+02
665|1649503177.127760|2022-04-09 13:19:37.12776+02|0/5830DB58|1|2|316|2|16131|0|0|2844217|0|1673956|2022-04-09 12:51:49.674391+02
666|1649503178.156199|2022-04-09 13:19:38.156199+02|0/5830DB58|1|2|316|2|16152|0|0|2844217|0|1673956|2022-04-09 12:51:49.674391+02
667|1649503179.184774|2022-04-09 13:19:39.184774+02|0/5830DB58|1|2|316|2|16173|0|0|2844217|0|1673956|2022-04-09 12:51:49.674391+02
668|1649503180.213626|2022-04-09 13:19:40.213626+02|0/5830DB58|1|2|316|2|16196|0|0|2844217|0|1673956|2022-04-09 12:51:49.674391+02
669|1649503181.242201|2022-04-09 13:19:41.242201+02|0/5830DB58|1|2|316|2|16218|0|0|2844217|0|1673956|2022-04-09 12:51:49.674391+02
670|1649503182.270773|2022-04-09 13:19:42.270773+02|0/5830DB58|1|2|316|2|16239|0|0|2844217|0|1673956|2022-04-09 12:51:49.674391+02
671|1649503183.299284|2022-04-09 13:19:43.299284+02|0/5830DB58|1|2|316|2|16262|0|0|2844217|0|1673956|2022-04-09 12:51:49.674391+02
672|1649503184.327261|2022-04-09 13:19:44.327261+02|0/5830DB58|1|2|316|2|16283|0|0|2844217|0|1673956|2022-04-09 12:51:49.674391+02
673|1649503185.355721|2022-04-09 13:19:45.355721+02|0/5830DB58|1|2|316|2|16304|0|0|2844217|0|1673956|2022-04-09 12:51:49.674391+02
674|1649503186.384176|2022-04-09 13:19:46.384176+02|0/5830DB58|1|2|316|2|16325|0|0|2844217|0|1673956|2022-04-09 12:51:49.674391+02
675|1649503187.412583|2022-04-09 13:19:47.412583+02|0/5830DB58|1|2|316|2|16348|0|0|2844217|0|1673956|2022-04-09 12:51:49.674391+02
676|1649503188.440650|2022-04-09 13:19:48.44065+02|0/5830DB58|1|2|316|2|16369|0|0|2844217|0|1673956|2022-04-09 12:51:49.674391+02
677|1649503189.468417|2022-04-09 13:19:49.468417+02|0/5830DB58|1|2|316|2|16390|0|0|2844217|0|1673956|2022-04-09 12:51:49.674391+02
678|1649503190.496992|2022-04-09 13:19:50.496992+02|0/5830DB58|1|2|316|2|16411|0|0|2844217|0|1673956|2022-04-09 12:51:49.674391+02
679|1649503191.525273|2022-04-09 13:19:51.525273+02|0/5830DB58|1|2|316|2|16434|0|0|2844217|0|1673956|2022-04-09 12:51:49.674391+02
680|1649503192.554266|2022-04-09 13:19:52.554266+02|0/5830DB58|1|2|316|2|16455|0|0|2844217|0|1673956|2022-04-09 12:51:49.674391+02
681|1649503193.582055|2022-04-09 13:19:53.582055+02|0/5830DB58|1|2|316|2|16476|0|0|2844217|0|1673956|2022-04-09 12:51:49.674391+02
682|1649503194.610331|2022-04-09 13:19:54.610331+02|0/5830DB58|1|2|316|2|16497|0|0|2844217|0|1673956|2022-04-09 12:51:49.674391+02
683|1649503195.638330|2022-04-09 13:19:55.63833+02|0/5830DB58|1|2|316|2|16520|0|0|2844217|0|1673956|2022-04-09 12:51:49.674391+02
684|1649503196.666792|2022-04-09 13:19:56.666792+02|0/5830DB58|1|2|316|2|16541|0|0|2844217|0|1673956|2022-04-09 12:51:49.674391+02
685|1649503197.695589|2022-04-09 13:19:57.695589+02|0/5830DB58|1|2|316|2|16562|0|0|2844217|0|1673956|2022-04-09 12:51:49.674391+02
686|1649503198.724484|2022-04-09 13:19:58.724484+02|0/5830DB58|1|2|316|2|16586|0|0|2844217|0|1673956|2022-04-09 12:51:49.674391+02
687|1649503199.753125|2022-04-09 13:19:59.753125+02|0/5830DB58|1|2|316|2|16607|0|0|2844217|0|1673956|2022-04-09 12:51:49.674391+02
688|1649503200.781457|2022-04-09 13:20:00.781457+02|0/5830DB58|1|2|316|2|16628|0|0|2844217|0|1673956|2022-04-09 12:51:49.674391+02
689|1649503201.809870|2022-04-09 13:20:01.80987+02|0/5830DB58|1|2|316|2|16649|0|0|2844217|0|1673956|2022-04-09 12:51:49.674391+02
690|1649503202.838499|2022-04-09 13:20:02.838499+02|0/5830DB58|1|2|316|2|16672|0|0|2844217|0|1673956|2022-04-09 12:51:49.674391+02
691|1649503203.866908|2022-04-09 13:20:03.866908+02|0/5830DB58|1|2|316|2|16693|0|0|2844217|0|1673956|2022-04-09 12:51:49.674391+02
692|1649503204.895373|2022-04-09 13:20:04.895373+02|0/5830DB58|1|2|316|2|16714|0|0|2844217|0|1673956|2022-04-09 12:51:49.674391+02
693|1649503205.923889|2022-04-09 13:20:05.923889+02|0/5830DB58|1|2|316|2|16735|0|0|2844217|0|1673956|2022-04-09 12:51:49.674391+02
694|1649503206.952569|2022-04-09 13:20:06.952569+02|0/5830DB58|1|2|316|2|16758|0|0|2844217|0|1673956|2022-04-09 12:51:49.674391+02
695|1649503207.980972|2022-04-09 13:20:07.980972+02|0/5830DB58|1|2|316|2|16779|0|0|2844217|0|1673956|2022-04-09 12:51:49.674391+02
696|1649503209.010010|2022-04-09 13:20:09.01001+02|0/5830DB58|1|2|316|2|16800|0|0|2844217|0|1673956|2022-04-09 12:51:49.674391+02
697|1649503210.038054|2022-04-09 13:20:10.038054+02|0/5830DB58|1|2|316|2|16821|0|0|2844217|0|1673956|2022-04-09 12:51:49.674391+02
698|1649503211.066494|2022-04-09 13:20:11.066494+02|0/5830DB58|1|2|316|2|16844|0|0|2844217|0|1673956|2022-04-09 12:51:49.674391+02
699|1649503212.094933|2022-04-09 13:20:12.094933+02|0/5830DB58|1|2|316|2|16865|0|0|2844217|0|1673956|2022-04-09 12:51:49.674391+02
700|1649503213.122976|2022-04-09 13:20:13.122976+02|0/5830DB58|1|2|316|2|16886|0|0|2844217|0|1673956|2022-04-09 12:51:49.674391+02
701|1649503214.150890|2022-04-09 13:20:14.15089+02|0/5830DB58|1|2|316|2|16909|0|0|2844217|0|1673956|2022-04-09 12:51:49.674391+02
702|1649503215.178573|2022-04-09 13:20:15.178573+02|0/5830DB58|1|2|316|2|16930|0|0|2844217|0|1673956|2022-04-09 12:51:49.674391+02
703|1649503216.206237|2022-04-09 13:20:16.206237+02|0/5830DB58|1|2|316|2|16951|0|0|2844217|0|1673956|2022-04-09 12:51:49.674391+02
704|1649503217.234719|2022-04-09 13:20:17.234719+02|0/5830DB58|1|2|316|2|16972|0|0|2844217|0|1673956|2022-04-09 12:51:49.674391+02
705|1649503218.263159|2022-04-09 13:20:18.263159+02|0/5830DB58|1|2|316|2|16996|0|0|2844217|0|1673956|2022-04-09 12:51:49.674391+02
706|1649503219.291732|2022-04-09 13:20:19.291732+02|0/5830DC08|1|2|809944|3|17011|0|0|2844217|0|1673956|2022-04-09 12:51:49.674391+02
707|1649503220.320661|2022-04-09 13:20:20.320661+02|0/5830DC08|1|2|809944|3|17011|0|0|2844217|0|1673956|2022-04-09 12:51:49.674391+02
708|1649503221.349331|2022-04-09 13:20:21.349331+02|0/5830DC08|1|2|809944|3|17011|0|0|2844217|0|1673956|2022-04-09 12:51:49.674391+02
709|1649503222.377253|2022-04-09 13:20:22.377253+02|0/5830DC08|1|2|809944|3|17011|0|0|2844217|0|1673956|2022-04-09 12:51:49.674391+02
710|1649503223.405774|2022-04-09 13:20:23.405774+02|0/5830DC40|1|2|809944|3|17011|0|0|2844217|0|1673956|2022-04-09 12:51:49.674391+02
711|1649503224.434538|2022-04-09 13:20:24.434538+02|0/5830DC40|1|2|809944|3|17011|0|0|2844217|0|1673956|2022-04-09 12:51:49.674391+02
712|1649503225.463215|2022-04-09 13:20:25.463215+02|0/5830DC40|1|2|809944|3|17011|0|0|2844217|0|1673956|2022-04-09 12:51:49.674391+02
713|1649503226.491367|2022-04-09 13:20:26.491367+02|0/5830DC40|1|2|809944|3|17011|0|0|2844217|0|1673956|2022-04-09 12:51:49.674391+02
714|1649503227.519428|2022-04-09 13:20:27.519428+02|0/5830DC40|1|2|809944|3|17011|0|0|2844217|0|1673956|2022-04-09 12:51:49.674391+02
715|1649503228.548051|2022-04-09 13:20:28.548051+02|0/5830DC40|1|2|809944|3|17011|0|0|2844217|0|1673956|2022-04-09 12:51:49.674391+02
716|1649503229.576822|2022-04-09 13:20:29.576822+02|0/5830DC40|1|2|809944|3|17011|0|0|2844217|0|1673956|2022-04-09 12:51:49.674391+02
717|1649503230.605643|2022-04-09 13:20:30.605643+02|0/5830DC40|1|2|809944|3|17011|0|0|2844217|0|1673956|2022-04-09 12:51:49.674391+02
718|1649503231.634266|2022-04-09 13:20:31.634266+02|0/5830DC40|1|2|809944|3|17011|0|0|2844217|0|1673956|2022-04-09 12:51:49.674391+02
719|1649503232.662160|2022-04-09 13:20:32.66216+02|0/5830DC40|1|2|809944|3|17011|0|0|2844217|0|1673956|2022-04-09 12:51:49.674391+02
720|1649503233.690466|2022-04-09 13:20:33.690466+02|0/5830DC40|1|2|809944|3|17011|0|0|2844217|0|1673956|2022-04-09 12:51:49.674391+02
721|1649503234.718447|2022-04-09 13:20:34.718447+02|0/5830DC40|1|2|809944|3|17011|0|0|2844217|0|1673956|2022-04-09 12:51:49.674391+02
722|1649503235.747104|2022-04-09 13:20:35.747104+02|0/5830DC40|1|2|809944|3|17011|0|0|2844217|0|1673956|2022-04-09 12:51:49.674391+02
723|1649503236.775308|2022-04-09 13:20:36.775308+02|0/5830DC40|1|2|809944|3|17011|0|0|2844217|0|1673956|2022-04-09 12:51:49.674391+02
724|1649503237.804287|2022-04-09 13:20:37.804287+02|0/5830DC40|1|2|809944|3|17011|0|0|2844217|0|1673956|2022-04-09 12:51:49.674391+02
725|1649503238.832934|2022-04-09 13:20:38.832934+02|0/5830DC40|1|2|809944|3|17011|0|0|2844217|0|1673956|2022-04-09 12:51:49.674391+02
726|1649503239.861566|2022-04-09 13:20:39.861566+02|0/5830DC40|1|2|809944|3|17011|0|0|2844217|0|1673956|2022-04-09 12:51:49.674391+02
727|1649503240.889537|2022-04-09 13:20:40.889537+02|0/5830DC40|1|2|809944|3|17011|0|0|2844217|0|1673956|2022-04-09 12:51:49.674391+02
728|1649503241.917727|2022-04-09 13:20:41.917727+02|0/5830DC40|1|2|809944|3|17011|0|0|2844217|0|1673956|2022-04-09 12:51:49.674391+02
729|1649503242.946424|2022-04-09 13:20:42.946424+02|0/5830DC40|1|2|809944|3|17011|0|0|2844217|0|1673956|2022-04-09 12:51:49.674391+02
730|1649503243.975276|2022-04-09 13:20:43.975276+02|0/5830DC40|1|2|809944|3|17011|0|0|2844217|0|1673956|2022-04-09 12:51:49.674391+02
731|1649503245.002950|2022-04-09 13:20:45.00295+02|0/5830DC40|1|2|809944|3|17011|0|0|2844217|0|1673956|2022-04-09 12:51:49.674391+02
732|1649503246.030892|2022-04-09 13:20:46.030892+02|0/5830DC40|1|2|809944|3|17011|0|0|2844217|0|1673956|2022-04-09 12:51:49.674391+02
733|1649503247.059634|2022-04-09 13:20:47.059634+02|0/5830DC40|1|2|809944|3|17011|0|0|2844217|0|1673956|2022-04-09 12:51:49.674391+02
734|1649503248.088488|2022-04-09 13:20:48.088488+02|0/5830DC40|1|2|809944|3|17011|0|0|2844217|0|1673956|2022-04-09 12:51:49.674391+02
735|1649503249.116890|2022-04-09 13:20:49.11689+02|0/5830DC40|1|2|809944|3|17011|0|0|2844217|0|1673956|2022-04-09 12:51:49.674391+02
736|1649503250.146008|2022-04-09 13:20:50.146008+02|0/5830DC40|1|2|809944|3|17011|0|0|2844217|0|1673956|2022-04-09 12:51:49.674391+02
737|1649503251.174123|2022-04-09 13:20:51.174123+02|0/5830DC40|1|2|809944|3|17011|0|0|2844217|0|1673956|2022-04-09 12:51:49.674391+02
738|1649503252.202539|2022-04-09 13:20:52.202539+02|0/5830DC40|1|2|809944|3|17011|0|0|2844217|0|1673956|2022-04-09 12:51:49.674391+02
739|1649503253.231413|2022-04-09 13:20:53.231413+02|0/5830DC40|1|2|809944|3|17011|0|0|2844217|0|1673956|2022-04-09 12:51:49.674391+02
740|1649503254.259889|2022-04-09 13:20:54.259889+02|0/5830DC40|1|2|809944|3|17011|0|0|2844217|0|1673956|2022-04-09 12:51:49.674391+02
741|1649503255.287466|2022-04-09 13:20:55.287466+02|0/5830DC40|1|2|809944|3|17011|0|0|2844217|0|1673956|2022-04-09 12:51:49.674391+02
742|1649503256.315989|2022-04-09 13:20:56.315989+02|0/5830DC40|1|2|809944|3|17011|0|0|2844217|0|1673956|2022-04-09 12:51:49.674391+02
743|1649503257.343840|2022-04-09 13:20:57.34384+02|0/5830DC40|1|2|809944|3|17011|0|0|2844217|0|1673956|2022-04-09 12:51:49.674391+02
744|1649503258.371681|2022-04-09 13:20:58.371681+02|0/5830DC40|1|2|809944|3|17011|0|0|2844217|0|1673956|2022-04-09 12:51:49.674391+02
745|1649503259.400130|2022-04-09 13:20:59.40013+02|0/5830DC40|1|2|809944|3|17011|0|0|2844217|0|1673956|2022-04-09 12:51:49.674391+02
746|1649503260.428565|2022-04-09 13:21:00.428565+02|0/5830DC40|1|2|809944|3|17011|0|0|2844217|0|1673956|2022-04-09 12:51:49.674391+02
747|1649503261.456564|2022-04-09 13:21:01.456564+02|0/5830DC40|1|2|809944|3|17011|0|0|2844217|0|1673956|2022-04-09 12:51:49.674391+02
748|1649503262.484385|2022-04-09 13:21:02.484385+02|0/5830DC40|1|2|809944|3|17011|0|0|2844217|0|1673956|2022-04-09 12:51:49.674391+02
749|1649503263.512205|2022-04-09 13:21:03.512205+02|0/5830DC40|1|2|809944|3|17011|0|0|2844217|0|1673956|2022-04-09 12:51:49.674391+02
750|1649503264.540447|2022-04-09 13:21:04.540447+02|0/5830DC40|1|2|809944|3|17011|0|0|2844217|0|1673956|2022-04-09 12:51:49.674391+02
751|1649503265.568822|2022-04-09 13:21:05.568822+02|0/5830DC40|1|2|809944|3|17011|0|0|2844217|0|1673956|2022-04-09 12:51:49.674391+02
752|1649503266.597470|2022-04-09 13:21:06.59747+02|0/5830DC40|1|2|809944|3|17011|0|0|2844217|0|1673956|2022-04-09 12:51:49.674391+02
753|1649503267.626062|2022-04-09 13:21:07.626062+02|0/5830DC40|1|2|809944|3|17011|0|0|2844217|0|1673956|2022-04-09 12:51:49.674391+02
754|1649503268.654101|2022-04-09 13:21:08.654101+02|0/5830DC40|1|2|809944|3|17011|0|0|2844217|0|1673956|2022-04-09 12:51:49.674391+02
755|1649503269.682295|2022-04-09 13:21:09.682295+02|0/5830DC40|1|2|809944|3|17011|0|0|2844217|0|1673956|2022-04-09 12:51:49.674391+02
756|1649503270.710838|2022-04-09 13:21:10.710838+02|0/5830DC40|1|2|809944|3|17011|0|0|2844217|0|1673956|2022-04-09 12:51:49.674391+02
757|1649503271.739480|2022-04-09 13:21:11.73948+02|0/5830DC40|1|2|809944|3|17011|0|0|2844217|0|1673956|2022-04-09 12:51:49.674391+02
758|1649503272.768362|2022-04-09 13:21:12.768362+02|0/5830DC40|1|2|809944|3|17011|0|0|2844217|0|1673956|2022-04-09 12:51:49.674391+02
759|1649503273.797049|2022-04-09 13:21:13.797049+02|0/5830DC40|1|2|809944|3|17011|0|0|2844217|0|1673956|2022-04-09 12:51:49.674391+02
760|1649503274.826054|2022-04-09 13:21:14.826054+02|0/5830DC40|1|2|809944|3|17011|0|0|2844217|0|1673956|2022-04-09 12:51:49.674391+02
761|1649503275.854967|2022-04-09 13:21:15.854967+02|0/5830DC40|1|2|809944|3|17011|0|0|2844217|0|1673956|2022-04-09 12:51:49.674391+02
762|1649503276.882892|2022-04-09 13:21:16.882892+02|0/5830DC40|1|2|809944|3|17011|0|0|2844217|0|1673956|2022-04-09 12:51:49.674391+02
763|1649503277.911286|2022-04-09 13:21:17.911286+02|0/5830DC40|1|2|809944|3|17011|0|0|2844217|0|1673956|2022-04-09 12:51:49.674391+02
764|1649503278.939342|2022-04-09 13:21:18.939342+02|0/5830DC40|1|2|809944|3|17011|0|0|2844217|0|1673956|2022-04-09 12:51:49.674391+02
765|1649503279.966927|2022-04-09 13:21:19.966927+02|0/5830DC40|1|2|809944|3|17011|0|0|2844217|0|1673956|2022-04-09 12:51:49.674391+02
766|1649503280.984576|2022-04-09 13:21:20.984576+02|0/5830DC40|1|2|809944|3|17011|0|0|2844217|0|1673956|2022-04-09 12:51:49.674391+02
767|1649503282.013124|2022-04-09 13:21:22.013124+02|0/5830DC40|1|2|809944|3|17011|0|0|2844217|0|1673956|2022-04-09 12:51:49.674391+02
768|1649503283.041429|2022-04-09 13:21:23.041429+02|0/5830DC40|1|2|809944|3|17011|0|0|2844217|0|1673956|2022-04-09 12:51:49.674391+02
769|1649503284.069780|2022-04-09 13:21:24.06978+02|0/5830DC40|1|2|809944|3|17011|0|0|2844217|0|1673956|2022-04-09 12:51:49.674391+02
770|1649503285.097700|2022-04-09 13:21:25.0977+02|0/5830DC40|1|2|809944|3|17011|0|0|2844217|0|1673956|2022-04-09 12:51:49.674391+02
771|1649503286.125162|2022-04-09 13:21:26.125162+02|0/5830DC40|1|2|809944|3|17011|0|0|2844217|0|1673956|2022-04-09 12:51:49.674391+02
772|1649503287.153087|2022-04-09 13:21:27.153087+02|0/5830DC40|1|2|809944|3|17011|0|0|2844217|0|1673956|2022-04-09 12:51:49.674391+02
773|1649503288.181753|2022-04-09 13:21:28.181753+02|0/5830DC40|1|2|809944|3|17011|0|0|2844217|0|1673956|2022-04-09 12:51:49.674391+02
774|1649503289.209980|2022-04-09 13:21:29.20998+02|0/5830DC40|1|2|809944|3|17011|0|0|2844217|0|1673956|2022-04-09 12:51:49.674391+02
775|1649503290.238219|2022-04-09 13:21:30.238219+02|0/5830DC40|1|2|809944|3|17011|0|0|2844217|0|1673956|2022-04-09 12:51:49.674391+02
776|1649503291.266503|2022-04-09 13:21:31.266503+02|0/5830DC40|1|2|809944|3|17011|0|0|2844217|0|1673956|2022-04-09 12:51:49.674391+02
777|1649503292.295027|2022-04-09 13:21:32.295027+02|0/5830DC40|1|2|809944|3|17011|0|0|2844217|0|1673956|2022-04-09 12:51:49.674391+02
778|1649503293.323311|2022-04-09 13:21:33.323311+02|0/5830DC40|1|2|809944|3|17011|0|0|2844217|0|1673956|2022-04-09 12:51:49.674391+02
779|1649503294.352015|2022-04-09 13:21:34.352015+02|0/5830DC40|1|2|809944|3|17011|0|0|2844217|0|1673956|2022-04-09 12:51:49.674391+02
780|1649503295.381137|2022-04-09 13:21:35.381137+02|0/5830DC40|1|2|809944|3|17011|0|0|2844217|0|1673956|2022-04-09 12:51:49.674391+02
781|1649503296.409113|2022-04-09 13:21:36.409113+02|0/5830DC40|1|2|809944|3|17011|0|0|2844217|0|1673956|2022-04-09 12:51:49.674391+02
782|1649503297.438040|2022-04-09 13:21:37.43804+02|0/5830DC40|1|2|809944|3|17011|0|0|2844217|0|1673956|2022-04-09 12:51:49.674391+02
783|1649503298.466754|2022-04-09 13:21:38.466754+02|0/5830DC40|1|2|809944|3|17011|0|0|2844217|0|1673956|2022-04-09 12:51:49.674391+02
784|1649503299.494953|2022-04-09 13:21:39.494953+02|0/5830DC40|1|2|809944|3|17011|0|0|2844217|0|1673956|2022-04-09 12:51:49.674391+02
785|1649503300.523634|2022-04-09 13:21:40.523634+02|0/5830DC40|1|2|809944|3|17011|0|0|2844217|0|1673956|2022-04-09 12:51:49.674391+02
786|1649503301.552011|2022-04-09 13:21:41.552011+02|0/5830DC40|1|2|809944|3|17011|0|0|2844217|0|1673956|2022-04-09 12:51:49.674391+02
787|1649503302.580529|2022-04-09 13:21:42.580529+02|0/5830DC40|1|2|809944|3|17011|0|0|2844217|0|1673956|2022-04-09 12:51:49.674391+02
788|1649503303.609584|2022-04-09 13:21:43.609584+02|0/5830DC40|1|2|809944|3|17011|0|0|2844217|0|1673956|2022-04-09 12:51:49.674391+02
789|1649503304.637943|2022-04-09 13:21:44.637943+02|0/5830DC40|1|2|809944|3|17011|0|0|2844217|0|1673956|2022-04-09 12:51:49.674391+02
790|1649503305.665537|2022-04-09 13:21:45.665537+02|0/5830DC40|1|2|809944|3|17011|0|0|2844217|0|1673956|2022-04-09 12:51:49.674391+02
791|1649503306.694333|2022-04-09 13:21:46.694333+02|0/5830DC40|1|2|809944|3|17011|0|0|2844217|0|1673956|2022-04-09 12:51:49.674391+02
792|1649503307.722919|2022-04-09 13:21:47.722919+02|0/5830DC40|1|2|809944|3|17011|0|0|2844217|0|1673956|2022-04-09 12:51:49.674391+02
793|1649503308.750807|2022-04-09 13:21:48.750807+02|0/5830DC40|1|2|809944|3|17011|0|0|2844217|0|1673956|2022-04-09 12:51:49.674391+02
794|1649503309.778781|2022-04-09 13:21:49.778781+02|0/5830DC40|2|2|809944|3|17011|0|0|2844217|0|1673956|2022-04-09 12:51:49.674391+02
795|1649503310.807113|2022-04-09 13:21:50.807113+02|0/5830DC40|2|2|809944|3|17011|0|0|2844217|0|1673956|2022-04-09 12:51:49.674391+02
796|1649503311.835934|2022-04-09 13:21:51.835934+02|0/5830DC40|2|2|809944|3|17011|0|0|2844217|0|1673956|2022-04-09 12:51:49.674391+02
797|1649503312.864218|2022-04-09 13:21:52.864218+02|0/5830DC40|2|2|809944|3|17011|0|0|2844217|0|1673956|2022-04-09 12:51:49.674391+02
798|1649503313.892651|2022-04-09 13:21:53.892651+02|0/5830DC40|2|2|809944|3|17011|0|0|2844217|0|1673956|2022-04-09 12:51:49.674391+02
799|1649503314.921177|2022-04-09 13:21:54.921177+02|0/5830DC40|2|2|809944|3|17011|0|0|2844217|0|1673956|2022-04-09 12:51:49.674391+02
800|1649503315.949029|2022-04-09 13:21:55.949029+02|0/5830DC40|2|2|809944|3|17011|0|0|2844217|0|1673956|2022-04-09 12:51:49.674391+02
801|1649503316.976683|2022-04-09 13:21:56.976683+02|0/5830DC40|2|2|809944|3|17011|0|0|2844217|0|1673956|2022-04-09 12:51:49.674391+02
802|1649503318.005083|2022-04-09 13:21:58.005083+02|0/5830DC40|2|2|809944|3|17011|0|0|2844217|0|1673956|2022-04-09 12:51:49.674391+02
803|1649503319.033591|2022-04-09 13:21:59.033591+02|0/5830DC40|2|2|809944|3|17011|0|0|2844217|0|1673956|2022-04-09 12:51:49.674391+02
804|1649503320.061978|2022-04-09 13:22:00.061978+02|0/5830DC40|2|2|809944|3|17011|0|0|2844217|0|1673956|2022-04-09 12:51:49.674391+02
805|1649503321.090864|2022-04-09 13:22:01.090864+02|0/5830DC40|2|2|809944|3|17011|0|0|2844217|0|1673956|2022-04-09 12:51:49.674391+02
806|1649503322.119598|2022-04-09 13:22:02.119598+02|0/5830DC40|2|2|809944|3|17011|0|0|2844217|0|1673956|2022-04-09 12:51:49.674391+02
807|1649503323.147594|2022-04-09 13:22:03.147594+02|0/5830DC40|2|2|809944|3|17011|0|0|2844217|0|1673956|2022-04-09 12:51:49.674391+02
808|1649503324.175657|2022-04-09 13:22:04.175657+02|0/5830DC40|2|2|809944|3|17011|0|0|2844217|0|1673956|2022-04-09 12:51:49.674391+02
809|1649503325.203678|2022-04-09 13:22:05.203678+02|0/5830DC40|2|2|809944|3|17011|0|0|2844217|0|1673956|2022-04-09 12:51:49.674391+02
810|1649503326.231790|2022-04-09 13:22:06.23179+02|0/5830DC40|2|2|809944|3|17011|0|0|2844217|0|1673956|2022-04-09 12:51:49.674391+02
811|1649503327.260201|2022-04-09 13:22:07.260201+02|0/5830DC40|2|2|809944|3|17011|0|0|2844217|0|1673956|2022-04-09 12:51:49.674391+02
812|1649503328.288341|2022-04-09 13:22:08.288341+02|0/5830DC40|2|2|809944|3|17011|0|0|2844217|0|1673956|2022-04-09 12:51:49.674391+02
813|1649503329.317276|2022-04-09 13:22:09.317276+02|0/5830DC40|2|2|809944|3|17011|0|0|2844217|0|1673956|2022-04-09 12:51:49.674391+02
814|1649503330.346019|2022-04-09 13:22:10.346019+02|0/5830DC40|2|2|809944|3|17011|0|0|2844217|0|1673956|2022-04-09 12:51:49.674391+02
815|1649503331.373985|2022-04-09 13:22:11.373985+02|0/5830DC40|2|2|809944|3|17011|0|0|2844217|0|1673956|2022-04-09 12:51:49.674391+02
816|1649503332.402141|2022-04-09 13:22:12.402141+02|0/5830DC40|2|2|809944|3|17011|0|0|2844217|0|1673956|2022-04-09 12:51:49.674391+02
817|1649503333.430975|2022-04-09 13:22:13.430975+02|0/5830DC40|2|2|809944|3|17011|0|0|2844217|0|1673956|2022-04-09 12:51:49.674391+02
818|1649503334.458897|2022-04-09 13:22:14.458897+02|0/5830DC40|2|2|809944|3|17011|0|0|2844217|0|1673956|2022-04-09 12:51:49.674391+02
819|1649503335.487404|2022-04-09 13:22:15.487404+02|0/5830DC40|2|2|809944|3|17011|0|0|2844217|0|1673956|2022-04-09 12:51:49.674391+02
820|1649503336.515590|2022-04-09 13:22:16.51559+02|0/5830DC40|2|2|809944|3|17011|0|0|2844217|0|1673956|2022-04-09 12:51:49.674391+02
821|1649503337.543066|2022-04-09 13:22:17.543066+02|0/5830DC40|2|2|809944|3|17011|0|0|2844217|0|1673956|2022-04-09 12:51:49.674391+02
822|1649503338.571533|2022-04-09 13:22:18.571533+02|0/5830DC40|2|2|809944|3|17011|0|0|2844217|0|1673956|2022-04-09 12:51:49.674391+02
823|1649503339.600341|2022-04-09 13:22:19.600341+02|0/5830DC40|2|2|809944|3|17011|0|0|2844217|0|1673956|2022-04-09 12:51:49.674391+02
824|1649503340.629046|2022-04-09 13:22:20.629046+02|0/5830DC40|2|2|809944|3|17011|0|0|2844217|0|1673956|2022-04-09 12:51:49.674391+02
825|1649503341.657188|2022-04-09 13:22:21.657188+02|0/5830DC40|2|2|809944|3|17011|0|0|2844217|0|1673956|2022-04-09 12:51:49.674391+02
826|1649503342.685791|2022-04-09 13:22:22.685791+02|0/5830DC40|2|2|809944|3|17011|0|0|2844217|0|1673956|2022-04-09 12:51:49.674391+02
827|1649503343.714076|2022-04-09 13:22:23.714076+02|0/5830DC40|2|2|809944|3|17011|0|0|2844217|0|1673956|2022-04-09 12:51:49.674391+02
828|1649503344.742489|2022-04-09 13:22:24.742489+02|0/5830DC40|2|2|809944|3|17011|0|0|2844217|0|1673956|2022-04-09 12:51:49.674391+02
829|1649503345.770964|2022-04-09 13:22:25.770964+02|0/5830DC40|2|2|809944|3|17011|0|0|2844217|0|1673956|2022-04-09 12:51:49.674391+02
830|1649503346.799393|2022-04-09 13:22:26.799393+02|0/5830DC40|2|2|809944|3|17011|0|0|2844217|0|1673956|2022-04-09 12:51:49.674391+02
831|1649503347.827643|2022-04-09 13:22:27.827643+02|0/5830DC40|2|2|809944|3|17011|0|0|2844217|0|1673956|2022-04-09 12:51:49.674391+02
832|1649503348.856078|2022-04-09 13:22:28.856078+02|0/5830DC40|2|2|809944|3|17011|0|0|2844217|0|1673956|2022-04-09 12:51:49.674391+02
833|1649503349.884098|2022-04-09 13:22:29.884098+02|0/5830DC40|2|2|809944|3|17011|0|0|2844217|0|1673956|2022-04-09 12:51:49.674391+02
834|1649503350.912644|2022-04-09 13:22:30.912644+02|0/5830DC40|2|2|809944|3|17011|0|0|2844217|0|1673956|2022-04-09 12:51:49.674391+02
835|1649503351.941054|2022-04-09 13:22:31.941054+02|0/5830DC40|2|2|809944|3|17011|0|0|2844217|0|1673956|2022-04-09 12:51:49.674391+02
836|1649503352.969722|2022-04-09 13:22:32.969722+02|0/5830DC40|2|2|809944|3|17011|0|0|2844217|0|1673956|2022-04-09 12:51:49.674391+02
837|1649503353.998064|2022-04-09 13:22:33.998064+02|0/5830DC40|2|2|809944|3|17011|0|0|2844217|0|1673956|2022-04-09 12:51:49.674391+02
838|1649503355.026485|2022-04-09 13:22:35.026485+02|0/5830DC40|2|2|809944|3|17011|0|0|2844217|0|1673956|2022-04-09 12:51:49.674391+02
839|1649503356.054806|2022-04-09 13:22:36.054806+02|0/5830DC40|2|2|809944|3|17011|0|0|2844217|0|1673956|2022-04-09 12:51:49.674391+02
840|1649503357.083264|2022-04-09 13:22:37.083264+02|0/5830DC40|2|2|809944|3|17011|0|0|2844217|0|1673956|2022-04-09 12:51:49.674391+02
841|1649503358.111023|2022-04-09 13:22:38.111023+02|0/5830DC40|2|2|809944|3|17011|0|0|2844217|0|1673956|2022-04-09 12:51:49.674391+02
842|1649503359.139511|2022-04-09 13:22:39.139511+02|0/5830DC40|2|2|809944|3|17011|0|0|2844217|0|1673956|2022-04-09 12:51:49.674391+02
843|1649503360.167899|2022-04-09 13:22:40.167899+02|0/5830DC40|2|2|809944|3|17011|0|0|2844217|0|1673956|2022-04-09 12:51:49.674391+02
844|1649503361.195837|2022-04-09 13:22:41.195837+02|0/5830DC40|2|2|809944|3|17011|0|0|2844217|0|1673956|2022-04-09 12:51:49.674391+02
845|1649503362.224449|2022-04-09 13:22:42.224449+02|0/5830DC40|2|2|809944|3|17011|0|0|2844217|0|1673956|2022-04-09 12:51:49.674391+02
846|1649503363.253739|2022-04-09 13:22:43.253739+02|0/5830DC40|2|2|809944|3|17011|0|0|2844217|0|1673956|2022-04-09 12:51:49.674391+02
847|1649503364.281822|2022-04-09 13:22:44.281822+02|0/5830DC40|2|2|809944|3|17011|0|0|2844217|0|1673956|2022-04-09 12:51:49.674391+02
848|1649503365.310225|2022-04-09 13:22:45.310225+02|0/5830DC40|2|2|809944|3|17011|0|0|2844217|0|1673956|2022-04-09 12:51:49.674391+02
849|1649503366.338617|2022-04-09 13:22:46.338617+02|0/5830DC40|2|2|809944|3|17011|0|0|2844217|0|1673956|2022-04-09 12:51:49.674391+02
850|1649503367.366764|2022-04-09 13:22:47.366764+02|0/5830DC40|2|2|809944|3|17011|0|0|2844217|0|1673956|2022-04-09 12:51:49.674391+02
851|1649503368.395088|2022-04-09 13:22:48.395088+02|0/5830DC40|2|2|809944|3|17011|0|0|2844217|0|1673956|2022-04-09 12:51:49.674391+02
852|1649503369.423883|2022-04-09 13:22:49.423883+02|0/5830DC40|2|2|809944|3|17011|0|0|2844217|0|1673956|2022-04-09 12:51:49.674391+02
853|1649503370.451854|2022-04-09 13:22:50.451854+02|0/5830DC40|2|2|809944|3|17011|0|0|2844217|0|1673956|2022-04-09 12:51:49.674391+02
854|1649503371.479612|2022-04-09 13:22:51.479612+02|0/5830DC40|2|2|809944|3|17011|0|0|2844217|0|1673956|2022-04-09 12:51:49.674391+02
855|1649503372.507457|2022-04-09 13:22:52.507457+02|0/5830DC40|2|2|809944|3|17011|0|0|2844217|0|1673956|2022-04-09 12:51:49.674391+02
856|1649503373.535580|2022-04-09 13:22:53.53558+02|0/5830DC40|2|2|809944|3|17011|0|0|2844217|0|1673956|2022-04-09 12:51:49.674391+02
857|1649503374.563701|2022-04-09 13:22:54.563701+02|0/5830DC40|2|2|809944|3|17011|0|0|2844217|0|1673956|2022-04-09 12:51:49.674391+02
858|1649503375.592350|2022-04-09 13:22:55.59235+02|0/5830DC40|2|2|809944|3|17011|0|0|2844217|0|1673956|2022-04-09 12:51:49.674391+02
859|1649503376.620973|2022-04-09 13:22:56.620973+02|0/5830DC40|2|2|809944|3|17011|0|0|2844217|0|1673956|2022-04-09 12:51:49.674391+02
860|1649503377.648743|2022-04-09 13:22:57.648743+02|0/5830DC40|2|2|809944|3|17011|0|0|2844217|0|1673956|2022-04-09 12:51:49.674391+02
861|1649503378.677092|2022-04-09 13:22:58.677092+02|0/5830DC40|2|2|809944|3|17011|0|0|2844217|0|1673956|2022-04-09 12:51:49.674391+02
862|1649503379.705974|2022-04-09 13:22:59.705974+02|0/5830DC40|2|2|809944|3|17011|0|0|2844217|0|1673956|2022-04-09 12:51:49.674391+02
863|1649503380.734673|2022-04-09 13:23:00.734673+02|0/5830DC40|2|2|809944|3|17011|0|0|2844217|0|1673956|2022-04-09 12:51:49.674391+02
864|1649503381.763490|2022-04-09 13:23:01.76349+02|0/5830DC40|2|2|809944|3|17011|0|0|2844217|0|1673956|2022-04-09 12:51:49.674391+02
865|1649503382.791203|2022-04-09 13:23:02.791203+02|0/5830DC40|2|2|809944|3|17011|0|0|2844217|0|1673956|2022-04-09 12:51:49.674391+02
866|1649503383.820173|2022-04-09 13:23:03.820173+02|0/5830DC40|2|2|809944|3|17011|0|0|2844217|0|1673956|2022-04-09 12:51:49.674391+02
867|1649503384.848724|2022-04-09 13:23:04.848724+02|0/5830DC40|2|2|809944|3|17011|0|0|2844217|0|1673956|2022-04-09 12:51:49.674391+02
868|1649503385.877249|2022-04-09 13:23:05.877249+02|0/5830DC40|2|2|809944|3|17011|0|0|2844217|0|1673956|2022-04-09 12:51:49.674391+02
869|1649503386.905434|2022-04-09 13:23:06.905434+02|0/5830DC40|2|2|809944|3|17011|0|0|2844217|0|1673956|2022-04-09 12:51:49.674391+02
870|1649503387.935538|2022-04-09 13:23:07.935538+02|0/5830DC40|2|2|809944|3|17011|0|0|2844217|0|1673956|2022-04-09 12:51:49.674391+02
871|1649503388.963127|2022-04-09 13:23:08.963127+02|0/5830DC40|2|2|809944|3|17011|0|0|2844217|0|1673956|2022-04-09 12:51:49.674391+02
872|1649503389.991550|2022-04-09 13:23:09.99155+02|0/5830DC40|2|2|809944|3|17011|0|0|2844217|0|1673956|2022-04-09 12:51:49.674391+02
873|1649503391.019700|2022-04-09 13:23:11.0197+02|0/5830DC40|2|2|809944|3|17011|0|0|2844217|0|1673956|2022-04-09 12:51:49.674391+02
874|1649503392.047498|2022-04-09 13:23:12.047498+02|0/5830DC40|2|2|809944|3|17011|0|0|2844217|0|1673956|2022-04-09 12:51:49.674391+02
875|1649503393.075435|2022-04-09 13:23:13.075435+02|0/5830DC40|2|2|809944|3|17011|0|0|2844217|0|1673956|2022-04-09 12:51:49.674391+02
