run|epoch|ts|datid|datname|numbackends|xact_commit|xact_rollback|blks_read|blks_hit|tup_returned|tup_fetched|tup_inserted|tup_updated|tup_deleted|conflicts|temp_files|temp_bytes|deadlocks|checksum_failures|checksum_last_failure|blk_read_time|blk_write_time|session_time|active_time|idle_in_transaction_time|sessions|sessions_abandoned|sessions_fatal|sessions_killed|stats_reset
1|1650229689.081785|2022-04-17 23:08:09.081785+02|16385|test|1|1611505944|0|1534979|7549127950|1778840483|1763402106|160926892|150925423|471|0|1|200450048|0|||0|0|144099205.805|53954979.785|16568663.676|8960|0|0|0|2022-04-17 21:48:44.519486+02
1|1650229690.107485|2022-04-17 23:08:10.107485+02|16385|test|33|1611587732|0|1535255|7550100253|1779007497|1763568944|161008479|151007010|471|0|1|200450048|0|||0|0|144131302.545|53971971.441|16577764.088|8996|0|0|0|2022-04-17 21:48:44.519486+02
2|1650229691.134225|2022-04-17 23:08:11.134225+02|16385|test|33|1611673242|0|1535859|7551086705|1779178726|1763740168|161093985|151092516|471|0|1|200450048|0|||0|0|144163332.794|53988557.15|16587250.734|8998|0|0|0|2022-04-17 21:48:44.519486+02
3|1650229692.160176|2022-04-17 23:08:12.160176+02|16385|test|33|1611758786|0|1536201|7552056513|1779350022|1763911460|161179525|151178056|471|0|1|200450048|0|||0|0|144195401.85|54005153.299|16596774.813|9000|0|0|0|2022-04-17 21:48:44.519486+02
4|1650229693.186680|2022-04-17 23:08:13.18668+02|16385|test|33|1611842761|0|1536867|7552999472|1779518178|1764079614|161263496|151262027|471|0|1|200450048|0|||0|0|144227432.152|54022119.036|16606045.117|9002|0|0|0|2022-04-17 21:48:44.519486+02
5|1650229694.213000|2022-04-17 23:08:14.213+02|16385|test|33|1611927589|0|1537353|7553945851|1779688042|1764249474|161348320|151346851|471|0|1|200450048|0|||0|0|144259462.606|54038833.115|16615465.89|9004|0|0|0|2022-04-17 21:48:44.519486+02
6|1650229695.240065|2022-04-17 23:08:15.240065+02|16385|test|33|1612012133|0|1538040|7554885671|1779857338|1764418766|161432860|151431391|471|0|1|200450048|0|||0|0|144291493.998|54055544.165|16624909.987|9006|0|0|0|2022-04-17 21:48:44.519486+02
7|1650229696.266119|2022-04-17 23:08:16.266119+02|16385|test|33|1612097361|0|1538364|7555829572|1780028002|1764589426|161518084|151516615|471|0|1|200450048|0|||0|0|144323526.399|54072214.448|16634354.559|9008|0|0|0|2022-04-17 21:48:44.519486+02
8|1650229697.292455|2022-04-17 23:08:17.292455+02|16385|test|33|1612139835|0|1538648|7556300058|1780113144|1764674566|161560555|151559086|471|0|1|200450048|0|||0|0|144339548.753|54080557.203|16639079.274|9009|0|0|0|2022-04-17 21:48:44.519486+02
9|1650229698.307921|2022-04-17 23:08:18.307921+02|16385|test|33|1612266959|0|1539418|7557705239|1780368878|1764929040|161687672|151686203|471|0|1|200450048|0|||0|0|144387579.34|54105650.059|16653206.379|9012|0|0|0|2022-04-17 21:48:44.519486+02
10|1650229699.334797|2022-04-17 23:08:19.334797+02|16385|test|33|1612351475|0|1539984|7558638833|1780538118|1765098276|161772184|151770715|471|0|1|200450048|0|||0|0|144419610.744|54122520.856|16662533.037|9014|0|0|0|2022-04-17 21:48:44.519486+02
11|1650229700.360462|2022-04-17 23:08:20.360462+02|16385|test|33|1612436592|0|1540532|7559578933|1780708558|1765268714|161857297|151855828|471|0|1|200450048|0|||0|0|144451642.47|54139147.827|16672017.327|9016|0|0|0|2022-04-17 21:48:44.519486+02
12|1650229701.386633|2022-04-17 23:08:21.386633+02|16385|test|33|1612521724|0|1541218|7560518824|1780879031|1765439182|161942425|151940956|471|0|1|200450048|0|||0|0|144483673.066|54155858.323|16681448.946|9018|0|0|0|2022-04-17 21:48:44.519486+02
13|1650229702.412674|2022-04-17 23:08:22.412674+02|16385|test|33|1612607243|0|1541540|7561461981|1781050279|1765610424|162027940|152026471|471|0|1|200450048|0|||0|0|144515702.838|54172450.394|16690952.456|9020|0|0|0|2022-04-17 21:48:44.519486+02
14|1650229703.439015|2022-04-17 23:08:23.439015+02|16385|test|33|1612691979|0|1542131|7562397860|1781219958|1765780100|162112672|152111203|471|0|1|200450048|0|||0|0|144547732.569|54189292.368|16700294.701|9022|0|0|0|2022-04-17 21:48:44.519486+02
15|1650229704.465236|2022-04-17 23:08:24.465236+02|16385|test|33|1612777004|0|1542817|7563336296|1781390215|1765950354|162197693|152196224|471|0|1|200450048|0|||0|0|144579763.939|54205988.83|16709748.585|9024|0|0|0|2022-04-17 21:48:44.519486+02
16|1650229705.491533|2022-04-17 23:08:25.491533+02|16385|test|33|1612862833|0|1543207|7564283783|1781562086|1766122216|162283518|152282049|471|0|1|200450048|0|||0|0|144611794.259|54222568.407|16719253.494|9026|0|0|0|2022-04-17 21:48:44.519486+02
17|1650229706.518015|2022-04-17 23:08:26.518015+02|16385|test|33|1612947813|0|1543899|7565222463|1781732256|1766292380|162368494|152367025|471|0|1|200450048|0|||0|0|144643825.4|54239376.136|16728615.113|9028|0|0|0|2022-04-17 21:48:44.519486+02
18|1650229707.544850|2022-04-17 23:08:27.54485+02|16385|test|33|1613032701|0|1544305|7566159048|1781902244|1766462360|162453378|152451909|471|0|1|200450048|0|||0|0|144675856.486|54256175.427|16737992.998|9030|0|0|0|2022-04-17 21:48:44.519486+02
19|1650229708.571023|2022-04-17 23:08:28.571023+02|16385|test|33|1613118428|0|1544853|7567105291|1782073914|1766634018|162539101|152537632|471|0|1|200450048|0|||0|0|144707887.948|54272722.155|16747517.12|9032|0|0|0|2022-04-17 21:48:44.519486+02
20|1650229709.597630|2022-04-17 23:08:29.59763+02|16385|test|33|1613209232|0|1545503|7568107831|1782255731|1766815830|162629901|152628432|471|0|1|200450048|0|||0|0|144741919.676|54290580.232|16757436.583|9034|0|0|0|2022-04-17 21:48:44.519486+02
21|1650229710.623231|2022-04-17 23:08:30.623231+02|16385|test|33|1613331290|0|1546192|7569454570|1782500067|1767060150|162751955|152750486|471|0|1|200450048|0|||0|0|144787956.974|54314766.148|16770893.408|9036|0|0|0|2022-04-17 21:48:44.519486+02
22|1650229711.650124|2022-04-17 23:08:31.650124+02|16385|test|33|1613416584|0|1546924|7570396724|1782670871|1767230942|162837245|152835776|471|0|1|200450048|0|||0|0|144819989.271|54331492.21|16780315.756|9038|0|0|0|2022-04-17 21:48:44.519486+02
23|1650229712.676046|2022-04-17 23:08:32.676046+02|16385|test|33|1613502332|0|1547248|7571342469|1782842586|1767402642|162922989|152921520|471|0|1|200450048|0|||0|0|144852018.502|54348052.122|16789844.448|9040|0|0|0|2022-04-17 21:48:44.519486+02
24|1650229713.702524|2022-04-17 23:08:33.702524+02|16385|test|33|1613586668|0|1548036|7572273640|1783011471|1767571518|163007321|153005852|471|0|1|200450048|0|||0|0|144884049.713|54365055.027|16799102.746|9042|0|0|0|2022-04-17 21:48:44.519486+02
25|1650229714.728926|2022-04-17 23:08:34.728926+02|16385|test|33|1613671307|0|1548484|7573207706|1783180960|1767741000|163091956|153090487|471|0|1|200450048|0|||0|0|144916080.955|54381972.878|16808410.914|9044|0|0|0|2022-04-17 21:48:44.519486+02
26|1650229715.755571|2022-04-17 23:08:35.755571+02|16385|test|33|1613757484|0|1548870|7574158476|1783353525|1767913558|163178129|153176660|471|0|1|200450048|0|||0|0|144948110.241|54398479.962|16817969.805|9046|0|0|0|2022-04-17 21:48:44.519486+02
27|1650229716.780764|2022-04-17 23:08:36.780764+02|16385|test|33|1613842698|0|1549478|7575099063|1783524168|1768084190|163263339|153261870|471|0|1|200450048|0|||0|0|144980142.361|54415270.504|16827342.953|9048|0|0|0|2022-04-17 21:48:44.519486+02
28|1650229717.806354|2022-04-17 23:08:37.806354+02|16385|test|33|1613928528|0|1549967|7576046559|1783696054|1768256054|163349165|153347696|471|0|1|200450048|0|||0|0|145012172.571|54431882.511|16836832.517|9050|0|0|0|2022-04-17 21:48:44.519486+02
29|1650229718.833158|2022-04-17 23:08:38.833158+02|16385|test|33|1614014609|0|1550619|7576997129|1783868431|1768428420|163435242|153433773|471|0|1|200450048|0|||0|0|145044203.928|54448370.687|16846409.103|9052|0|0|0|2022-04-17 21:48:44.519486+02
30|1650229719.859895|2022-04-17 23:08:39.859895+02|16385|test|33|1614100399|0|1551145|7577943772|1784040227|1768600204|163521028|153519559|471|0|1|200450048|0|||0|0|145076233.742|54464897.932|16855954.736|9054|0|0|0|2022-04-17 21:48:44.519486+02
31|1650229720.887020|2022-04-17 23:08:40.88702+02|16385|test|33|1614186213|0|1551633|7578890881|1784212069|1768772036|163606838|153605369|471|0|1|200450048|0|||0|0|145108265.887|54481443.282|16865479.074|9056|0|0|0|2022-04-17 21:48:44.519486+02
32|1650229721.913190|2022-04-17 23:08:41.91319+02|16385|test|33|1614272314|0|1552365|7579841920|1784384498|1768944442|163692935|153691466|471|0|1|200450048|0|||0|0|145140309.444|54497947.727|16875034.825|9058|0|0|0|2022-04-17 21:48:44.519486+02
33|1650229722.939373|2022-04-17 23:08:42.939373+02|16385|test|33|1614356824|0|1552773|7580774398|1784553741|1769113666|163777441|153775972|471|0|1|200450048|0|||0|0|145172341.175|54514920.972|16884301.876|9060|0|0|0|2022-04-17 21:48:44.519486+02
34|1650229723.966004|2022-04-17 23:08:43.966004+02|16385|test|33|1614436528|0|1553323|7581654658|1784713372|1769273278|163857141|153855672|471|0|1|200450048|0|||0|0|145204370.504|54532578.458|16893147.082|9062|0|0|0|2022-04-17 21:48:44.519486+02
35|1650229724.992761|2022-04-17 23:08:44.992761+02|16385|test|33|1614522880|0|1553771|7582607642|1784886291|1769446186|163943489|153942020|471|0|1|200450048|0|||0|0|145236401.504|54549114.863|16902679.817|9064|0|0|0|2022-04-17 21:48:44.519486+02
36|1650229726.019429|2022-04-17 23:08:46.019429+02|16385|test|33|1614608905|0|1554418|7583557351|1785058563|1769618440|164029510|154028041|471|0|1|200450048|0|||0|0|145268431.907|54565713.471|16912168.95|9066|0|0|0|2022-04-17 21:48:44.519486+02
37|1650229727.045726|2022-04-17 23:08:47.045726+02|16385|test|33|1614694919|0|1554886|7584506666|1785230812|1769790672|164115520|154114051|471|0|1|200450048|0|||0|0|145300463.988|54582216.444|16921738.846|9068|0|0|0|2022-04-17 21:48:44.519486+02
38|1650229728.072591|2022-04-17 23:08:48.072591+02|16385|test|33|1614780877|0|1555438|7585455960|1785402949|1769962792|164201474|154200005|471|0|1|200450048|0|||0|0|145332495.287|54598754.359|16931281.562|9070|0|0|0|2022-04-17 21:48:44.519486+02
39|1650229729.098994|2022-04-17 23:08:49.098994+02|16385|test|33|1614866470|0|1555986|7586400717|1785574355|1770134182|164287063|154285594|471|0|1|200450048|0|||0|0|145364526.614|54615424.087|16940742.846|9072|0|0|0|2022-04-17 21:48:44.519486+02
40|1650229730.124673|2022-04-17 23:08:50.124673+02|16385|test|33|1614995476|0|1556838|7587824524|1785832603|1770392398|164416065|154414596|471|0|1|200450048|0|||0|0|145412563.369|54640184.592|16955072.949|9074|0|0|0|2022-04-17 21:48:44.519486+02
41|1650229731.151235|2022-04-17 23:08:51.151235+02|16385|test|33|1615081336|0|1557307|7588772155|1786004540|1770564322|164501921|154500452|471|0|1|200450048|0|||0|0|145444596.507|54656745.733|16964598.751|9076|0|0|0|2022-04-17 21:48:44.519486+02
42|1650229732.177839|2022-04-17 23:08:52.177839+02|16385|test|33|1615166396|0|1557998|7589711464|1786174880|1770734646|164586977|154585508|471|0|1|200450048|0|||0|0|145476628.323|54673579.62|16973953.516|9078|0|0|0|2022-04-17 21:48:44.519486+02
43|1650229733.204346|2022-04-17 23:08:53.204346+02|16385|test|33|1615252020|0|1558385|7590656742|1786346354|1770906098|164672597|154671128|471|0|1|200450048|0|||0|0|145508663.87|54690173.849|16983466.313|9080|0|0|0|2022-04-17 21:48:44.519486+02
44|1650229734.231208|2022-04-17 23:08:54.231208+02|16385|test|33|1615338066|0|1559034|7591606626|1786518668|1771078394|164758639|154757170|471|0|1|200450048|0|||0|0|145540696.266|54706692.534|16993013.959|9082|0|0|0|2022-04-17 21:48:44.519486+02
45|1650229735.257805|2022-04-17 23:08:55.257805+02|16385|test|33|1615424060|0|1559500|7592555479|1786690878|1771250586|164844629|154843160|471|0|1|200450048|0|||0|0|145572728.895|54723238.115|17002544.814|9084|0|0|0|2022-04-17 21:48:44.519486+02
46|1650229736.284713|2022-04-17 23:08:56.284713+02|16385|test|33|1615509288|0|1560050|7593496413|1786861554|1771421246|164929853|154928384|471|0|1|200450048|0|||0|0|145604761.152|54740000.77|17011947.049|9086|0|0|0|2022-04-17 21:48:44.519486+02
47|1650229737.310922|2022-04-17 23:08:57.310922+02|16385|test|33|1615595322|0|1560602|7594446483|1787033841|1771593518|165015883|155014414|471|0|1|200450048|0|||0|0|145636792.434|54756543.946|17021476.572|9088|0|0|0|2022-04-17 21:48:44.519486+02
48|1650229738.337242|2022-04-17 23:08:58.337242+02|16385|test|33|1615680871|0|1561288|7595390651|1787205162|1771764820|165101428|155099959|471|0|1|200450048|0|||0|0|145668823.894|54773188.567|17030951.618|9090|0|0|0|2022-04-17 21:48:44.519486+02
49|1650229739.363148|2022-04-17 23:08:59.363148+02|16385|test|33|1615766929|0|1561698|7596340626|1787377496|1771937140|165187482|155186013|471|0|1|200450048|0|||0|0|145700852.247|54789668.764|17040528.158|9092|0|0|0|2022-04-17 21:48:44.519486+02
50|1650229740.389875|2022-04-17 23:09:00.389875+02|16385|test|33|1615852191|0|1562227|7597282009|1787548239|1772107868|165272740|155271271|471|0|1|200450048|0|||0|0|145732883.639|54806466.83|17049904.299|9094|0|0|0|2022-04-17 21:48:44.519486+02
51|1650229741.416701|2022-04-17 23:09:01.416701+02|16385|test|33|1615937626|0|1562797|7598225291|1787719330|1772278942|165358171|155356702|471|0|1|200450048|0|||0|0|145764914.452|54823176.288|17059333.679|9096|0|0|0|2022-04-17 21:48:44.519486+02
52|1650229742.442860|2022-04-17 23:09:02.44286+02|16385|test|33|1616023049|0|1563387|7599168467|1787890394|1772449992|165443590|155442121|471|0|1|200450048|0|||0|0|145796945.495|54839908.935|17068738.017|9098|0|0|0|2022-04-17 21:48:44.519486+02
53|1650229743.470067|2022-04-17 23:09:03.470067+02|16385|test|33|1616108699|0|1563937|7600114113|1788061908|1772621496|165529236|155527767|471|0|1|200450048|0|||0|0|145828976.974|54856517.539|17078230.086|9100|0|0|0|2022-04-17 21:48:44.519486+02
54|1650229744.496312|2022-04-17 23:09:04.496312+02|16385|test|33|1616194602|0|1564401|7601061694|1788233936|1772793506|165615135|155613666|471|0|1|200450048|0|||0|0|145861006.937|54873075.604|17087767.19|9102|0|0|0|2022-04-17 21:48:44.519486+02
55|1650229745.522842|2022-04-17 23:09:05.522842+02|16385|test|33|1616280599|0|1565093|7602011511|1788406145|1772965704|165701128|155699659|471|0|1|200450048|0|||0|0|145893042.788|54889609.079|17097314.632|9104|0|0|0|2022-04-17 21:48:44.519486+02
56|1650229746.549510|2022-04-17 23:09:06.54951+02|16385|test|33|1616366594|0|1565641|7602960696|1788578350|1773137898|165787119|155785650|471|0|1|200450048|0|||0|0|145925077.003|54906159.687|17106841.285|9106|0|0|0|2022-04-17 21:48:44.519486+02
57|1650229747.575885|2022-04-17 23:09:07.575885+02|16385|test|33|1616452271|0|1566092|7603906463|1788749924|1773309456|165872792|155871323|471|0|1|200450048|0|||0|0|145957107.737|54922805.085|17116304.597|9108|0|0|0|2022-04-17 21:48:44.519486+02
58|1650229748.602516|2022-04-17 23:09:08.602516+02|16385|test|33|1616538222|0|1566600|7604855303|1788922042|1773481562|165958739|155957270|471|0|1|200450048|0|||0|0|145989139.352|54939301.126|17125862.58|9110|0|0|0|2022-04-17 21:48:44.519486+02
59|1650229749.628916|2022-04-17 23:09:09.628916+02|16385|test|33|1616667409|0|1567416|7606281542|1789180639|1773740140|166087922|156086453|471|0|1|200450048|0|||0|0|146037175.721|54964037.743|17140203.977|9112|0|0|0|2022-04-17 21:48:44.519486+02
60|1650229750.654941|2022-04-17 23:09:10.654941+02|16385|test|33|1616753547|0|1568005|7607232322|1789353130|1773912620|166174056|156172587|471|0|1|200450048|0|||0|0|146069207.737|54980559.832|17149756.739|9114|0|0|0|2022-04-17 21:48:44.519486+02
61|1650229751.681830|2022-04-17 23:09:11.68183+02|16385|test|33|1616839703|0|1568515|7608183412|1789525654|1774085136|166260208|156258739|471|0|1|200450048|0|||0|0|146101238.95|54997048.618|17159319.543|9116|0|0|0|2022-04-17 21:48:44.519486+02
62|1650229752.708646|2022-04-17 23:09:12.708646+02|16385|test|33|1616925594|0|1569105|7609131736|1789697649|1774257122|166346095|156344626|471|0|1|200450048|0|||0|0|146133269.626|55013582.415|17168860.311|9118|0|0|0|2022-04-17 21:48:44.519486+02
63|1650229753.735236|2022-04-17 23:09:13.735236+02|16385|test|33|1617011674|0|1569617|7610082263|1789870020|1774429486|166432171|156430702|471|0|1|200450048|0|||0|0|146165301.916|55030070.714|17178426.989|9120|0|0|0|2022-04-17 21:48:44.519486+02
64|1650229754.761427|2022-04-17 23:09:14.761427+02|16385|test|33|1617092013|0|1570123|7610968824|1790030910|1774590368|166512506|156511037|471|0|1|200450048|0|||0|0|146197333.04|55047700.788|17187271.84|9122|0|0|0|2022-04-17 21:48:44.519486+02
65|1650229755.788397|2022-04-17 23:09:15.788397+02|16385|test|33|1617178100|0|1570832|7611919306|1790203297|1774762746|166598589|156597120|471|0|1|200450048|0|||0|0|146229364.795|55064256.006|17196789.782|9124|0|0|0|2022-04-17 21:48:44.519486+02
66|1650229756.815083|2022-04-17 23:09:16.815083+02|16385|test|33|1617263070|0|1571396|7612856686|1790373450|1774932890|166683555|156682086|471|0|1|200450048|0|||0|0|146261397.7|55081155.705|17206098.505|9126|0|0|0|2022-04-17 21:48:44.519486+02
67|1650229757.841755|2022-04-17 23:09:17.841755+02|16385|test|34|1617347526|0|1571942|7613794546|1790543492|1775102006|166768007|156766538|471|0|1|200450048|0|||0|0|146293430.376|55097698.654|17215670.467|9128|0|0|0|2022-04-17 21:48:44.519486+02
68|1650229758.868588|2022-04-17 23:09:18.868588+02|16385|test|34|1617432742|0|1572448|7614766454|1790719026|1775272642|166853219|156851750|471|0|1|200450048|0|||0|0|146325463.997|55114040.465|17225338.337|9130|0|0|0|2022-04-17 21:48:44.519486+02
69|1650229759.894683|2022-04-17 23:09:19.894683+02|16385|test|34|1617517862|0|1572957|7615776210|1790900290|1775443086|166938335|156936866|471|0|1|200450048|0|||0|0|146357492.849|55130428.453|17234964.879|9132|0|0|0|2022-04-17 21:48:44.519486+02
70|1650229760.921427|2022-04-17 23:09:20.921427+02|16385|test|34|1617560280|0|1573121|7616298200|1790993576|1775528114|166980750|156979281|471|0|1|200450048|0|||0|0|146373516.289|55138591.511|17239814.183|9133|0|0|0|2022-04-17 21:48:44.519486+02
71|1650229761.937187|2022-04-17 23:09:21.937187+02|16385|test|34|1617685545|0|1573973|7617744927|1791254824|1775779532|167106010|157104541|471|0|1|200450048|0|||0|0|146421547.537|55163749.375|17253899.932|9136|0|0|0|2022-04-17 21:48:44.519486+02
72|1650229762.963419|2022-04-17 23:09:22.963419+02|16385|test|34|1617767490|0|1574540|7618652829|1791419642|1775943626|167187951|157186482|471|0|1|200450048|0|||0|0|146453580.401|55181017.074|17262984.563|9138|0|0|0|2022-04-17 21:48:44.519486+02
73|1650229763.990399|2022-04-17 23:09:23.990399+02|16385|test|34|1617849303|0|1574968|7619558148|1791584049|1776107456|167269760|157268291|471|0|1|200450048|0|||0|0|146485614.085|55198344.447|17272021.524|9140|0|0|0|2022-04-17 21:48:44.519486+02
74|1650229765.016912|2022-04-17 23:09:25.016912+02|16385|test|34|1617932081|0|1575536|7620473917|1791750325|1776273216|167352534|157351065|471|0|1|200450048|0|||0|0|146517643.037|55215383.571|17281250.922|9142|0|0|0|2022-04-17 21:48:44.519486+02
75|1650229766.043493|2022-04-17 23:09:26.043493+02|16385|test|34|1618014479|0|1576086|7621384945|1791915716|1776438216|167434928|157433459|471|0|1|200450048|0|||0|0|146549674.979|55232550.323|17290405.364|9144|0|0|0|2022-04-17 21:48:44.519486+02
76|1650229767.070413|2022-04-17 23:09:27.070413+02|16385|test|34|1618097706|0|1576552|7622304387|1792082737|1776604874|167518151|157516682|471|0|1|200450048|0|||0|0|146581706.272|55249524.165|17299664.766|9146|0|0|0|2022-04-17 21:48:44.519486+02
77|1650229768.097110|2022-04-17 23:09:28.09711+02|16385|test|34|1618180254|0|1577142|7623216685|1792248366|1776770174|167600695|157599226|471|0|1|200450048|0|||0|0|146613739.572|55266596.47|17308870.603|9148|0|0|0|2022-04-17 21:48:44.519486+02
78|1650229769.124321|2022-04-17 23:09:29.124321+02|16385|test|34|1618274058|0|1577734|7624252892|1792436526|1776957986|167694495|157693026|471|0|1|200450048|0|||0|0|146649772.786|55285770.556|17319236.333|9150|0|0|0|2022-04-17 21:48:44.519486+02
79|1650229770.149992|2022-04-17 23:09:30.149992+02|16385|test|34|1618386860|0|1578424|7625498957|1792662727|1777183794|167807293|157805824|471|0|1|200450048|0|||0|0|146693808.984|55309443.731|17331786.867|9152|0|0|0|2022-04-17 21:48:44.519486+02
80|1650229771.176580|2022-04-17 23:09:31.17658+02|16385|test|34|1618469745|0|1579032|7626414501|1792829001|1777349768|167890174|157888705|471|0|1|200450048|0|||0|0|146725839.437|55326493.022|17341008.783|9154|0|0|0|2022-04-17 21:48:44.519486+02
81|1650229772.203646|2022-04-17 23:09:32.203646+02|16385|test|34|1618553075|0|1579420|7627334750|1792996126|1777516632|167973500|157972031|471|0|1|200450048|0|||0|0|146757871.78|55343428.387|17350305.921|9156|0|0|0|2022-04-17 21:48:44.519486+02
82|1650229773.230502|2022-04-17 23:09:33.230502+02|16385|test|34|1618636159|0|1580050|7628252696|1793162765|1777683004|168056580|158055111|471|0|1|200450048|0|||0|0|146789904.464|55360395.329|17359590.19|9158|0|0|0|2022-04-17 21:48:44.519486+02
83|1650229774.256885|2022-04-17 23:09:34.256885+02|16385|test|34|1618718862|0|1580478|7629166020|1793328641|1777848614|168139279|158137810|471|0|1|200450048|0|||0|0|146821936.192|55377449.753|17368812.933|9160|0|0|0|2022-04-17 21:48:44.519486+02
84|1650229775.282357|2022-04-17 23:09:35.282357+02|16385|test|34|1618801820|0|1581186|7630082369|1793495015|1778014734|168222233|158220764|471|0|1|200450048|0|||0|0|146853967.104|55394497.888|17378035.947|9162|0|0|0|2022-04-17 21:48:44.519486+02
85|1650229776.308921|2022-04-17 23:09:36.308921+02|16385|test|34|1618884952|0|1581572|7630999968|1793661748|1778181202|168305361|158303892|471|0|1|200450048|0|||0|0|146885998.502|55411467.155|17387305.356|9164|0|0|0|2022-04-17 21:48:44.519486+02
86|1650229777.334988|2022-04-17 23:09:37.334988+02|16385|test|34|1618967714|0|1582238|7631913950|1793827732|1778346930|168388119|158386650|471|0|1|200450048|0|||0|0|146918029.749|55428544.044|17396508.492|9166|0|0|0|2022-04-17 21:48:44.519486+02
87|1650229778.361807|2022-04-17 23:09:38.361807+02|16385|test|34|1619051022|0|1582723|7632833679|1793994797|1778513750|168471423|158469954|471|0|1|200450048|0|||0|0|146950060.878|55445512.782|17405779.479|9168|0|0|0|2022-04-17 21:48:44.519486+02
88|1650229779.388486|2022-04-17 23:09:39.388486+02|16385|test|34|1619134382|0|1583191|7633754153|1794161972|1778680674|168554779|158553310|471|0|1|200450048|0|||0|0|146982093.093|55462377.861|17415115.526|9170|0|0|0|2022-04-17 21:48:44.519486+02
89|1650229780.415789|2022-04-17 23:09:40.415789+02|16385|test|34|1619217238|0|1583799|7634669247|1794328124|1778846590|168637631|158636162|471|0|1|200450048|0|||0|0|147014123.115|55479393.696|17424359.4|9172|0|0|0|2022-04-17 21:48:44.519486+02
90|1650229781.442939|2022-04-17 23:09:41.442939+02|16385|test|34|1619300675|0|1584263|7635590082|1794495460|1779013668|168721064|158719595|471|0|1|200450048|0|||0|0|147046156.081|55496317.561|17433665.565|9174|0|0|0|2022-04-17 21:48:44.519486+02
91|1650229782.469066|2022-04-17 23:09:42.469066+02|16385|test|34|1619383635|0|1584769|7636505968|1794661824|1779179792|168804020|158802551|471|0|1|200450048|0|||0|0|147078187.172|55513388.4|17442874.206|9176|0|0|0|2022-04-17 21:48:44.519486+02
92|1650229783.494632|2022-04-17 23:09:43.494632+02|16385|test|34|1619466685|0|1585275|7637422862|1794828374|1779346096|168887066|158885597|471|0|1|200450048|0|||0|0|147110217.967|55530363.118|17452149.554|9178|0|0|0|2022-04-17 21:48:44.519486+02
93|1650229784.520451|2022-04-17 23:09:44.520451+02|16385|test|34|1619549833|0|1585821|7638340886|1794995143|1779512596|168970210|158968741|471|0|1|200450048|0|||0|0|147142248.773|55547311.124|17461445.714|9180|0|0|0|2022-04-17 21:48:44.519486+02
94|1650229785.547348|2022-04-17 23:09:45.547348+02|16385|test|34|1619627874|0|1586349|7639202841|1795151681|1779668882|169048247|159046778|471|0|1|200450048|0|||0|0|147174280.476|55565159.787|17470176.722|9182|0|0|0|2022-04-17 21:48:44.519486+02
95|1650229786.573512|2022-04-17 23:09:46.573512+02|16385|test|34|1619711458|0|1586800|7640126295|1795319288|1779836254|169131827|159130358|471|0|1|200450048|0|||0|0|147206310.081|55582148.115|17479426.239|9184|0|0|0|2022-04-17 21:48:44.519486+02
96|1650229787.599105|2022-04-17 23:09:47.599105+02|16385|test|34|1619794348|0|1587408|7641041736|1795485523|1780002238|169214713|159213244|471|0|1|200450048|0|||0|0|147238340.601|55599248.201|17488621.102|9186|0|0|0|2022-04-17 21:48:44.519486+02
97|1650229788.624625|2022-04-17 23:09:48.624625+02|16385|test|34|1619877273|0|1587856|7641957416|1795651802|1780168292|169297634|159296165|471|0|1|200450048|0|||0|0|147270374.036|55616344.018|17497816.766|9188|0|0|0|2022-04-17 21:48:44.519486+02
98|1650229789.651371|2022-04-17 23:09:49.651371+02|16385|test|34|1620002238|0|1588808|7643337269|1795902291|1780418426|169422595|159421126|471|0|1|200450048|0|||0|0|147318410.852|55641760.645|17511750.659|9190|0|0|0|2022-04-17 21:48:44.519486+02
99|1650229790.677396|2022-04-17 23:09:50.677396+02|16385|test|34|1620085236|0|1589177|7644253902|1796068738|1780584626|169505589|159504120|471|0|1|200450048|0|||0|0|147350440.644|55658771.348|17521002.496|9192|0|0|0|2022-04-17 21:48:44.519486+02
100|1650229791.703389|2022-04-17 23:09:51.703389+02|16385|test|34|1620168242|0|1589784|7645170452|1796235216|1780750842|169588591|159587122|471|0|1|200450048|0|||0|0|147382470.703|55675743.396|17530286.193|9194|0|0|0|2022-04-17 21:48:44.519486+02
101|1650229792.730619|2022-04-17 23:09:52.730619+02|16385|test|34|1620250858|0|1590233|7646082805|1796400867|1780916278|169671203|159669734|471|0|1|200450048|0|||0|0|147414507.47|55692925.109|17539423.159|9196|0|0|0|2022-04-17 21:48:44.519486+02
102|1650229793.757234|2022-04-17 23:09:53.757234+02|16385|test|34|1620333172|0|1590921|7646992069|1796565934|1781081110|169753513|159752044|471|0|1|200450048|0|||0|0|147446538.081|55710151.487|17548535.601|9198|0|0|0|2022-04-17 21:48:44.519486+02
103|1650229794.784071|2022-04-17 23:09:54.784071+02|16385|test|34|1620407454|0|1591367|7647812242|1796714919|1781229878|169827791|159826322|471|0|1|200450048|0|||0|0|147478687.275|55728910.346|17556769.178|9200|0|0|0|2022-04-17 21:48:44.519486+02
104|1650229795.809638|2022-04-17 23:09:55.809638+02|16385|test|34|1620486379|0|1591833|7648683533|1796873186|1781387932|169906712|159905243|471|0|1|200450048|0|||0|0|147510718.415|55746904.677|17565383.699|9202|0|0|0|2022-04-17 21:48:44.519486+02
105|1650229796.835435|2022-04-17 23:09:56.835435+02|16385|test|34|1620569529|0|1592281|7649601562|1797039893|1781554436|169989858|159988389|471|0|1|200450048|0|||0|0|147542749.011|55763989.179|17574568.207|9204|0|0|0|2022-04-17 21:48:44.519486+02
106|1650229797.861767|2022-04-17 23:09:57.861767+02|16385|test|34|1620653078|0|1593011|7650524675|1797207418|1781721738|170073403|160071934|471|0|1|200450048|0|||0|0|147574781.227|55780923.23|17583844.186|9206|0|0|0|2022-04-17 21:48:44.519486+02
107|1650229798.888461|2022-04-17 23:09:58.888461+02|16385|test|34|1620736289|0|1593438|7651443101|1797374244|1781888364|170156610|160155141|471|0|1|200450048|0|||0|0|147606813.111|55797915.181|17593093.981|9208|0|0|0|2022-04-17 21:48:44.519486+02
108|1650229799.914630|2022-04-17 23:09:59.91463+02|16385|test|34|1620818186|0|1593926|7652347448|1797538470|1782052362|170238503|160237034|471|0|1|200450048|0|||0|0|147638843.284|55815285.601|17602124.086|9210|0|0|0|2022-04-17 21:48:44.519486+02
109|1650229800.941023|2022-04-17 23:10:00.941023+02|16385|test|34|1620870549|0|1594370|7652925767|1797643524|1782157292|170290862|160289393|471|0|1|200450048|0|||0|0|147670893.578|55837932.513|17607892.09|9212|0|0|0|2022-04-17 21:48:44.519486+02
110|1650229801.966578|2022-04-17 23:10:01.966578+02|16385|test|34|1620953438|0|1594777|7653840934|1797809738|1782323274|170373747|160372278|471|0|1|200450048|0|||0|0|147702923.825|55855170.401|17616978.175|9214|0|0|0|2022-04-17 21:48:44.519486+02
111|1650229802.993326|2022-04-17 23:10:02.993326+02|16385|test|34|1621036231|0|1595368|7654755516|1797975745|1782489064|170456536|160455067|471|0|1|200450048|0|||0|0|147734956.019|55872272.099|17626161.069|9216|0|0|0|2022-04-17 21:48:44.519486+02
112|1650229804.019841|2022-04-17 23:10:04.019841+02|16385|test|34|1621119711|0|1595770|7655676512|1798143130|1782656228|170540012|160538543|471|0|1|200450048|0|||0|0|147766987.035|55889154.774|17635487.768|9218|0|0|0|2022-04-17 21:48:44.519486+02
113|1650229805.046160|2022-04-17 23:10:05.04616+02|16385|test|34|1621203155|0|1596342|7656598327|1798310433|1782823320|170623452|160621983|471|0|1|200450048|0|||0|0|147799018.148|55906098.728|17644783.47|9220|0|0|0|2022-04-17 21:48:44.519486+02
114|1650229806.073045|2022-04-17 23:10:06.073045+02|16385|test|34|1621286527|0|1597032|7657519431|1798477615|1782990268|170706820|160705351|471|0|1|200450048|0|||0|0|147831049.272|55923023.711|17654078.042|9222|0|0|0|2022-04-17 21:48:44.519486+02
115|1650229807.100363|2022-04-17 23:10:07.100363+02|16385|test|34|1621369813|0|1597578|7658438851|1798644610|1783157044|170790102|160788633|471|0|1|200450048|0|||0|0|147863081.138|55940012.439|17663335.807|9224|0|0|0|2022-04-17 21:48:44.519486+02
116|1650229808.127238|2022-04-17 23:10:08.127238+02|16385|test|34|1621452310|0|1597887|7659349938|1798810019|1783322242|170872595|160871126|471|0|1|200450048|0|||0|0|147895152.955|55957154.283|17672529.936|9226|0|0|0|2022-04-17 21:48:44.519486+02
117|1650229809.154267|2022-04-17 23:10:09.154267+02|16385|test|34|1621576788|0|1598829|7660724161|1799059505|1783571402|170997069|160995600|471|0|1|200450048|0|||0|0|147943192.1|55982692.036|17686386.852|9228|0|0|0|2022-04-17 21:48:44.519486+02
118|1650229810.181153|2022-04-17 23:10:10.181153+02|16385|test|34|1621660366|0|1599257|7661646800|1799227035|1783738762|171080643|161079174|471|0|1|200450048|0|||0|0|147975223.75|55999560.42|17695734.944|9230|0|0|0|2022-04-17 21:48:44.519486+02
119|1650229811.206460|2022-04-17 23:10:11.20646+02|16385|test|34|1621743342|0|1599745|7662562958|1799393379|1783904918|171163615|161162146|471|0|1|200450048|0|||0|0|148007255.563|56016515.365|17705032.896|9232|0|0|0|2022-04-17 21:48:44.519486+02
120|1650229812.233770|2022-04-17 23:10:12.23377+02|16385|test|34|1621826589|0|1600337|7663482844|1799560299|1784071616|171246858|161245389|471|0|1|200450048|0|||0|0|148039287.73|56033482.334|17714304.171|9234|0|0|0|2022-04-17 21:48:44.519486+02
121|1650229813.259162|2022-04-17 23:10:13.259162+02|16385|test|34|1621909780|0|1600945|7664401600|1799727105|1784238202|171330045|161328576|471|0|1|200450048|0|||0|0|148071319.191|56050426.088|17723602.913|9236|0|0|0|2022-04-17 21:48:44.519486+02
122|1650229814.284607|2022-04-17 23:10:14.284607+02|16385|test|34|1621991815|0|1601373|7665307397|1799891581|1784402476|171412076|161410607|471|0|1|200450048|0|||0|0|148103350.017|56067728.115|17732671.1|9238|0|0|0|2022-04-17 21:48:44.519486+02
123|1650229815.311400|2022-04-17 23:10:15.3114+02|16385|test|34|1622074632|0|1601903|7666222009|1800057592|1784568314|171494889|161493420|471|0|1|200450048|0|||0|0|148135381.452|56084773.236|17741905.205|9240|0|0|0|2022-04-17 21:48:44.519486+02
124|1650229816.337815|2022-04-17 23:10:16.337815+02|16385|test|34|1622157439|0|1602389|7667136107|1800223607|1784734132|171577692|161576223|471|0|1|200450048|0|||0|0|148167417.594|56101869.337|17751096.047|9242|0|0|0|2022-04-17 21:48:44.519486+02
125|1650229817.363635|2022-04-17 23:10:17.363635+02|16385|test|35|1622199460|0|1602653|7667600314|1800307943|1784818366|171619710|161618241|471|0|1|200450048|0|||0|0|148183439.754|56110300.727|17755769.629|9243|0|0|0|2022-04-17 21:48:44.519486+02
126|1650229818.379319|2022-04-17 23:10:18.379319+02|16385|test|35|1622322442|0|1603586|7668973332|1800556714|1785064546|171742687|161741218|471|0|1|200450048|0|||0|0|148231469.139|56135804.438|17769680.632|9246|0|0|0|2022-04-17 21:48:44.519486+02
127|1650229819.405774|2022-04-17 23:10:19.405774+02|16385|test|35|1622405254|0|1604412|7669931589|1800729469|1785230374|171825495|161824026|471|0|1|200450048|0|||0|0|148263498.819|56152590.963|17779076.01|9248|0|0|0|2022-04-17 21:48:44.519486+02
128|1650229820.432444|2022-04-17 23:10:20.432444+02|16385|test|35|1622488266|0|1604734|7670931849|1800908840|1785396602|171908503|161907034|471|0|1|200450048|0|||0|0|148295530.231|56169527.236|17788358.252|9250|0|0|0|2022-04-17 21:48:44.519486+02
129|1650229821.459470|2022-04-17 23:10:21.45947+02|16385|test|35|1622571275|0|1605178|7671984703|1801096138|1785562824|171991508|161990039|471|0|1|200450048|0|||0|0|148327563.068|56186408.183|17797672.841|9252|0|0|0|2022-04-17 21:48:44.519486+02
130|1650229822.486218|2022-04-17 23:10:22.486218+02|16385|test|34|1622653832|0|1605784|7673188260|1801280729|1785728998|172074066|162072592|480|0|1|200450048|0|||0|0|148359594.237|56203308.552|17806983.147|9254|0|0|0|2022-04-17 21:48:44.519486+02
131|1650229823.512914|2022-04-17 23:10:23.512914+02|16385|test|34|1622736407|0|1606286|7674104726|1801447466|1785894352|172156637|162155163|480|0|1|200450048|0|||0|0|148391626.922|56220332.8|17816231.997|9256|0|0|0|2022-04-17 21:48:44.519486+02
132|1650229824.539815|2022-04-17 23:10:24.539815+02|16385|test|34|1622818677|0|1606801|7675016172|1801613306|1786059096|172238903|162237429|480|0|1|200450048|0|||0|0|148423658.472|56237537.343|17825362.662|9258|0|0|0|2022-04-17 21:48:44.519486+02
133|1650229825.564356|2022-04-17 23:10:25.564356+02|16385|test|34|1622901543|0|1607315|7675933614|1801780228|1786225032|172321765|162320291|480|0|1|200450048|0|||0|0|148455688.121|56254554.883|17834608.919|9260|0|0|0|2022-04-17 21:48:44.519486+02
134|1650229826.591046|2022-04-17 23:10:26.591046+02|16385|test|34|1622984014|0|1607829|7676845811|1801946252|1786390178|172404232|162402758|480|0|1|200450048|0|||0|0|148487719.578|56271713.439|17843768.765|9262|0|0|0|2022-04-17 21:48:44.519486+02
135|1650229827.616981|2022-04-17 23:10:27.616981+02|16385|test|34|1623066427|0|1608343|7677756912|1802112065|1786555208|172486641|162485167|480|0|1|200450048|0|||0|0|148519750.947|56288883.671|17852919.231|9264|0|0|0|2022-04-17 21:48:44.519486+02
136|1650229828.643811|2022-04-17 23:10:28.643811+02|16385|test|34|1623149482|0|1608857|7678674851|1802279147|1786721522|172569692|162568218|480|0|1|200450048|0|||0|0|148552282.404|56306501.448|17862095.099|9266|0|0|0|2022-04-17 21:48:44.519486+02
137|1650229829.669261|2022-04-17 23:10:29.669261+02|16385|test|34|1623272216|0|1609885|7680031140|1802525891|1786967194|172692422|162690948|480|0|1|200450048|0|||0|0|148599819.733|56331930.364|17875694.639|9268|0|0|0|2022-04-17 21:48:44.519486+02
138|1650229830.695723|2022-04-17 23:10:30.695723+02|16385|test|34|1623354340|0|1610399|7680938207|1802690998|1787131646|172774542|162773068|480|0|1|200450048|0|||0|0|148631850.557|56349182.815|17884796.607|9270|0|0|0|2022-04-17 21:48:44.519486+02
139|1650229831.722133|2022-04-17 23:10:31.722133+02|16385|test|34|1623429716|0|1610882|7681770670|1802842505|1787282602|172849914|162848440|480|0|1|200450048|0|||0|0|148663881.717|56367731.495|17893085.3|9272|0|0|0|2022-04-17 21:48:44.519486+02
140|1650229832.748941|2022-04-17 23:10:32.748941+02|16385|test|34|1623511989|0|1611396|7682679617|1803007909|1787447352|172932183|162930709|480|0|1|200450048|0|||0|0|148695916.242|56385071.66|17902118.236|9274|0|0|0|2022-04-17 21:48:44.519486+02
141|1650229833.775441|2022-04-17 23:10:33.775441+02|16385|test|34|1623595200|0|1611910|7683598644|1803175206|1787613978|173015390|163013916|480|0|1|200450048|0|||0|0|148727947.797|56402115.577|17911347.64|9276|0|0|0|2022-04-17 21:48:44.519486+02
142|1650229834.801166|2022-04-17 23:10:34.801166+02|16385|test|34|1623677945|0|1612412|7684512447|1803341553|1787779672|173098131|163096657|480|0|1|200450048|0|||0|0|148759979.815|56419192.182|17920554.686|9278|0|0|0|2022-04-17 21:48:44.519486+02
143|1650229835.828240|2022-04-17 23:10:35.82824+02|16385|test|34|1623760468|0|1612926|7685423708|1803507393|1787944922|173180650|163179176|480|0|1|200450048|0|||0|0|148792011.013|56436458.042|17929635.024|9280|0|0|0|2022-04-17 21:48:44.519486+02
144|1650229836.855207|2022-04-17 23:10:36.855207+02|16385|test|34|1623831522|0|1613368|7686208442|1803650232|1788087234|173251700|163250226|480|0|1|200450048|0|||0|0|148824041.893|56455737.804|17937472.079|9282|0|0|0|2022-04-17 21:48:44.519486+02
145|1650229837.882198|2022-04-17 23:10:37.882198+02|16385|test|34|1623914263|0|1613882|7687122102|1803816508|1788252920|173334437|163332963|480|0|1|200450048|0|||0|0|148856073.012|56472962.247|17946577.076|9284|0|0|0|2022-04-17 21:48:44.519486+02
146|1650229838.909726|2022-04-17 23:10:38.909726+02|16385|test|34|1623995791|0|1614344|7688022343|1803980374|1788416180|173415961|163414487|480|0|1|200450048|0|||0|0|148888104.916|56490392.413|17955564.476|9286|0|0|0|2022-04-17 21:48:44.519486+02
147|1650229839.936050|2022-04-17 23:10:39.93605+02|16385|test|34|1624077509|0|1614858|7688924714|1804144596|1788579820|173497675|163496201|480|0|1|200450048|0|||0|0|148920153.144|56507705.057|17964627.268|9288|0|0|0|2022-04-17 21:48:44.519486+02
148|1650229840.962279|2022-04-17 23:10:40.962279+02|16385|test|34|1624159653|0|1615373|7689831997|1804309666|1788744312|173579815|163578341|480|0|1|200450048|0|||0|0|148952187.041|56524908.69|17973762.597|9290|0|0|0|2022-04-17 21:48:44.519486+02
149|1650229841.988593|2022-04-17 23:10:41.988593+02|16385|test|34|1624241178|0|1615887|7690732262|1804473530|1788907566|173661336|163659862|480|0|1|200450048|0|||0|0|148984217.504|56542298.772|17982781.995|9292|0|0|0|2022-04-17 21:48:44.519486+02
150|1650229843.015257|2022-04-17 23:10:43.015257+02|16385|test|34|1624322419|0|1616401|7691629373|1804636799|1789070252|173742573|163741099|480|0|1|200450048|0|||0|0|149016251.702|56559757.832|17991754.094|9294|0|0|0|2022-04-17 21:48:44.519486+02
151|1650229844.041284|2022-04-17 23:10:44.041284+02|16385|test|34|1624404346|0|1616915|7692534074|1804801438|1789234310|173824496|163823022|480|0|1|200450048|0|||0|0|149048282.381|56577001.457|18000862.744|9296|0|0|0|2022-04-17 21:48:44.519486+02
152|1650229845.068150|2022-04-17 23:10:45.06815+02|16385|test|34|1624486372|0|1617429|7693439746|1804966230|1789398566|173906518|163905044|480|0|1|200450048|0|||0|0|149080313.092|56594168.465|18010012.858|9298|0|0|0|2022-04-17 21:48:44.519486+02
153|1650229846.094616|2022-04-17 23:10:46.094616+02|16385|test|34|1624567066|0|1617943|7694330764|1805128369|1789560158|173987208|163985734|480|0|1|200450048|0|||0|0|149112344.996|56611640.698|18018977.454|9300|0|0|0|2022-04-17 21:48:44.519486+02
154|1650229847.121361|2022-04-17 23:10:47.121361+02|16385|test|34|1624648198|0|1618457|7695226526|1805291343|1789722626|174068336|164066862|480|0|1|200450048|0|||0|0|149144383.214|56629029.979|18027997.927|9302|0|0|0|2022-04-17 21:48:44.519486+02
155|1650229848.148115|2022-04-17 23:10:48.148115+02|16385|test|34|1624729817|0|1618879|7696127609|1805455319|1789886068|174149951|164148477|480|0|1|200450048|0|||0|0|149176415.281|56646380.929|18037032.234|9304|0|0|0|2022-04-17 21:48:44.519486+02
156|1650229849.175156|2022-04-17 23:10:49.175156+02|16385|test|34|1624852091|0|1619908|7697478107|1805700869|1790130820|174272221|164270747|480|0|1|200450048|0|||0|0|149224452.786|56672286.683|18050667.193|9306|0|0|0|2022-04-17 21:48:44.519486+02
157|1650229850.201773|2022-04-17 23:10:50.201773+02|16385|test|34|1624933829|0|1620422|7698380623|1805865106|1790294500|174353955|164352481|480|0|1|200450048|0|||0|0|149256485.5|56689558.634|18059757.688|9308|0|0|0|2022-04-17 21:48:44.519486+02
158|1650229851.228797|2022-04-17 23:10:51.228797+02|16385|test|34|1625014652|0|1620936|7699273033|1806027489|1790456350|174434774|164433300|480|0|1|200450048|0|||0|0|149288517.123|56707026.071|18068743.808|9310|0|0|0|2022-04-17 21:48:44.519486+02
159|1650229852.255219|2022-04-17 23:10:52.255219+02|16385|test|34|1625096405|0|1621450|7700175655|1806191716|1790620060|174516523|164515049|480|0|1|200450048|0|||0|0|149320549.821|56724308.234|18077823.892|9312|0|0|0|2022-04-17 21:48:44.519486+02
160|1650229853.282056|2022-04-17 23:10:53.282056+02|16385|test|34|1625177941|0|1621964|7701075941|1806355544|1790783336|174598055|164596581|480|0|1|200450048|0|||0|0|149352581.554|56741560.87|18086921.072|9314|0|0|0|2022-04-17 21:48:44.519486+02
161|1650229854.308560|2022-04-17 23:10:54.30856+02|16385|test|34|1625258796|0|1622478|7701968667|1806517977|1790945250|174678906|164677432|480|0|1|200450048|0|||0|0|149384611.575|56759018.995|18095893.907|9316|0|0|0|2022-04-17 21:48:44.519486+02
162|1650229855.334558|2022-04-17 23:10:55.334558+02|16385|test|34|1625340639|0|1622992|7702872312|1806682415|1791109140|174760745|164759271|480|0|1|200450048|0|||0|0|149416642.388|56776270.608|18105004.066|9318|0|0|0|2022-04-17 21:48:44.519486+02
163|1650229856.360657|2022-04-17 23:10:56.360657+02|16385|test|34|1625421453|0|1623507|7703764823|1806844745|1791270972|174841555|164840081|480|0|1|200450048|0|||0|0|149448674.635|56793738.576|18113982.32|9320|0|0|0|2022-04-17 21:48:44.519486+02
164|1650229857.386619|2022-04-17 23:10:57.386619+02|16385|test|34|1625502558|0|1624021|7704660243|1807007665|1791433386|174922656|164921182|480|0|1|200450048|0|||0|0|149480716.401|56811176.662|18122980.696|9322|0|0|0|2022-04-17 21:48:44.519486+02
165|1650229858.411024|2022-04-17 23:10:58.411024+02|16385|test|34|1625580067|0|1624535|7705515994|1807163329|1791588608|175000161|164998687|480|0|1|200450048|0|||0|0|149512746.835|56829369.669|18131498.081|9324|0|0|0|2022-04-17 21:48:44.519486+02
166|1650229859.436645|2022-04-17 23:10:59.436645+02|16385|test|34|1625661836|0|1625049|7706418722|1807327561|1791752350|175081926|165080452|480|0|1|200450048|0|||0|0|149544778.9|56846692.221|18140541.74|9326|0|0|0|2022-04-17 21:48:44.519486+02
167|1650229860.462779|2022-04-17 23:11:00.462779+02|16385|test|34|1625744454|0|1625563|7707330818|1807493520|1791917790|175164540|165163066|480|0|1|200450048|0|||0|0|149576811.195|56863618.597|18149859.619|9328|0|0|0|2022-04-17 21:48:44.519486+02
168|1650229861.489606|2022-04-17 23:11:01.489606+02|16385|test|34|1625828504|0|1626077|7708258726|1807662340|1792086094|175248586|165247112|480|0|1|200450048|0|||0|0|149608844.268|56880154.79|18159439.303|9330|0|0|0|2022-04-17 21:48:44.519486+02
169|1650229862.514702|2022-04-17 23:11:02.514702+02|16385|test|34|1625912500|0|1626591|7709185932|1807831015|1792254290|175332578|165331104|480|0|1|200450048|0|||0|0|149640876.279|56896661.581|18169034.731|9332|0|0|0|2022-04-17 21:48:44.519486+02
170|1650229863.538497|2022-04-17 23:11:03.538497+02|16385|test|34|1625992967|0|1627105|7710074294|1807992633|1792415428|175413041|165411567|480|0|1|200450048|0|||0|0|149672905.324|56913932.844|18178140.51|9334|0|0|0|2022-04-17 21:48:44.519486+02
171|1650229864.565191|2022-04-17 23:11:04.565191+02|16385|test|34|1626076815|0|1627620|7711000024|1808161019|1792583328|175496885|165495411|480|0|1|200450048|0|||0|0|149704937.025|56930786.776|18187470.423|9336|0|0|0|2022-04-17 21:48:44.519486+02
172|1650229865.591777|2022-04-17 23:11:05.591777+02|16385|test|34|1626160954|0|1628134|7711928805|1808329966|1792751810|175581020|165579546|480|0|1|200450048|0|||0|0|149736977.047|56947428.61|18196967.806|9338|0|0|0|2022-04-17 21:48:44.519486+02
173|1650229866.618637|2022-04-17 23:11:06.618637+02|16385|test|34|1626243528|0|1628648|7712840412|1808495775|1792917162|175663590|165662116|480|0|1|200450048|0|||0|0|149769013.112|56964247.717|18206358.899|9340|0|0|0|2022-04-17 21:48:44.519486+02
174|1650229867.644871|2022-04-17 23:11:07.644871+02|16385|test|34|1626327800|0|1629014|7713771054|1808665008|1793085910|175747858|165746384|480|0|1|200450048|0|||0|0|149801044.773|56980715.203|18215969.593|9342|0|0|0|2022-04-17 21:48:44.519486+02
175|1650229868.671465|2022-04-17 23:11:08.671465+02|16385|test|34|1626417645|0|1629481|7714763506|1808845445|1793265804|175837699|165836225|480|0|1|200450048|0|||0|0|149835578.514|56998764.929|18226136.008|9344|0|0|0|2022-04-17 21:48:44.519486+02
176|1650229869.697795|2022-04-17 23:11:09.697795+02|16385|test|34|1626535617|0|1630366|7716066235|1809082292|1793501952|175955667|165954193|480|0|1|200450048|0|||0|0|149881115.173|57022429.264|18239665.29|9346|0|0|0|2022-04-17 21:48:44.519486+02
177|1650229870.724025|2022-04-17 23:11:10.724025+02|16385|test|34|1626618831|0|1630956|7716985964|1809249397|1793668584|176038877|166037403|480|0|1|200450048|0|||0|0|149913145.825|57039091.578|18249159.131|9348|0|0|0|2022-04-17 21:48:44.519486+02
178|1650229871.750523|2022-04-17 23:11:11.750523+02|16385|test|34|1626702016|0|1631521|7717904809|1809416394|1793835158|176122058|166120584|480|0|1|200450048|0|||0|0|149945177.901|57055752.924|18258649.186|9350|0|0|0|2022-04-17 21:48:44.519486+02
179|1650229872.777073|2022-04-17 23:11:12.777073+02|16385|test|34|1626785410|0|1632127|7718826057|1809583870|1794002150|176205448|166203974|480|0|1|200450048|0|||0|0|149977211.169|57072375.916|18268176.988|9352|0|0|0|2022-04-17 21:48:44.519486+02
180|1650229873.803957|2022-04-17 23:11:13.803957+02|16385|test|34|1626868574|0|1632691|7719744362|1809750824|1794168682|176288608|166287134|480|0|1|200450048|0|||0|0|150009249.286|57089127.31|18277615.607|9354|0|0|0|2022-04-17 21:48:44.519486+02
181|1650229874.830951|2022-04-17 23:11:14.830951+02|16385|test|34|1626952303|0|1632933|7720668438|1809918925|1794336344|176372333|166370859|480|0|1|200450048|0|||0|0|150041283.481|57105592.58|18287245.334|9356|0|0|0|2022-04-17 21:48:44.519486+02
182|1650229875.857435|2022-04-17 23:11:15.857435+02|16385|test|33|1627035168|0|1846899|7723551381|1810086975|1794502753|176455197|166453718|489|0|1|200450048|0|||0|0|150073314.883|57122612.353|18296506.546|9358|0|0|0|2022-04-17 21:48:44.519486+02
183|1650229876.883379|2022-04-17 23:11:16.883379+02|16385|test|34|1627121310|0|1847405|7724502673|1810259892|1794675229|176541336|166539857|489|0|1|200450048|0|||0|0|150105342.939|57139155.29|18306032.194|9359|0|0|0|2022-04-17 21:48:44.519486+02
184|1650229877.899811|2022-04-17 23:11:17.899811+02|16385|test|34|1627206214|0|1847871|7725446280|1810431270|1794845253|176626235|166624756|489|0|1|200450048|0|||0|0|150137365.433|57155556.631|18315690.044|9362|0|0|0|2022-04-17 21:48:44.519486+02
185|1650229878.926624|2022-04-17 23:11:18.926624+02|16385|test|34|1627290128|0|1848519|7726402568|1810604258|1795013285|176710145|166708666|489|0|1|200450048|0|||0|0|150169395.333|57172234.604|18325148.061|9364|0|0|0|2022-04-17 21:48:44.519486+02
186|1650229879.954190|2022-04-17 23:11:19.95419+02|16385|test|34|1627375213|0|1848981|7727408423|1810785325|1795183659|176795226|166793747|489|0|1|200450048|0|||0|0|150201427.185|57188603.018|18334788.573|9366|0|0|0|2022-04-17 21:48:44.519486+02
187|1650229880.981183|2022-04-17 23:11:20.981183+02|16385|test|34|1627417322|0|1849405|7727924578|1810877736|1795268069|176837332|166835853|489|0|1|200450048|0|||0|0|150217450.45|57196856.013|18339573.592|9367|0|0|0|2022-04-17 21:48:44.519486+02
188|1650229881.998044|2022-04-17 23:11:21.998044+02|16385|test|34|1627544004|0|1850015|7729394355|1811143461|1795522321|176964009|166962530|489|0|1|200450048|0|||0|0|150265478.738|57221446.459|18354031.165|9370|0|0|0|2022-04-17 21:48:44.519486+02
189|1650229883.024025|2022-04-17 23:11:23.024025+02|16385|test|34|1627628714|0|1850541|7730369421|1811319750|1795691945|177048715|167047236|489|0|1|200450048|0|||0|0|150297511.803|57237881.08|18363673.987|9372|0|0|0|2022-04-17 21:48:44.519486+02
190|1650229884.048066|2022-04-17 23:11:24.048066+02|16385|test|34|1627708704|0|1851050|7731325045|1811491567|1795852129|177128701|167127222|489|0|1|200450048|0|||0|0|150329540.357|57255265.96|18372694.101|9374|0|0|0|2022-04-17 21:48:44.519486+02
191|1650229885.074370|2022-04-17 23:11:25.07437+02|16385|test|34|1627793967|0|1851538|7732394710|1811682413|1796022859|177213960|167212481|489|0|1|200450048|0|||0|0|150361571.913|57271653.195|18382324.873|9376|0|0|0|2022-04-17 21:48:44.519486+02
192|1650229886.100667|2022-04-17 23:11:26.100667+02|16385|test|34|1627879037|0|1852168|7733529122|1811882760|1796193203|177299026|167297547|489|0|1|200450048|0|||0|0|150393602.988|57288020.68|18392006.778|9378|0|0|0|2022-04-17 21:48:44.519486+02
193|1650229887.126447|2022-04-17 23:11:27.126447+02|16385|test|34|1627962319|0|1852695|7734723380|1812090507|1796359971|177382304|167380825|489|0|1|200450048|0|||0|0|150425632.882|57304637.421|18401490.921|9380|0|0|0|2022-04-17 21:48:44.519486+02
194|1650229888.152812|2022-04-17 23:11:28.152812+02|16385|test|33|1628046005|0|1915833|7736422636|1812311827|1796528114|177466001|167464511|510|0|1|200450048|0|||0|0|150457663.567|57321091.223|18411095.399|9382|0|0|0|2022-04-17 21:48:44.519486+02
195|1650229889.178285|2022-04-17 23:11:29.178285+02|16385|test|33|1628137582|0|1916257|7737443529|1812498328|1796711472|177557574|167556084|510|0|1|200450048|0|||0|0|150492195.654|57339113.792|18421248.594|9384|0|0|0|2022-04-17 21:48:44.519486+02
196|1650229890.204868|2022-04-17 23:11:30.204868+02|16385|test|33|1628258645|0|1917131|7738790669|1812744246|1796953802|177678633|167677143|510|0|1|200450048|0|||0|0|150537731.455|57362765.098|18434732.592|9386|0|0|0|2022-04-17 21:48:44.519486+02
197|1650229891.231677|2022-04-17 23:11:31.231677+02|16385|test|33|1628343706|0|1917679|7739735410|1812916826|1797124128|177763690|167762200|510|0|1|200450048|0|||0|0|150569763.471|57379546.915|18444129.143|9388|0|0|0|2022-04-17 21:48:44.519486+02
198|1650229892.258134|2022-04-17 23:11:32.258134+02|16385|test|33|1628429405|0|1918305|7740686238|1813090543|1797295730|177849385|167847895|510|0|1|200450048|0|||0|0|150601794.654|57396111.679|18453650.136|9390|0|0|0|2022-04-17 21:48:44.519486+02
199|1650229893.284725|2022-04-17 23:11:33.284725+02|16385|test|33|1628515345|0|1918691|7741639321|1813264789|1797467814|177935321|167933831|510|0|1|200450048|0|||0|0|150633823.748|57412631.733|18463198.849|9392|0|0|0|2022-04-17 21:48:44.519486+02
200|1650229894.311883|2022-04-17 23:11:34.311883+02|16385|test|33|1628601027|0|1919258|7742589435|1813438390|1797639382|178020999|168019509|510|0|1|200450048|0|||0|0|150665854.836|57429253.845|18472677.193|9394|0|0|0|2022-04-17 21:48:44.519486+02
201|1650229895.338739|2022-04-17 23:11:35.338739+02|16385|test|33|1628687206|0|1919888|7743544884|1813612819|1797811944|178107174|168105684|510|0|1|200450048|0|||0|0|150697885.709|57445740.048|18482252.476|9396|0|0|0|2022-04-17 21:48:44.519486+02
202|1650229896.365554|2022-04-17 23:11:36.365554+02|16385|test|33|1628773043|0|1920372|7744495645|1813786600|1797983822|178193007|168191517|510|0|1|200450048|0|||0|0|150729918.525|57462279.022|18491793.841|9398|0|0|0|2022-04-17 21:48:44.519486+02
203|1650229897.392250|2022-04-17 23:11:37.39225+02|16385|test|33|1628859268|0|1920880|7745451146|1813961201|1798156476|178279228|168277738|510|0|1|200450048|0|||0|0|150761949.102|57478753.27|18501361.483|9400|0|0|0|2022-04-17 21:48:44.519486+02
204|1650229898.419007|2022-04-17 23:11:38.419007+02|16385|test|33|1628944482|0|1921528|7746395560|1814133673|1798327108|178364438|168362948|510|0|1|200450048|0|||0|0|150793980.694|57495571.937|18510724.135|9402|0|0|0|2022-04-17 21:48:44.519486+02
205|1650229899.444771|2022-04-17 23:11:39.444771+02|16385|test|33|1629030029|0|1922014|7747343096|1814306821|1798498406|178449981|168448491|510|0|1|200450048|0|||0|0|150826012.235|57512221.749|18520193.945|9404|0|0|0|2022-04-17 21:48:44.519486+02
206|1650229900.471468|2022-04-17 23:11:40.471468+02|16385|test|33|1629115011|0|1922480|7748284346|1814478744|1798668574|178534959|168533469|510|0|1|200450048|0|||0|0|150858042.902|57529094.389|18529529.746|9406|0|0|0|2022-04-17 21:48:44.519486+02
207|1650229901.497955|2022-04-17 23:11:41.497955+02|16385|test|33|1629199755|0|1923273|7749223888|1814650233|1798838266|178619699|168618209|510|0|1|200450048|0|||0|0|150890073.43|57546034.435|18538817.539|9408|0|0|0|2022-04-17 21:48:44.519486+02
208|1650229902.524373|2022-04-17 23:11:42.524373+02|16385|test|33|1629285104|0|1923659|7750169244|1814822896|1799009168|178705044|168703554|510|0|1|200450048|0|||0|0|150922104.521|57562789.008|18548227.933|9410|0|0|0|2022-04-17 21:48:44.519486+02
209|1650229903.549423|2022-04-17 23:11:43.549423+02|16385|test|33|1629371239|0|1924131|7751124010|1814997208|1799181642|178791175|168789685|510|0|1|200450048|0|||0|0|150954135.166|57579245.83|18557822.579|9412|0|0|0|2022-04-17 21:48:44.519486+02
210|1650229904.574912|2022-04-17 23:11:44.574912+02|16385|test|33|1629456551|0|1924697|7752068914|1815169799|1799352470|178876483|168874993|510|0|1|200450048|0|||0|0|150986167.297|57595989.106|18567237.111|9414|0|0|0|2022-04-17 21:48:44.519486+02
211|1650229905.601518|2022-04-17 23:11:45.601518+02|16385|test|33|1629542384|0|1925329|7753020291|1815343439|1799524340|178962312|168960822|510|0|1|200450048|0|||0|0|151018196.844|57612574.73|18576734.252|9416|0|0|0|2022-04-17 21:48:44.519486+02
212|1650229906.628198|2022-04-17 23:11:46.628198+02|16385|test|33|1629628233|0|1925757|7753971176|1815517103|1799696242|179048157|169046667|510|0|1|200450048|0|||0|0|151050227.127|57629138.829|18586265.787|9418|0|0|0|2022-04-17 21:48:44.519486+02
213|1650229907.654254|2022-04-17 23:11:47.654254+02|16385|test|33|1629714542|0|1926369|7754927633|1815691615|1799869064|179134462|169132972|510|0|1|200450048|0|||0|0|151082257.635|57645628.59|18595827.232|9420|0|0|0|2022-04-17 21:48:44.519486+02
214|1650229908.681042|2022-04-17 23:11:48.681042+02|16385|test|33|1629804496|0|1927157|7755924035|1815873523|1800049176|179224412|169222922|510|0|1|200450048|0|||0|0|151115789.682|57662994.796|18605775.381|9422|0|0|0|2022-04-17 21:48:44.519486+02
215|1650229909.708006|2022-04-17 23:11:49.708006+02|16385|test|33|1629927688|0|1928029|7757288606|1816122501|1800295764|179347600|169346110|510|0|1|200450048|0|||0|0|151162327.595|57687453.759|18619376.078|9424|0|0|0|2022-04-17 21:48:44.519486+02
216|1650229910.734733|2022-04-17 23:11:50.734733+02|16385|test|33|1630013831|0|1928251|7758241497|1816296640|1800468254|179433739|169432249|510|0|1|200450048|0|||0|0|151194357.39|57704002.883|18628906.25|9426|0|0|0|2022-04-17 21:48:44.519486+02
217|1650229911.761581|2022-04-17 23:11:51.761581+02|16385|test|33|1630099295|0|1928863|7759188557|1816469386|1800639386|179519199|169517709|510|0|1|200450048|0|||0|0|151226387.788|57720745.553|18638323.295|9428|0|0|0|2022-04-17 21:48:44.519486+02
218|1650229912.788713|2022-04-17 23:11:52.788713+02|16385|test|33|1630185383|0|1929654|7760142466|1816643437|1800811766|179605283|169603793|510|0|1|200450048|0|||0|0|151258419.797|57737279.249|18647854.485|9430|0|0|0|2022-04-17 21:48:44.519486+02
219|1650229913.814619|2022-04-17 23:11:53.814619+02|16385|test|33|1630270578|0|1929958|7761085150|1816815623|1800982360|179690474|169688984|510|0|1|200450048|0|||0|0|151290454.038|57754076.989|18657243.669|9432|0|0|0|2022-04-17 21:48:44.519486+02
220|1650229914.841007|2022-04-17 23:11:54.841007+02|16385|test|33|1630350382|0|1930362|7761968410|1816976941|1801142172|179770274|169768784|510|0|1|200450048|0|||0|0|151322485.526|57771879.664|18665979.712|9434|0|0|0|2022-04-17 21:48:44.519486+02
221|1650229915.867822|2022-04-17 23:11:55.867822+02|16385|test|33|1630436492|0|1930952|7762922161|1817150914|1801314596|179856380|169854890|510|0|1|200450048|0|||0|0|151354519.053|57788457.603|18675484.41|9436|0|0|0|2022-04-17 21:48:44.519486+02
222|1650229916.894505|2022-04-17 23:11:56.894505+02|16385|test|33|1630522854|0|1931607|7763879708|1817325497|1801487524|179942738|169941248|510|0|1|200450048|0|||0|0|151386551.503|57804970.87|18685034.301|9438|0|0|0|2022-04-17 21:48:44.519486+02
223|1650229917.920664|2022-04-17 23:11:57.920664+02|16385|test|33|1630608724|0|1932115|7764830435|1817498972|1801659468|180028604|170027114|510|0|1|200450048|0|||0|0|151418582.033|57821614.295|18694499.695|9440|0|0|0|2022-04-17 21:48:44.519486+02
224|1650229918.946607|2022-04-17 23:11:58.946607+02|16385|test|33|1630694810|0|1932623|7765783616|1817672915|1801831844|180114686|170113196|510|0|1|200450048|0|||0|0|151450613.395|57838144.393|18704055.941|9442|0|0|0|2022-04-17 21:48:44.519486+02
225|1650229919.973018|2022-04-17 23:11:59.973018+02|16385|test|33|1630780635|0|1933195|7766734359|1817846251|1802003698|180200507|170199017|510|0|1|200450048|0|||0|0|151482644.686|57854722.873|18713573.059|9444|0|0|0|2022-04-17 21:48:44.519486+02
226|1650229921.000078|2022-04-17 23:12:01.000078+02|16385|test|33|1630866719|0|1933643|7767687571|1818020237|1802176070|180286587|170285097|510|0|1|200450048|0|||0|0|151514675.735|57871211.869|18723147.41|9446|0|0|0|2022-04-17 21:48:44.519486+02
227|1650229922.026361|2022-04-17 23:12:02.026361+02|16385|test|33|1630952447|0|1934253|7768636970|1818193366|1802347730|180372311|170370821|510|0|1|200450048|0|||0|0|151546706.508|57887811.359|18732657.956|9448|0|0|0|2022-04-17 21:48:44.519486+02
228|1650229923.053330|2022-04-17 23:12:03.05333+02|16385|test|33|1631037221|0|1934781|7769575535|1818364579|1802517482|180457081|170455591|510|0|1|200450048|0|||0|0|151578737.96|57904749.065|18741954.296|9450|0|0|0|2022-04-17 21:48:44.519486+02
229|1650229924.079867|2022-04-17 23:12:04.079867+02|16385|test|33|1631121512|0|1935349|7770508914|1818534854|1802686268|180541368|170539878|510|0|1|200450048|0|||0|0|151610769.994|57921866.432|18751125.665|9452|0|0|0|2022-04-17 21:48:44.519486+02
230|1650229925.106167|2022-04-17 23:12:05.106167+02|16385|test|33|1631207522|0|1935876|7771461060|1818708523|1802858492|180627374|170625884|510|0|1|200450048|0|||0|0|151642801.017|57938380.75|18760680.705|9454|0|0|0|2022-04-17 21:48:44.519486+02
231|1650229926.132848|2022-04-17 23:12:06.132848+02|16385|test|33|1631293068|0|1936486|7772408510|1818881313|1803029788|180712916|170711426|510|0|1|200450048|0|||0|0|151674834.305|57955097.39|18770106.151|9456|0|0|0|2022-04-17 21:48:44.519486+02
232|1650229927.159762|2022-04-17 23:12:07.159762+02|16385|test|33|1631379105|0|1937030|7773360451|1819055028|1803202066|180798949|170797459|510|0|1|200450048|0|||0|0|151706866.453|57971661.872|18779626.284|9458|0|0|0|2022-04-17 21:48:44.519486+02
233|1650229928.185372|2022-04-17 23:12:08.185372+02|16385|test|33|1631468001|0|1937578|7774344613|1819234550|1803380062|180887841|170886351|510|0|1|200450048|0|||0|0|151739896.911|57988718.906|18789444.025|9460|0|0|0|2022-04-17 21:48:44.519486+02
234|1650229929.212362|2022-04-17 23:12:09.212362+02|16385|test|33|1631593210|0|1938307|7775730077|1819487230|1803630684|181013046|171011556|510|0|1|200450048|0|||0|0|151786431.765|58012708.268|18803320.074|9462|0|0|0|2022-04-17 21:48:44.519486+02
235|1650229930.238964|2022-04-17 23:12:10.238964+02|16385|test|33|1631680588|0|1938834|7776697154|1819663653|1803805644|181100420|171098930|510|0|1|200450048|0|||0|0|151818963.394|58029474.141|18813026.547|9464|0|0|0|2022-04-17 21:48:44.519486+02
236|1650229931.265290|2022-04-17 23:12:11.26529+02|16385|test|33|1631765478|0|1939424|7777637197|1819835029|1803975628|181185306|171183816|510|0|1|200450048|0|||0|0|151850995.114|58046365.334|18822356.91|9466|0|0|0|2022-04-17 21:48:44.519486+02
237|1650229932.292421|2022-04-17 23:12:12.292421+02|16385|test|33|1631851593|0|1939911|7778590354|1820008827|1804148062|181271417|171269927|510|0|1|200450048|0|||0|0|151883026.696|58062901.766|18831890.784|9468|0|0|0|2022-04-17 21:48:44.519486+02
238|1650229933.319823|2022-04-17 23:12:13.319823+02|16385|test|33|1631937692|0|1940641|7779543666|1820182610|1804320464|181357512|171356022|510|0|1|200450048|0|||0|0|151915060.156|58079445.727|18841426.891|9470|0|0|0|2022-04-17 21:48:44.519486+02
239|1650229934.346281|2022-04-17 23:12:14.346281+02|16385|test|33|1632023689|0|1941107|7780495363|1820356251|1804492662|181443505|171442015|510|0|1|200450048|0|||0|0|151947092.962|58095999.07|18850957.217|9472|0|0|0|2022-04-17 21:48:44.519486+02
240|1650229935.372601|2022-04-17 23:12:15.372601+02|16385|test|33|1632109840|0|1941617|7781448862|1820530123|1804665168|181529652|171528162|510|0|1|200450048|0|||0|0|151979123.367|58112512.887|18860514.766|9474|0|0|0|2022-04-17 21:48:44.519486+02
241|1650229936.399773|2022-04-17 23:12:16.399773+02|16385|test|33|1632195829|0|1942349|7782401324|1820703661|1804837350|181615637|171614147|510|0|1|200450048|0|||0|0|152011155.638|58129066.062|18870044.401|9476|0|0|0|2022-04-17 21:48:44.519486+02
242|1650229937.426563|2022-04-17 23:12:17.426563+02|16385|test|34|1632281241|0|1942675|7783347013|1820876151|1805008378|181701045|171699555|510|0|1|200450048|0|||0|0|152043186.744|58145546.165|18879632.853|9478|0|0|0|2022-04-17 21:48:44.519486+02
243|1650229938.453532|2022-04-17 23:12:18.453532+02|16385|test|34|1632365519|0|1943461|7784296960|1821048861|1805177138|181785319|171783829|510|0|1|200450048|0|||0|0|152075218.465|58162066.143|18889201.731|9480|0|0|0|2022-04-17 21:48:44.519486+02
244|1650229939.480084|2022-04-17 23:12:19.480084+02|16385|test|34|1632449840|0|1943751|7785280096|1821226725|1805345984|181869636|171868146|510|0|1|200450048|0|||0|0|152107249.455|58178699.324|18898686.926|9482|0|0|0|2022-04-17 21:48:44.519486+02
245|1650229940.506672|2022-04-17 23:12:20.506672+02|16385|test|33|1632534363|0|1944399|7786309440|1821411612|1805515222|181954156|171952666|510|0|1|200450048|0|||0|0|152139278.543|58195261.982|18908213.636|9483|0|0|0|2022-04-17 21:48:44.519486+02
246|1650229941.523344|2022-04-17 23:12:21.523344+02|16385|test|33|1632619856|0|1944847|7787456651|1821589571|1805687278|182039647|172038152|519|0|1|200450048|0|||0|0|152171300.961|58211820.837|18917726.168|9486|0|0|0|2022-04-17 21:48:44.519486+02
247|1650229942.550575|2022-04-17 23:12:22.550575+02|16385|test|33|1632705751|0|1945715|7788410663|1821763464|1805859272|182125538|172124043|519|0|1|200450048|0|||0|0|152203331.97|58228385.881|18927232.131|9488|0|0|0|2022-04-17 21:48:44.519486+02
248|1650229943.577443|2022-04-17 23:12:23.577443+02|16385|test|33|1632792059|0|1945919|7789367306|1821938084|1806032092|182211842|172210347|519|0|1|200450048|0|||0|0|152235365.221|58244841.199|18936822.857|9490|0|0|0|2022-04-17 21:48:44.519486+02
249|1650229944.604263|2022-04-17 23:12:24.604263+02|16385|test|33|1632877834|0|1946585|7790317891|1822111486|1806203846|182297613|172296118|519|0|1|200450048|0|||0|0|152267395.21|58261447.51|18946316.071|9492|0|0|0|2022-04-17 21:48:44.519486+02
250|1650229945.630200|2022-04-17 23:12:25.6302+02|16385|test|33|1632957253|0|1946974|7791197805|1822271981|1806362888|182377028|172375533|519|0|1|200450048|0|||0|0|152299426.845|58279390.819|18954963.791|9494|0|0|0|2022-04-17 21:48:44.519486+02
251|1650229946.657126|2022-04-17 23:12:26.657126+02|16385|test|33|1633043655|0|1947551|7792155795|1822446541|1806535896|182463426|172461931|519|0|1|200450048|0|||0|0|152331461.885|58295955.963|18964465.694|9496|0|0|0|2022-04-17 21:48:44.519486+02
252|1650229947.683407|2022-04-17 23:12:27.683407+02|16385|test|33|1633129917|0|1948302|7793111788|1822620784|1806708624|182549684|172548189|519|0|1|200450048|0|||0|0|152363493.429|58312448.123|18974032.42|9498|0|0|0|2022-04-17 21:48:44.519486+02
253|1650229948.710550|2022-04-17 23:12:28.71055+02|16385|test|33|1633256229|0|1948873|7794509940|1822875783|1806961452|182675992|172674497|519|0|1|200450048|0|||0|0|152410528.949|58336811.172|18987976.798|9500|0|0|0|2022-04-17 21:48:44.519486+02
254|1650229949.736760|2022-04-17 23:12:29.73676+02|16385|test|33|1633344025|0|1949524|7795482276|1823053024|1807137248|182763784|172762289|519|0|1|200450048|0|||0|0|152443559.247|58354203.865|18997602.694|9502|0|0|0|2022-04-17 21:48:44.519486+02
255|1650229950.762988|2022-04-17 23:12:30.762988+02|16385|test|33|1633429951|0|1950092|7796433523|1823226508|1807309304|182849706|172848211|519|0|1|200450048|0|||0|0|152475589.584|58370721.893|19007151.453|9504|0|0|0|2022-04-17 21:48:44.519486+02
256|1650229951.789496|2022-04-17 23:12:31.789496+02|16385|test|33|1633516052|0|1950538|7797386309|1823400357|1807481710|182935803|172934308|519|0|1|200450048|0|||0|0|152507619.385|58387221.655|19016724.481|9506|0|0|0|2022-04-17 21:48:44.519486+02
257|1650229952.816584|2022-04-17 23:12:32.816584+02|16385|test|33|1633602173|0|1951248|7798340027|1823574180|1807654156|183021920|173020425|519|0|1|200450048|0|||0|0|152539651.15|58403707.41|19026291.315|9508|0|0|0|2022-04-17 21:48:44.519486+02
258|1650229953.842680|2022-04-17 23:12:33.84268+02|16385|test|33|1633688338|0|1951615|7799293338|1823748111|1807826690|183108081|173106586|519|0|1|200450048|0|||0|0|152571680.959|58420210.484|19035847.772|9510|0|0|0|2022-04-17 21:48:44.519486+02
259|1650229954.868896|2022-04-17 23:12:34.868896+02|16385|test|33|1633774289|0|1952204|7800244925|1823921527|1807998796|183194028|173192533|519|0|1|200450048|0|||0|0|152603712.404|58436696.782|19045412.248|9512|0|0|0|2022-04-17 21:48:44.519486+02
260|1650229955.895982|2022-04-17 23:12:35.895982+02|16385|test|33|1633860525|0|1952774|7801199766|1824095582|1808171472|183280260|173278765|519|0|1|200450048|0|||0|0|152635744.437|58453191.769|19054972.499|9514|0|0|0|2022-04-17 21:48:44.519486+02
261|1650229956.922629|2022-04-17 23:12:36.922629+02|16385|test|33|1633946148|0|1953362|7802147467|1824268350|1808342922|183365879|173364384|519|0|1|200450048|0|||0|0|152667776.866|58469865.951|19064423.083|9516|0|0|0|2022-04-17 21:48:44.519486+02
262|1650229957.949269|2022-04-17 23:12:37.949269+02|16385|test|33|1634032122|0|1953890|7803099076|1824441875|1808515074|183451849|173450354|519|0|1|200450048|0|||0|0|152699806.736|58486419.165|19073964.631|9518|0|0|0|2022-04-17 21:48:44.519486+02
263|1650229958.976326|2022-04-17 23:12:38.976326+02|16385|test|33|1634118180|0|1954600|7804051943|1824615503|1808687394|183537903|173536408|519|0|1|200450048|0|||0|0|152731839.872|58502989.16|19083465.68|9520|0|0|0|2022-04-17 21:48:44.519486+02
264|1650229960.003235|2022-04-17 23:12:40.003235+02|16385|test|33|1634204454|0|1954986|7805006351|1824789580|1808860146|183624173|173622678|519|0|1|200450048|0|||0|0|152763871.767|58519443.169|19093058.93|9522|0|0|0|2022-04-17 21:48:44.519486+02
265|1650229961.030170|2022-04-17 23:12:41.03017+02|16385|test|33|1634290351|0|1955535|7805957016|1824962887|1809032144|183710066|173708571|519|0|1|200450048|0|||0|0|152795903.331|58535997.37|19102577.632|9524|0|0|0|2022-04-17 21:48:44.519486+02
266|1650229962.057235|2022-04-17 23:12:42.057235+02|16385|test|33|1634376271|0|1956081|7806907651|1825136204|1809204188|183795982|173794487|519|0|1|200450048|0|||0|0|152827942.831|58552561.44|19112105.201|9526|0|0|0|2022-04-17 21:48:44.519486+02
267|1650229963.084091|2022-04-17 23:12:43.084091+02|16385|test|33|1634462419|0|1956590|7807861231|1825309990|1809376688|183882126|173880631|519|0|1|200450048|0|||0|0|152859974.105|58569098.829|19121631.564|9528|0|0|0|2022-04-17 21:48:44.519486+02
268|1650229964.111191|2022-04-17 23:12:44.111191+02|16385|test|33|1634548429|0|1957360|7808813491|1825483488|1809548912|183968132|173966637|519|0|1|200450048|0|||0|0|152892006.971|58585613.021|19131181.474|9530|0|0|0|2022-04-17 21:48:44.519486+02
269|1650229965.137896|2022-04-17 23:12:45.137896+02|16385|test|33|1634634647|0|1957688|7809767409|1825657395|1809721552|184054346|174052851|519|0|1|200450048|0|||0|0|152924037.934|58602113.526|19140743.115|9532|0|0|0|2022-04-17 21:48:44.519486+02
270|1650229966.164138|2022-04-17 23:12:46.164138+02|16385|test|33|1634720690|0|1958214|7810719337|1825830965|1809893842|184140385|174138890|519|0|1|200450048|0|||0|0|152956067.954|58618597.558|19150320.676|9534|0|0|0|2022-04-17 21:48:44.519486+02
271|1650229967.190324|2022-04-17 23:12:47.190324+02|16385|test|33|1634806870|0|1958804|7811673365|1826004801|1810066406|184226561|174225066|519|0|1|200450048|0|||0|0|152988098.276|58635078.604|19159888.992|9536|0|0|0|2022-04-17 21:48:44.519486+02
272|1650229968.216756|2022-04-17 23:12:48.216756+02|16385|test|33|1634930737|0|1959393|7813043073|1826254405|1810314344|184350424|174348929|519|0|1|200450048|0|||0|0|153034133.809|58658827.705|19173604.307|9538|0|0|0|2022-04-17 21:48:44.519486+02
273|1650229969.243354|2022-04-17 23:12:49.243354+02|16385|test|33|1635022169|0|1960225|7814055448|1826438767|1810497412|184441852|174440357|519|0|1|200450048|0|||0|0|153068166.545|58676291.253|19183819.128|9540|0|0|0|2022-04-17 21:48:44.519486+02
274|1650229970.269756|2022-04-17 23:12:50.269756+02|16385|test|33|1635108411|0|1960715|7815009758|1826612633|1810670100|184528090|174526595|519|0|1|200450048|0|||0|0|153100196.773|58692794.898|19193375.154|9542|0|0|0|2022-04-17 21:48:44.519486+02
275|1650229971.296419|2022-04-17 23:12:51.296419+02|16385|test|33|1635194335|0|1961343|7815960475|1826785843|1810842152|184614010|174612515|519|0|1|200450048|0|||0|0|153132226.299|58709336.675|19202916.406|9544|0|0|0|2022-04-17 21:48:44.519486+02
276|1650229972.322918|2022-04-17 23:12:52.322918+02|16385|test|33|1635279534|0|1961893|7816903361|1826957612|1811012754|184699205|174697710|519|0|1|200450048|0|||0|0|153164257.442|58726125.432|19212298.951|9546|0|0|0|2022-04-17 21:48:44.519486+02
277|1650229973.349696|2022-04-17 23:12:53.349696+02|16385|test|33|1635365360|0|1962463|7817853150|1827130639|1811184610|184785027|174783532|519|0|1|200450048|0|||0|0|153196287.815|58742691.73|19221816.294|9548|0|0|0|2022-04-17 21:48:44.519486+02
278|1650229974.376458|2022-04-17 23:12:54.376458+02|16385|test|33|1635449902|0|1962892|7818788353|1827301063|1811353898|184869565|174868070|519|0|1|200450048|0|||0|0|153228319.52|58759724.556|19231046.083|9550|0|0|0|2022-04-17 21:48:44.519486+02
279|1650229975.402348|2022-04-17 23:12:55.402348+02|16385|test|33|1635530137|0|1963440|7819676178|1827462780|1811514572|184949796|174948301|519|0|1|200450048|0|||0|0|153260363.337|58777401.27|19239866.077|9552|0|0|0|2022-04-17 21:48:44.519486+02
280|1650229976.427928|2022-04-17 23:12:56.427928+02|16385|test|33|1635615495|0|1964167|7820620464|1827634839|1811685492|185035150|175033655|519|0|1|200450048|0|||0|0|153292394.605|58794279.67|19249171.429|9554|0|0|0|2022-04-17 21:48:44.519486+02
281|1650229977.453741|2022-04-17 23:12:57.453741+02|16385|test|33|1635701714|0|1964453|7821574102|1827808651|1811858134|185121365|175119870|519|0|1|200450048|0|||0|0|153324426.731|58810857.746|19258668.023|9556|0|0|0|2022-04-17 21:48:44.519486+02
282|1650229978.480675|2022-04-17 23:12:58.480675+02|16385|test|33|1635787349|0|1965021|7822521662|1827981324|1812029608|185206996|175205501|519|0|1|200450048|0|||0|0|153356457.438|58827588.428|19268074.929|9558|0|0|0|2022-04-17 21:48:44.519486+02
283|1650229979.507586|2022-04-17 23:12:59.507586+02|16385|test|33|1635872982|0|1965627|7823468845|1828153903|1812201078|185292625|175291130|519|0|1|200450048|0|||0|0|153388487.852|58844222.433|19277548.475|9560|0|0|0|2022-04-17 21:48:44.519486+02
284|1650229980.534093|2022-04-17 23:13:00.534093+02|16385|test|33|1635958966|0|1966155|7824419974|1828327135|1812373250|185378605|175377110|519|0|1|200450048|0|||0|0|153420517.264|58860784.617|19287071.659|9562|0|0|0|2022-04-17 21:48:44.519486+02
285|1650229981.561194|2022-04-17 23:13:01.561194+02|16385|test|33|1636044960|0|1966719|7825370803|1828500433|1812545442|185464595|175463100|519|0|1|200450048|0|||0|0|153452548.794|58877329.99|19296612.672|9564|0|0|0|2022-04-17 21:48:44.519486+02
286|1650229982.587302|2022-04-17 23:13:02.587302+02|16385|test|33|1636130894|0|1967307|7826321408|1828673568|1812717514|185550525|175549030|519|0|1|200450048|0|||0|0|153484577.398|58893850.356|19306160.442|9566|0|0|0|2022-04-17 21:48:44.519486+02
287|1650229983.613125|2022-04-17 23:13:03.613125+02|16385|test|33|1636215671|0|1967853|7827258987|1828844367|1812887272|185635298|175633803|519|0|1|200450048|0|||0|0|153516606.655|58910794.489|19315438.959|9568|0|0|0|2022-04-17 21:48:44.519486+02
288|1650229984.639400|2022-04-17 23:13:04.6394+02|16385|test|33|1636301879|0|1968320|7828212661|1829018117|1813059892|185721502|175720007|519|0|1|200450048|0|||0|0|153548636.962|58927268.538|19325021.249|9570|0|0|0|2022-04-17 21:48:44.519486+02
289|1650229985.666678|2022-04-17 23:13:05.666678+02|16385|test|33|1636388197|0|1968869|7829167416|1829192003|1813232732|185807816|175806321|519|0|1|200450048|0|||0|0|153580670.051|58943759.194|19334586.149|9572|0|0|0|2022-04-17 21:48:44.519486+02
290|1650229986.692811|2022-04-17 23:13:06.692811+02|16385|test|33|1636474386|0|1969455|7830120613|1829365664|1813405314|185894001|175892506|519|0|1|200450048|0|||0|0|153612702.87|58960237.941|19344169.964|9574|0|0|0|2022-04-17 21:48:44.519486+02
291|1650229987.719607|2022-04-17 23:13:07.719607+02|16385|test|33|1636575498|0|1970064|7831238887|1829569329|1813607742|185995109|175993614|519|0|1|200450048|0|||0|0|153650235.856|58979604.523|19355339.478|9576|0|0|0|2022-04-17 21:48:44.519486+02
292|1650229988.746330|2022-04-17 23:13:08.74633+02|16385|test|33|1636689045|0|1970793|7832494453|1829797965|1813835040|186108652|176107157|519|0|1|200450048|0|||0|0|153692771.827|59001736.66|19367913.405|9578|0|0|0|2022-04-17 21:48:44.519486+02
293|1650229989.772285|2022-04-17 23:13:09.772285+02|16385|test|33|1636775110|0|1971381|7833446419|1829971316|1814007374|186194713|176193218|519|0|1|200450048|0|||0|0|153724802.656|59018221.512|19377485.87|9580|0|0|0|2022-04-17 21:48:44.519486+02
294|1650229990.799041|2022-04-17 23:13:10.799041+02|16385|test|33|1636860942|0|1972090|7834396057|1830144227|1814179242|186280541|176279046|519|0|1|200450048|0|||0|0|153756834.224|59034849.408|19386957.509|9582|0|0|0|2022-04-17 21:48:44.519486+02
295|1650229991.825185|2022-04-17 23:13:11.825185+02|16385|test|33|1636947102|0|1972514|7835348452|1830317686|1814351766|186366697|176365202|519|0|1|200450048|0|||0|0|153788865.914|59051356.917|19396509.457|9584|0|0|0|2022-04-17 21:48:44.519486+02
296|1650229992.851884|2022-04-17 23:13:12.851884+02|16385|test|33|1637033127|0|1972960|7836299540|1830490919|1814524020|186452718|176451223|519|0|1|200450048|0|||0|0|153820895.88|59067857.589|19406062.755|9586|0|0|0|2022-04-17 21:48:44.519486+02
297|1650229993.878363|2022-04-17 23:13:13.878363+02|16385|test|33|1637118784|0|1973588|7837247133|1830663496|1814695538|186538371|176536876|519|0|1|200450048|0|||0|0|153852927.126|59084498.696|19415536.947|9588|0|0|0|2022-04-17 21:48:44.519486+02
298|1650229994.905036|2022-04-17 23:13:14.905036+02|16385|test|33|1637203450|0|1974050|7838182666|1830833993|1814865074|186623033|176621538|519|0|1|200450048|0|||0|0|153884958.9|59101468.198|19424815.119|9590|0|0|0|2022-04-17 21:48:44.519486+02
299|1650229995.931045|2022-04-17 23:13:15.931045+02|16385|test|33|1637289565|0|1974678|7839135270|1831007433|1815037508|186709144|176707649|519|0|1|200450048|0|||0|0|153916990.399|59117944.842|19434389.804|9592|0|0|0|2022-04-17 21:48:44.519486+02
300|1650229996.956657|2022-04-17 23:13:16.956657+02|16385|test|34|1637375804|0|1975246|7840088989|1831181078|1815210178|186795380|176793885|519|0|1|200450048|0|||0|0|153949019.056|59134439.826|19443949.496|9593|0|0|0|2022-04-17 21:48:44.519486+02
301|1650229997.973115|2022-04-17 23:13:17.973115+02|16385|test|34|1637459514|0|1975698|7841020928|1831350527|1815377814|186879085|176877590|519|0|1|200450048|0|||0|0|153981043.222|59151257.04|19453339.404|9596|0|0|0|2022-04-17 21:48:44.519486+02
302|1650229998.999469|2022-04-17 23:13:18.999469+02|16385|test|34|1637544103|0|1976245|7841986300|1831525474|1815547196|186963670|176962175|519|0|1|200450048|0|||0|0|154013074.881|59167763.531|19462911.329|9598|0|0|0|2022-04-17 21:48:44.519486+02
303|1650230000.026505|2022-04-17 23:13:20.026505+02|16385|test|34|1637628304|0|1976749|7842983203|1831705221|1815715802|187047867|177046372|519|0|1|200450048|0|||0|0|154045107.404|59184485.771|19472331.483|9600|0|0|0|2022-04-17 21:48:44.519486+02
304|1650230001.054098|2022-04-17 23:13:21.054098+02|16385|test|33|1637713783|0|1977337|7844180752|1831890641|1815887979|187133347|177131847|528|0|1|200450048|0|||0|0|154077139.991|59200825.089|19482002.261|9602|0|0|0|2022-04-17 21:48:44.519486+02
305|1650230002.080146|2022-04-17 23:13:22.080146+02|16385|test|33|1637798581|0|1977805|7845121882|1832062118|1816057779|187218141|177216641|528|0|1|200450048|0|||0|0|154109169.451|59217745.394|19491295.722|9604|0|0|0|2022-04-17 21:48:44.519486+02
306|1650230003.107008|2022-04-17 23:13:23.107008+02|16385|test|33|1637884815|0|1978393|7846078229|1832236288|1816230451|187304371|177302871|528|0|1|200450048|0|||0|0|154141202.598|59234237.408|19500869.035|9606|0|0|0|2022-04-17 21:48:44.519486+02
307|1650230004.134053|2022-04-17 23:13:24.134053+02|16385|test|33|1637970394|0|1979139|7847026350|1832409028|1816401813|187389946|177388446|528|0|1|200450048|0|||0|0|154173234.278|59250903.896|19510320.014|9608|0|0|0|2022-04-17 21:48:44.519486+02
308|1650230005.160693|2022-04-17 23:13:25.160693+02|16385|test|33|1638056487|0|1979485|7847979176|1832582646|1816574203|187476035|177474535|528|0|1|200450048|0|||0|0|154205265.679|59267411.264|19519873.695|9610|0|0|0|2022-04-17 21:48:44.519486+02
309|1650230006.188048|2022-04-17 23:13:26.188048+02|16385|test|33|1638142585|0|1979991|7848931897|1832756230|1816746603|187562129|177560629|528|0|1|200450048|0|||0|0|154237296.493|59283903.996|19529442.133|9612|0|0|0|2022-04-17 21:48:44.519486+02
310|1650230007.215044|2022-04-17 23:13:27.215044+02|16385|test|33|1638225155|0|1980742|7849846434|1832922649|1816911947|187644695|177643195|528|0|1|200450048|0|||0|0|154269827.231|59301651.838|19538524.686|9614|0|0|0|2022-04-17 21:48:44.519486+02
311|1650230008.241447|2022-04-17 23:13:28.241447+02|16385|test|33|1638351642|0|1981414|7851245725|1833177540|1817165125|187771178|177769678|528|0|1|200450048|0|||0|0|154316863.635|59325986.926|19552500.001|9616|0|0|0|2022-04-17 21:48:44.519486+02
312|1650230009.268371|2022-04-17 23:13:29.268371+02|16385|test|33|1638438607|0|1981900|7852207477|1833352778|1817339259|187858139|177856639|528|0|1|200450048|0|||0|0|154349395.927|59342935.027|19562079.975|9618|0|0|0|2022-04-17 21:48:44.519486+02
313|1650230010.295262|2022-04-17 23:13:30.295262+02|16385|test|33|1638524512|0|1982450|7853158024|1833525826|1817511273|187944040|177942540|528|0|1|200450048|0|||0|0|154381428.435|59359551.705|19571568.154|9620|0|0|0|2022-04-17 21:48:44.519486+02
314|1650230011.322344|2022-04-17 23:13:31.322344+02|16385|test|33|1638610664|0|1982978|7854111050|1833699412|1817683781|188030188|178028688|528|0|1|200450048|0|||0|0|154413458.111|59376072.743|19581118.292|9622|0|0|0|2022-04-17 21:48:44.519486+02
315|1650230012.349446|2022-04-17 23:13:32.349446+02|16385|test|33|1638696943|0|1983590|7855065907|1833873235|1817856543|188116463|178114963|528|0|1|200450048|0|||0|0|154445491.605|59392574.335|19590661.164|9624|0|0|0|2022-04-17 21:48:44.519486+02
316|1650230013.375450|2022-04-17 23:13:33.37545+02|16385|test|33|1638782691|0|1984078|7856014360|1834045991|1818028243|188202207|178200707|528|0|1|200450048|0|||0|0|154477522.528|59409194.421|19600154.436|9626|0|0|0|2022-04-17 21:48:44.519486+02
317|1650230014.401892|2022-04-17 23:13:34.401892+02|16385|test|33|1638868835|0|1984627|7856967116|1834219523|1818200735|188288347|178286847|528|0|1|200450048|0|||0|0|154509553.963|59425692.535|19609715.307|9628|0|0|0|2022-04-17 21:48:44.519486+02
318|1650230015.428359|2022-04-17 23:13:35.428359+02|16385|test|33|1638954870|0|1985315|7857918884|1834392813|1818373009|188374378|178372878|528|0|1|200450048|0|||0|0|154541583.989|59442217.745|19619252.013|9630|0|0|0|2022-04-17 21:48:44.519486+02
319|1650230016.455344|2022-04-17 23:13:36.455344+02|16385|test|33|1639039175|0|1985719|7858850719|1834562640|1818541823|188458679|178457179|528|0|1|200450048|0|||0|0|154573614.369|59459311.079|19628435.927|9632|0|0|0|2022-04-17 21:48:44.519486+02
320|1650230017.481968|2022-04-17 23:13:37.481968+02|16385|test|33|1639124974|0|1986265|7859799410|1834735446|1818713625|188544474|178542974|528|0|1|200450048|0|||0|0|154605646.638|59475934.941|19637913.272|9634|0|0|0|2022-04-17 21:48:44.519486+02
321|1650230018.508849|2022-04-17 23:13:38.508849+02|16385|test|33|1639210472|0|1986895|7860745392|1834907641|1818884825|188629968|178628468|528|0|1|200450048|0|||0|0|154637678.514|59492632.442|19647359.93|9636|0|0|0|2022-04-17 21:48:44.519486+02
322|1650230019.534979|2022-04-17 23:13:39.534979+02|16385|test|33|1639296486|0|1987583|7861696846|1835080876|1819057057|188715978|178714478|528|0|1|200450048|0|||0|0|154669708.925|59509162.298|19656884.96|9638|0|0|0|2022-04-17 21:48:44.519486+02
323|1650230020.562027|2022-04-17 23:13:40.562027+02|16385|test|33|1639382683|0|1987905|7862649157|1835254484|1819229655|188802171|178800671|528|0|1|200450048|0|||0|0|154701739.893|59525702.049|19666413.771|9640|0|0|0|2022-04-17 21:48:44.519486+02
324|1650230021.588363|2022-04-17 23:13:41.588363+02|16385|test|33|1639468553|0|1988497|7863599478|1835427407|1819401599|188888037|178886537|528|0|1|200450048|0|||0|0|154733774.074|59542239.407|19675953.637|9642|0|0|0|2022-04-17 21:48:44.519486+02
325|1650230022.615407|2022-04-17 23:13:42.615407+02|16385|test|33|1639553622|0|1989126|7864540489|1835598706|1819571941|188973102|178971602|528|0|1|200450048|0|||0|0|154765803.712|59559043.833|19685323.28|9644|0|0|0|2022-04-17 21:48:44.519486+02
326|1650230023.641962|2022-04-17 23:13:43.641962+02|16385|test|33|1639639404|0|1989672|7865488727|1835771449|1819743709|189058880|179057380|528|0|1|200450048|0|||0|0|154797834.71|59575652.541|19694815.468|9646|0|0|0|2022-04-17 21:48:44.519486+02
327|1650230024.667937|2022-04-17 23:13:44.667937+02|16385|test|33|1639725776|0|1990098|7866443493|1835945341|1819916657|189145248|179143748|528|0|1|200450048|0|||0|0|154829865.148|59592146.107|19704380.645|9648|0|0|0|2022-04-17 21:48:44.519486+02
328|1650230025.695039|2022-04-17 23:13:45.695039+02|16385|test|33|1639812084|0|1990688|7867398253|1836119124|1820089477|189231552|179230052|528|0|1|200450048|0|||0|0|154861896.259|59608639.444|19713943.408|9650|0|0|0|2022-04-17 21:48:44.519486+02
329|1650230026.721596|2022-04-17 23:13:46.721596+02|16385|test|33|1639898179|0|1991234|7868350101|1836292448|1820261871|189317643|179316143|528|0|1|200450048|0|||0|0|154893928.019|59625182.581|19723472.963|9652|0|0|0|2022-04-17 21:48:44.519486+02
330|1650230027.748058|2022-04-17 23:13:47.748058+02|16385|test|33|1640025508|0|1992024|7869757654|1836548674|1820516733|189444968|179443468|528|0|1|200450048|0|||0|0|154941464.159|59649825.503|19737563.697|9654|0|0|0|2022-04-17 21:48:44.519486+02
331|1650230028.774579|2022-04-17 23:13:48.774579+02|16385|test|33|1640112612|0|1992573|7870721003|1836723979|1820691145|189532068|179530568|528|0|1|200450048|0|||0|0|154973996.272|59666737.747|19747180.08|9656|0|0|0|2022-04-17 21:48:44.519486+02
332|1650230029.801235|2022-04-17 23:13:49.801235+02|16385|test|33|1640198884|0|1993125|7871675260|1836897645|1820863893|189618336|179616836|528|0|1|200450048|0|||0|0|155006028.597|59683270.118|19756715.26|9658|0|0|0|2022-04-17 21:48:44.519486+02
333|1650230030.828013|2022-04-17 23:13:50.828013+02|16385|test|33|1640285174|0|1993693|7872629494|1837071344|1821036677|189704622|179703122|528|0|1|200450048|0|||0|0|155038060.097|59699715.448|19766310.204|9660|0|0|0|2022-04-17 21:48:44.519486+02
334|1650230031.855590|2022-04-17 23:13:51.85559+02|16385|test|33|1640371248|0|1994283|7873581558|1837244592|1821209029|189790692|179789192|528|0|1|200450048|0|||0|0|155070091.49|59716270.321|19775846.599|9662|0|0|0|2022-04-17 21:48:44.519486+02
335|1650230032.882172|2022-04-17 23:13:52.882172+02|16385|test|33|1640456372|0|1994749|7874522562|1837415963|1821379481|189875812|179874312|528|0|1|200450048|0|||0|0|155102123.709|59733058.669|19785228.733|9664|0|0|0|2022-04-17 21:48:44.519486+02
336|1650230033.909001|2022-04-17 23:13:53.909001+02|16385|test|33|1640541441|0|1995339|7875463545|1837587196|1821549823|189960877|179959377|528|0|1|200450048|0|||0|0|155134154.666|59749957.275|19794535.722|9666|0|0|0|2022-04-17 21:48:44.519486+02
337|1650230034.935927|2022-04-17 23:13:54.935927+02|16385|test|33|1640626613|0|1996229|7876405917|1837758597|1821720371|190046045|180044545|528|0|1|200450048|0|||0|0|155166185.518|59766792.973|19803874.486|9668|0|0|0|2022-04-17 21:48:44.519486+02
338|1650230035.963123|2022-04-17 23:13:55.963123+02|16385|test|33|1640712776|0|1996471|7877357463|1837931986|1821892901|190132204|180130704|528|0|1|200450048|0|||0|0|155198216.285|59783288.669|19813430.118|9670|0|0|0|2022-04-17 21:48:44.519486+02
339|1650230036.989698|2022-04-17 23:13:56.989698+02|16385|test|33|1640793732|0|1996962|7878253012|1838094881|1822055017|190213156|180211656|528|0|1|200450048|0|||0|0|155230247.512|59800880.076|19822293.265|9672|0|0|0|2022-04-17 21:48:44.519486+02
340|1650230038.015842|2022-04-17 23:13:58.015842+02|16385|test|33|1640880166|0|1997468|7879208336|1838268791|1822228089|190299586|180298086|528|0|1|200450048|0|||0|0|155262279.899|59817409.601|19831835.625|9674|0|0|0|2022-04-17 21:48:44.519486+02
341|1650230039.042035|2022-04-17 23:13:59.042035+02|16385|test|33|1640965876|0|1998076|7880156048|1838441237|1822399713|190385292|180383792|528|0|1|200450048|0|||0|0|155294309.332|59834057.956|19841306.559|9676|0|0|0|2022-04-17 21:48:44.519486+02
342|1650230040.068724|2022-04-17 23:14:00.068724+02|16385|test|33|1641051996|0|1998564|7881108162|1838614516|1822572157|190471408|180469908|528|0|1|200450048|0|||0|0|155326340.059|59850692.819|19850765.447|9678|0|0|0|2022-04-17 21:48:44.519486+02
343|1650230041.095587|2022-04-17 23:14:01.095587+02|16385|test|33|1641137958|0|1999312|7882058887|1838787529|1822744285|190557366|180555866|528|0|1|200450048|0|||0|0|155358371.442|59867250.119|19860277.137|9680|0|0|0|2022-04-17 21:48:44.519486+02
344|1650230042.122591|2022-04-17 23:14:02.122591+02|16385|test|33|1641224020|0|1999619|7883010042|1838960669|1822916613|190643424|180641924|528|0|1|200450048|0|||0|0|155390409.181|59883753.588|19869854.566|9682|0|0|0|2022-04-17 21:48:44.519486+02
345|1650230043.149481|2022-04-17 23:14:03.149481+02|16385|test|33|1641309741|0|2000184|7883957331|1839133105|1823088259|190729141|180727641|528|0|1|200450048|0|||0|0|155422440.531|59900383.883|19879334.678|9684|0|0|0|2022-04-17 21:48:44.519486+02
346|1650230044.176152|2022-04-17 23:14:04.176152+02|16385|test|33|1641395685|0|2000735|7884907997|1839305998|1823260351|190815081|180813581|528|0|1|200450048|0|||0|0|155454471.66|59916911.514|19888882.519|9686|0|0|0|2022-04-17 21:48:44.519486+02
347|1650230045.202897|2022-04-17 23:14:05.202897+02|16385|test|33|1641481780|0|2001263|7885859901|1839479171|1823432745|190901172|180899672|528|0|1|200450048|0|||0|0|155486506.12|59933436.89|19898419.325|9688|0|0|0|2022-04-17 21:48:44.519486+02
348|1650230046.229478|2022-04-17 23:14:06.229478+02|16385|test|33|1641568105|0|2001833|7886814469|1839652826|1823605599|190987493|180985993|528|0|1|200450048|0|||0|0|155518537.017|59949870.368|19908029.307|9690|0|0|0|2022-04-17 21:48:44.519486+02
349|1650230047.255698|2022-04-17 23:14:07.255698+02|16385|test|33|1641696152|0|2002645|7888230010|1839910336|1823861897|191115536|181114036|528|0|1|200450048|0|||0|0|155566072.496|59974320.748|19922237.508|9692|0|0|0|2022-04-17 21:48:44.519486+02
350|1650230048.282762|2022-04-17 23:14:08.282762+02|16385|test|33|1641783369|0|2003453|7889194476|1840085778|1824036535|191202749|181201249|528|0|1|200450048|0|||0|0|155598605.946|59991143.667|19931902.409|9694|0|0|0|2022-04-17 21:48:44.519486+02
351|1650230049.310203|2022-04-17 23:14:09.310203+02|16385|test|33|1641869483|0|2003839|7890146074|1840259022|1824208967|191288859|181287359|528|0|1|200450048|0|||0|0|155630641.832|60007645.098|19941466|9696|0|0|0|2022-04-17 21:48:44.519486+02
352|1650230050.337394|2022-04-17 23:14:10.337394+02|16385|test|33|1641954788|0|2004465|7891089058|1840430637|1824379781|191374160|181372660|528|0|1|200450048|0|||0|0|155662674.089|60024461.307|19950819.101|9698|0|0|0|2022-04-17 21:48:44.519486+02
353|1650230051.363841|2022-04-17 23:14:11.363841+02|16385|test|33|1642040596|0|2004852|7892037547|1840603218|1824551601|191459964|181458464|528|0|1|200450048|0|||0|0|155694705.33|60041077.135|19960314.143|9700|0|0|0|2022-04-17 21:48:44.519486+02
354|1650230052.390634|2022-04-17 23:14:12.390634+02|16385|test|33|1642126611|0|2005400|7892988424|1840776224|1824723835|191545975|181544475|528|0|1|200450048|0|||0|0|155726735.067|60057603.662|19969853.217|9702|0|0|0|2022-04-17 21:48:44.519486+02
355|1650230053.417074|2022-04-17 23:14:13.417074+02|16385|test|33|1642212868|0|2005990|7893942292|1840949693|1824896553|191632228|181630728|528|0|1|200450048|0|||0|0|155758765.936|60074102.863|19979408.668|9704|0|0|0|2022-04-17 21:48:44.519486+02
356|1650230054.443844|2022-04-17 23:14:14.443844+02|16385|test|33|1642299085|0|2006658|7894895360|1841123009|1825069191|191718441|181716941|528|0|1|200450048|0|||0|0|155790797.449|60090611.272|19988969.003|9706|0|0|0|2022-04-17 21:48:44.519486+02
357|1650230055.471020|2022-04-17 23:14:15.47102+02|16385|test|33|1642385243|0|2007144|7895847505|1841296294|1825241711|191804595|181803095|528|0|1|200450048|0|||0|0|155822827.948|60107095.881|19998534.994|9708|0|0|0|2022-04-17 21:48:44.519486+02
358|1650230056.497758|2022-04-17 23:14:16.497758+02|16385|test|33|1642471289|0|2007872|7896798996|1841469369|1825414007|191890637|181889137|528|0|1|200450048|0|||0|0|155854858.33|60123628.34|20008074.297|9710|0|0|0|2022-04-17 21:48:44.519486+02
359|1650230057.524801|2022-04-17 23:14:17.524801+02|16385|test|34|1642557016|0|2008194|7897746180|1841641839|1825585665|191976360|181974860|528|0|1|200450048|0|||0|0|155886889.986|60140060.178|20017676.945|9712|0|0|0|2022-04-17 21:48:44.519486+02
360|1650230058.551588|2022-04-17 23:14:18.551588+02|16385|test|34|1642641195|0|2009027|7898692561|1841813481|1825754227|192060535|182059035|528|0|1|200450048|0|||0|0|155918921.533|60156608.351|20027235.567|9714|0|0|0|2022-04-17 21:48:44.519486+02
361|1650230059.578087|2022-04-17 23:14:19.578087+02|16385|test|34|1642726542|0|2009233|7899680442|1841992054|1825925125|192145878|182144378|528|0|1|200450048|0|||0|0|155950951.933|60172986.58|20036880.033|9716|0|0|0|2022-04-17 21:48:44.519486+02
362|1650230060.604951|2022-04-17 23:14:20.604951+02|16385|test|33|1642811856|0|2009739|7900890686|1842178625|1826096140|192231193|182229688|537|0|1|200450048|0|||0|0|155982986.947|60189290.853|20046577.62|9718|0|0|0|2022-04-17 21:48:44.519486+02
363|1650230061.631962|2022-04-17 23:14:21.631962+02|16385|test|33|1642897658|0|2010367|7901884641|1842358687|1826268620|192316991|182315486|537|0|1|200450048|0|||0|0|156015017.283|60205694.452|20056198.055|9720|0|0|0|2022-04-17 21:48:44.519486+02
364|1650230062.659022|2022-04-17 23:14:22.659022+02|16385|test|33|1642983646|0|2010895|7902838355|1842532250|1826440800|192402975|182401470|537|0|1|200450048|0|||0|0|156047049.39|60222260.418|20065712.255|9722|0|0|0|2022-04-17 21:48:44.519486+02
365|1650230063.685614|2022-04-17 23:14:23.685614+02|16385|test|33|1643069802|0|2011503|7903793060|1842705980|1826613316|192489127|182487622|537|0|1|200450048|0|||0|0|156079080.373|60238746.647|20075283.694|9724|0|0|0|2022-04-17 21:48:44.519486+02
366|1650230064.712162|2022-04-17 23:14:24.712162+02|16385|test|33|1643155878|0|2012109|7904746073|1842879482|1826785672|192575199|182573694|537|0|1|200450048|0|||0|0|156111111.958|60255273.108|20084830.479|9726|0|0|0|2022-04-17 21:48:44.519486+02
367|1650230065.739096|2022-04-17 23:14:25.739096+02|16385|test|33|1643242288|0|2012533|7905701881|1843053579|1826958696|192661605|182660100|537|0|1|200450048|0|||0|0|156143645.125|60272386.686|20094320.401|9728|0|0|0|2022-04-17 21:48:44.519486+02
368|1650230066.766505|2022-04-17 23:14:26.766505+02|16385|test|33|1643368704|0|2013404|7907100524|1843308124|1827211732|192788017|182786512|537|0|1|200450048|0|||0|0|156190681.762|60296605.576|20108374.378|9730|0|0|0|2022-04-17 21:48:44.519486+02
369|1650230067.795065|2022-04-17 23:14:27.795065+02|16385|test|33|1643451057|0|2013912|7908011593|1843473982|1827376642|192870366|182868861|537|0|1|200450048|0|||0|0|156223215.118|60314315.266|20117491.649|9732|0|0|0|2022-04-17 21:48:44.519486+02
370|1650230068.822027|2022-04-17 23:14:28.822027+02|16385|test|33|1643537070|0|2014356|7908962301|1843647112|1827548872|192956375|182954870|537|0|1|200450048|0|||0|0|156255248.008|60331021.762|20126909.413|9734|0|0|0|2022-04-17 21:48:44.519486+02
371|1650230069.849574|2022-04-17 23:14:29.849574+02|16385|test|33|1643623392|0|2015024|7909916963|1843820888|1827721720|193042693|183041188|537|0|1|200450048|0|||0|0|156287279.268|60347579.225|20136429.627|9736|0|0|0|2022-04-17 21:48:44.519486+02
372|1650230070.876914|2022-04-17 23:14:30.876914+02|16385|test|33|1643709300|0|2015574|7910867360|1843993839|1827893740|193128597|183127092|537|0|1|200450048|0|||0|0|156319311.708|60364120.11|20145971.771|9738|0|0|0|2022-04-17 21:48:44.519486+02
373|1650230071.902981|2022-04-17 23:14:31.902981+02|16385|test|33|1643795411|0|2016000|7911819423|1844167201|1828066166|193214704|183213199|537|0|1|200450048|0|||0|0|156351343.712|60380618.277|20155533.748|9740|0|0|0|2022-04-17 21:48:44.519486+02
374|1650230072.929770|2022-04-17 23:14:32.92977+02|16385|test|33|1643881384|0|2016630|7912770254|1844340237|1828238316|193300673|183299168|537|0|1|200450048|0|||0|0|156383374.181|60397137.739|20165093.935|9742|0|0|0|2022-04-17 21:48:44.519486+02
375|1650230073.956680|2022-04-17 23:14:33.95668+02|16385|test|33|1643967257|0|2017101|7913720200|1844513051|1828410266|193386542|183385037|537|0|1|200450048|0|||0|0|156415406.906|60413663.764|20174635.99|9744|0|0|0|2022-04-17 21:48:44.519486+02
376|1650230074.983125|2022-04-17 23:14:34.983125+02|16385|test|33|1644052331|0|2017711|7914661203|1844684247|1828580618|193471612|183470107|537|0|1|200450048|0|||0|0|156447437.357|60430495.98|20183985.946|9746|0|0|0|2022-04-17 21:48:44.519486+02
377|1650230076.010696|2022-04-17 23:14:36.010696+02|16385|test|33|1644138088|0|2018237|7915609143|1844856811|1828752336|193557365|183555860|537|0|1|200450048|0|||0|0|156479470.3|60447175.437|20193426.595|9748|0|0|0|2022-04-17 21:48:44.519486+02
378|1650230077.038102|2022-04-17 23:14:37.038102+02|16385|test|33|1644224081|0|2018743|7916559755|1845029888|1828924526|193643354|183641849|537|0|1|200450048|0|||0|0|156511500.135|60463710.109|20202964.943|9750|0|0|0|2022-04-17 21:48:44.519486+02
379|1650230078.065195|2022-04-17 23:14:38.065195+02|16385|test|33|1644310225|0|2019294|7917512361|1845203208|1829097018|193729494|183727989|537|0|1|200450048|0|||0|0|156543530.642|60480176.423|20212553.696|9752|0|0|0|2022-04-17 21:48:44.519486+02
380|1650230079.091342|2022-04-17 23:14:39.091342+02|16385|test|33|1644396368|0|2019860|7918464625|1845376577|1829269508|193815633|183814128|537|0|1|200450048|0|||0|0|156575560.803|60496673.343|20222124.644|9754|0|0|0|2022-04-17 21:48:44.519486+02
381|1650230080.118149|2022-04-17 23:14:40.118149+02|16385|test|33|1644481835|0|2020690|7919410247|1845548565|1829440646|193901096|183899591|537|0|1|200450048|0|||0|0|156607592.781|60513373.865|20231558.072|9756|0|0|0|2022-04-17 21:48:44.519486+02
382|1650230081.144680|2022-04-17 23:14:41.14468+02|16385|test|33|1644567148|0|2021055|7920353029|1845720196|1829611476|193986405|183984900|537|0|1|200450048|0|||0|0|156639624.107|60530140.063|20240952.48|9758|0|0|0|2022-04-17 21:48:44.519486+02
383|1650230082.170939|2022-04-17 23:14:42.170939+02|16385|test|33|1644653031|0|2021522|7921302070|1845892976|1829783446|194072284|184070779|537|0|1|200450048|0|||0|0|156671654.286|60546718.796|20250464.899|9760|0|0|0|2022-04-17 21:48:44.519486+02
384|1650230083.197297|2022-04-17 23:14:43.197297+02|16385|test|33|1644737826|0|2022230|7922239696|1846063543|1829953240|194157075|184155570|537|0|1|200450048|0|||0|0|156703685.227|60563640.79|20259768.246|9762|0|0|0|2022-04-17 21:48:44.519486+02
385|1650230084.224168|2022-04-17 23:14:44.224168+02|16385|test|33|1644824099|0|2022654|7923192832|1846237101|1830125990|194243344|184241839|537|0|1|200450048|0|||0|0|156735715.954|60580162.83|20269308.375|9764|0|0|0|2022-04-17 21:48:44.519486+02
386|1650230085.250900|2022-04-17 23:14:45.2509+02|16385|test|33|1644912139|0|2023261|7924165983|1846414251|1830302274|194331380|184329875|537|0|1|200450048|0|||0|0|156768747.133|60597501.127|20278956.776|9766|0|0|0|2022-04-17 21:48:44.519486+02
387|1650230086.277822|2022-04-17 23:14:46.277822+02|16385|test|33|1645037037|0|2023990|7925546250|1846665415|1830552274|194456274|184454769|537|0|1|200450048|0|||0|0|156815282.605|60621552.192|20292809.587|9768|0|0|0|2022-04-17 21:48:44.519486+02
388|1650230087.304216|2022-04-17 23:14:47.304216+02|16385|test|33|1645124543|0|2024578|7926513640|1846841403|1830727490|194543776|184542271|537|0|1|200450048|0|||0|0|156847813.618|60638281.821|20302540.487|9770|0|0|0|2022-04-17 21:48:44.519486+02
389|1650230088.331314|2022-04-17 23:14:48.331314+02|16385|test|33|1645210293|0|2025167|7927461823|1847013871|1830899194|194629522|184628017|537|0|1|200450048|0|||0|0|156879847.055|60654927.613|20312018.032|9772|0|0|0|2022-04-17 21:48:44.519486+02
390|1650230089.358474|2022-04-17 23:14:49.358474+02|16385|test|33|1645296528|0|2025635|7928415075|1847187337|1831071868|194715753|184714248|537|0|1|200450048|0|||0|0|156911879.373|60671382.09|20321615.652|9774|0|0|0|2022-04-17 21:48:44.519486+02
391|1650230090.385943|2022-04-17 23:14:50.385943+02|16385|test|33|1645382473|0|2026225|7929365375|1847360135|1831243962|194801694|184800189|537|0|1|200450048|0|||0|0|156943910.812|60687885.184|20331179.219|9776|0|0|0|2022-04-17 21:48:44.519486+02
392|1650230091.412369|2022-04-17 23:14:51.412369+02|16385|test|33|1645468377|0|2026693|7930314934|1847532920|1831415974|194887594|184886089|537|0|1|200450048|0|||0|0|156975940.697|60704450.916|20340690.648|9778|0|0|0|2022-04-17 21:48:44.519486+02
393|1650230092.439414|2022-04-17 23:14:52.439414+02|16385|test|33|1645553665|0|2027242|7931257722|1847704410|1831586754|194972878|184971373|537|0|1|200450048|0|||0|0|157007970.922|60721174.58|20350109.238|9780|0|0|0|2022-04-17 21:48:44.519486+02
394|1650230093.465933|2022-04-17 23:14:53.465933+02|16385|test|33|1645639964|0|2027832|7932211793|1847877906|1831759556|195059173|185057668|537|0|1|200450048|0|||0|0|157040001.216|60737677.26|20359658.573|9782|0|0|0|2022-04-17 21:48:44.519486+02
395|1650230094.493087|2022-04-17 23:14:54.493087+02|16385|test|33|1645725890|0|2028318|7933161170|1848050656|1831931612|195145095|185143590|537|0|1|200450048|0|||0|0|157072032.586|60754239.103|20369186.79|9784|0|0|0|2022-04-17 21:48:44.519486+02
396|1650230095.519842|2022-04-17 23:14:55.519842+02|16385|test|33|1645811502|0|2028842|7934107235|1848222826|1832103040|195230703|185229198|537|0|1|200450048|0|||0|0|157104064.121|60770935.274|20378634.355|9786|0|0|0|2022-04-17 21:48:44.519486+02
397|1650230096.546784|2022-04-17 23:14:56.546784+02|16385|test|33|1645897352|0|2029553|7935056634|1848395403|1832274944|195316549|185315044|537|0|1|200450048|0|||0|0|157136096.558|60787533.676|20388137.311|9788|0|0|0|2022-04-17 21:48:44.519486+02
398|1650230097.573204|2022-04-17 23:14:57.573204+02|16385|test|33|1645983535|0|2030021|7936009121|1848568659|1832447514|195402728|185401223|537|0|1|200450048|0|||0|0|157168129.084|60804010.817|20397703.473|9790|0|0|0|2022-04-17 21:48:44.519486+02
399|1650230098.599815|2022-04-17 23:14:58.599815+02|16385|test|33|1646064950|0|2030549|7936909124|1848732344|1832610548|195484139|185482634|537|0|1|200450048|0|||0|0|157200160.469|60821359.719|20406737.278|9792|0|0|0|2022-04-17 21:48:44.519486+02
400|1650230099.627383|2022-04-17 23:14:59.627383+02|16385|test|33|1646151085|0|2031257|7937861392|1848905523|1832783022|195570270|185568765|537|0|1|200450048|0|||0|0|157232194.414|60838050.309|20416168.126|9794|0|0|0|2022-04-17 21:48:44.519486+02
401|1650230100.654391|2022-04-17 23:15:00.654391+02|16385|test|33|1646237431|0|2031685|7938815652|1849079107|1832955918|195656612|185655107|537|0|1|200450048|0|||0|0|157264226.187|60854583.36|20425700.443|9796|0|0|0|2022-04-17 21:48:44.519486+02
402|1650230101.681786|2022-04-17 23:15:01.681786+02|16385|test|33|1646322201|0|2032129|7939752039|1849249535|1833125662|195741378|185739873|537|0|1|200450048|0|||0|0|157296258.121|60871594.943|20434938.245|9798|0|0|0|2022-04-17 21:48:44.519486+02
403|1650230102.708603|2022-04-17 23:15:02.708603+02|16385|test|33|1646407508|0|2032797|7940695157|1849421063|1833296480|195826681|185825176|537|0|1|200450048|0|||0|0|157328290.791|60888386.38|20444320.707|9800|0|0|0|2022-04-17 21:48:44.519486+02
404|1650230103.735550|2022-04-17 23:15:03.73555+02|16385|test|33|1646493482|0|2033284|7941645373|1849593892|1833468632|195912651|185911146|537|0|1|200450048|0|||0|0|157360322.284|60904940.436|20453850.276|9802|0|0|0|2022-04-17 21:48:44.519486+02
405|1650230104.762749|2022-04-17 23:15:04.762749+02|16385|test|33|1646593368|0|2033914|7942749362|1849794662|1833668608|196012533|186011028|537|0|1|200450048|0|||0|0|157397355.914|60924041.977|20464868.513|9804|0|0|0|2022-04-17 21:48:44.519486+02
406|1650230105.789752|2022-04-17 23:15:05.789752+02|16385|test|33|1646709034|0|2034603|7944027322|1850027098|1833900144|196128195|186126690|537|0|1|200450048|0|||0|0|157440391.799|60946206.742|20477728.412|9806|0|0|0|2022-04-17 21:48:44.519486+02
407|1650230106.816106|2022-04-17 23:15:06.816106+02|16385|test|33|1646794943|0|2035111|7944976914|1850199759|1834072166|196214100|186212595|537|0|1|200450048|0|||0|0|157472425.515|60962731.467|20487283.431|9808|0|0|0|2022-04-17 21:48:44.519486+02
408|1650230107.842296|2022-04-17 23:15:07.842296+02|16385|test|33|1646881283|0|2035663|7945931623|1850373272|1834245050|196300436|186298931|537|0|1|200450048|0|||0|0|157504458.054|60979210.413|20496853.421|9810|0|0|0|2022-04-17 21:48:44.519486+02
409|1650230108.869264|2022-04-17 23:15:08.869264+02|16385|test|33|1646967362|0|2036352|7946883112|1850546286|1834417412|196386511|186385006|537|0|1|200450048|0|||0|0|157536490.761|60995740.732|20506394.374|9812|0|0|0|2022-04-17 21:48:44.519486+02
410|1650230109.895864|2022-04-17 23:15:09.895864+02|16385|test|33|1647053173|0|2036822|7947831624|1850718757|1834589238|196472318|186470813|537|0|1|200450048|0|||0|0|157568521.654|61012354.465|20515873.351|9814|0|0|0|2022-04-17 21:48:44.519486+02
411|1650230110.922464|2022-04-17 23:15:10.922464+02|16385|test|33|1647139539|0|2037351|7948786331|1850892334|1834762174|196558680|186557175|537|0|1|200450048|0|||0|0|157600556.055|61028841.726|20525432.748|9816|0|0|0|2022-04-17 21:48:44.519486+02
412|1650230111.949180|2022-04-17 23:15:11.94918+02|16385|test|33|1647225398|0|2037997|7949735091|1851064888|1834934096|196644535|186643030|537|0|1|200450048|0|||0|0|157632587.113|61045390.829|20534969.497|9818|0|0|0|2022-04-17 21:48:44.519486+02
413|1650230112.975876|2022-04-17 23:15:12.975876+02|16385|test|33|1647311390|0|2038745|7950685529|1851237642|1835106284|196730523|186729018|537|0|1|200450048|0|||0|0|157664618.458|61061922.305|20544514.339|9820|0|0|0|2022-04-17 21:48:44.519486+02
414|1650230114.001864|2022-04-17 23:15:14.001864+02|16385|test|33|1647396883|0|2038989|7951629537|1851409446|1835277474|196816012|186814507|537|0|1|200450048|0|||0|0|157696650.173|61078659.926|20553926.832|9822|0|0|0|2022-04-17 21:48:44.519486+02
415|1650230115.028856|2022-04-17 23:15:15.028856+02|16385|test|33|1647482868|0|2039519|7952580098|1851582247|1835449648|196901993|186900488|537|0|1|200450048|0|||0|0|157728681.699|61095233.632|20563441.016|9824|0|0|0|2022-04-17 21:48:44.519486+02
416|1650230116.055722|2022-04-17 23:15:16.055722+02|16385|test|33|1647568768|0|2040049|7953529568|1851754819|1835621652|196987889|186986384|537|0|1|200450048|0|||0|0|157760714.127|61111814.343|20572955.088|9826|0|0|0|2022-04-17 21:48:44.519486+02
417|1650230117.082282|2022-04-17 23:15:17.082282+02|16385|test|34|1647654564|0|2040678|7954477759|1851927210|1835793436|197073682|187072177|537|0|1|200450048|0|||0|0|157792742.615|61128410.948|20582454.977|9827|0|0|0|2022-04-17 21:48:44.519486+02
418|1650230118.098759|2022-04-17 23:15:18.098759+02|16385|test|34|1647737862|0|2041144|7955402577|1852095288|1835960248|197156975|187155470|537|0|1|200450048|0|||0|0|157824764.965|61145322.35|20591787.514|9830|0|0|0|2022-04-17 21:48:44.519486+02
419|1650230119.126086|2022-04-17 23:15:19.126086+02|16385|test|34|1647822942|0|2041671|7956369262|1852270329|1836130612|197242051|187240546|537|0|1|200450048|0|||0|0|157856796.646|61161709.227|20601439.798|9832|0|0|0|2022-04-17 21:48:44.519486+02
420|1650230120.153267|2022-04-17 23:15:20.153267+02|16385|test|34|1647908417|0|2042202|7957375514|1852451565|1836301766|197327522|187326017|537|0|1|200450048|0|||0|0|157888827.904|61178059.723|20611094.087|9834|0|0|0|2022-04-17 21:48:44.519486+02
421|1650230121.179602|2022-04-17 23:15:21.179602+02|16385|test|34|1647950890|0|2042589|7957892519|1852544241|1836386904|197369992|187368487|537|0|1|200450048|0|||0|0|157904849.123|61186250.362|20615924.279|9835|0|0|0|2022-04-17 21:48:44.519486+02
422|1650230122.195909|2022-04-17 23:15:22.195909+02|16385|test|34|1648077056|0|2043297|7959356500|1852809126|1836640124|197496153|187494648|537|0|1|200450048|0|||0|0|157952878.434|61210998.684|20630294.631|9838|0|0|0|2022-04-17 21:48:44.519486+02
423|1650230123.223071|2022-04-17 23:15:23.223071+02|16385|test|34|1648161902|0|2043969|7960331377|1852985462|1836810020|197580995|187579490|537|0|1|200450048|0|||0|0|157984909.355|61227372.582|20639951.826|9840|0|0|0|2022-04-17 21:48:44.519486+02
424|1650230124.249568|2022-04-17 23:15:24.249568+02|16385|test|34|1648246979|0|2044433|7961344062|1853167832|1836980378|197666068|187664563|537|0|1|200450048|0|||0|0|158016939.962|61243876.474|20649516.949|9842|0|0|0|2022-04-17 21:48:44.519486+02
425|1650230125.275934|2022-04-17 23:15:25.275934+02|16385|test|34|1648360116|0|2045242|7962776658|1853423237|1837206856|197779201|187777696|537|0|1|200450048|0|||0|0|158059977.074|61266511.171|20662035.881|9844|0|0|0|2022-04-17 21:48:44.519486+02
426|1650230126.302578|2022-04-17 23:15:26.302578+02|16385|test|34|1648457248|0|2045750|7964101515|1853656714|1837401324|197876329|187874824|537|0|1|200450048|0|||0|0|158097009.827|61285683.454|20673044.387|9846|0|0|0|2022-04-17 21:48:44.519486+02
427|1650230127.328996|2022-04-17 23:15:27.328996+02|16385|test|34|1648540751|0|2046587|7965315924|1853869954|1837568534|197959828|187958323|537|0|1|200450048|0|||0|0|158129040.501|61302330.298|20682517.189|9848|0|0|0|2022-04-17 21:48:44.519486+02
428|1650230128.355201|2022-04-17 23:15:28.355201+02|16385|test|34|1648624057|0|2047958|7966551651|1854090917|1837735350|198043130|188041625|537|0|1|200450048|0|||0|0|158161070.426|61319039.797|20691950.077|9850|0|0|0|2022-04-17 21:48:44.519486+02
429|1650230129.382142|2022-04-17 23:15:29.382142+02|16385|test|33|1648702311|0|2138340|7968132287|1854305431|1837892341|198121395|188119879|558|0|1|200450048|0|||0|0|158193172.426|61336728.117|20700819.126|9852|0|0|0|2022-04-17 21:48:44.519486+02
430|1650230130.409262|2022-04-17 23:15:30.409262+02|16385|test|33|1648786675|0|2138944|7969084419|1854479918|1838061561|198205755|188204239|558|0|1|200450048|0|||0|0|158225202.951|61353472.119|20710229.912|9854|0|0|0|2022-04-17 21:48:44.519486+02
431|1650230131.436364|2022-04-17 23:15:31.436364+02|16385|test|33|1648871172|0|2139468|7970024890|1854652265|1838230759|198290248|188288732|558|0|1|200450048|0|||0|0|158257233.873|61370423.141|20719506.627|9856|0|0|0|2022-04-17 21:48:44.519486+02
432|1650230132.462538|2022-04-17 23:15:32.462538+02|16385|test|33|1648956057|0|2139994|7970968674|1854825184|1838400733|198375129|188373613|558|0|1|200450048|0|||0|0|158289265.211|61387306.902|20728821.366|9858|0|0|0|2022-04-17 21:48:44.519486+02
433|1650230133.489710|2022-04-17 23:15:33.48971+02|16385|test|33|1649041178|0|2140759|7971914410|1854998403|1838571179|198460246|188458730|558|0|1|200450048|0|||0|0|158321295.853|61404092.765|20738208.272|9860|0|0|0|2022-04-17 21:48:44.519486+02
434|1650230134.517045|2022-04-17 23:15:34.517045+02|16385|test|33|1649127396|0|2141043|7972871066|1855173779|1838743819|198546460|188544944|558|0|1|200450048|0|||0|0|158353326.601|61420612.508|20747747.466|9862|0|0|0|2022-04-17 21:48:44.519486+02
435|1650230135.544411|2022-04-17 23:15:35.544411+02|16385|test|33|1649213192|0|2141651|7973823616|1855348236|1838915615|198632252|188630736|558|0|1|200450048|0|||0|0|158385359.054|61437193.326|20757261.15|9864|0|0|0|2022-04-17 21:48:44.519486+02
436|1650230136.571948|2022-04-17 23:15:36.571948+02|16385|test|33|1649299080|0|2142197|7974776747|1855522834|1839087595|198718136|188716620|558|0|1|200450048|0|||0|0|158417391.414|61453687.673|20766827.161|9866|0|0|0|2022-04-17 21:48:44.519486+02
437|1650230137.598309|2022-04-17 23:15:37.598309+02|16385|test|33|1649384066|0|2142743|7975719810|1855695624|1839257771|198803118|188801602|558|0|1|200450048|0|||0|0|158449421.801|61470534.337|20776175.717|9868|0|0|0|2022-04-17 21:48:44.519486+02
438|1650230138.625732|2022-04-17 23:15:38.625732+02|16385|test|33|1649470068|0|2143211|7976674168|1855870477|1839429979|198889116|188887600|558|0|1|200450048|0|||0|0|158481453.048|61487063.625|20785718.94|9870|0|0|0|2022-04-17 21:48:44.519486+02
439|1650230139.653145|2022-04-17 23:15:39.653145+02|16385|test|33|1649556116|0|2143797|7977628613|1856045257|1839602279|198975160|188973644|558|0|1|200450048|0|||0|0|158513483.74|61503572.308|20795271.44|9872|0|0|0|2022-04-17 21:48:44.519486+02
440|1650230140.679645|2022-04-17 23:15:40.679645+02|16385|test|33|1649642115|0|2144325|7978582868|1856220030|1839774481|199061155|189059639|558|0|1|200450048|0|||0|0|158545515.429|61520146.148|20804788.044|9874|0|0|0|2022-04-17 21:48:44.519486+02
441|1650230141.706808|2022-04-17 23:15:41.706808+02|16385|test|33|1649728044|0|2145054|7979536694|1856394595|1839946543|199147080|189145564|558|0|1|200450048|0|||0|0|158577547.826|61536721.664|20814301.489|9876|0|0|0|2022-04-17 21:48:44.519486+02
442|1650230142.733345|2022-04-17 23:15:42.733345+02|16385|test|33|1649813953|0|2145400|7980489240|1856569089|1840118565|199232985|189231469|558|0|1|200450048|0|||0|0|158609578.408|61553370.292|20823755.293|9878|0|0|0|2022-04-17 21:48:44.519486+02
443|1650230143.760426|2022-04-17 23:15:43.760426+02|16385|test|33|1649899090|0|2146152|7981434447|1856741964|1840289043|199318118|189316602|558|0|1|200450048|0|||0|0|158641610.496|61570186.418|20833120.535|9880|0|0|0|2022-04-17 21:48:44.519486+02
444|1650230144.787760|2022-04-17 23:15:44.78776+02|16385|test|33|1650019000|0|2146840|7982764096|1856985484|1840529067|199438024|189436508|558|0|1|200450048|0|||0|0|158686153.487|61593199.04|20846373.275|9882|0|0|0|2022-04-17 21:48:44.519486+02
445|1650230145.815082|2022-04-17 23:15:45.815082+02|16385|test|33|1650114118|0|2147304|7983818499|1857178601|1840719507|199533138|189531622|558|0|1|200450048|0|||0|0|158721683.78|61611579.601|20856950.561|9884|0|0|0|2022-04-17 21:48:44.519486+02
446|1650230146.842182|2022-04-17 23:15:46.842182+02|16385|test|33|1650199821|0|2148034|7984769535|1857352622|1840891117|199618837|189617321|558|0|1|200450048|0|||0|0|158753716.798|61628205.172|20866434.081|9886|0|0|0|2022-04-17 21:48:44.519486+02
447|1650230147.869341|2022-04-17 23:15:47.869341+02|16385|test|33|1650283981|0|2148558|7985702442|1857523422|1841059641|199702993|189701477|558|0|1|200450048|0|||0|0|158785749.546|61645295.951|20875632.552|9888|0|0|0|2022-04-17 21:48:44.519486+02
448|1650230148.896360|2022-04-17 23:15:48.89636+02|16385|test|33|1650369963|0|2149025|7986655996|1857697966|1841231809|199788971|189787455|558|0|1|200450048|0|||0|0|158817781.916|61661915.528|20885110.834|9890|0|0|0|2022-04-17 21:48:44.519486+02
449|1650230149.922709|2022-04-17 23:15:49.922709+02|16385|test|33|1650455245|0|2149493|7987601633|1857871013|1841402577|199874249|189872733|558|0|1|200450048|0|||0|0|158849811.636|61678686.531|20894497.398|9892|0|0|0|2022-04-17 21:48:44.519486+02
450|1650230150.949316|2022-04-17 23:15:50.949316+02|16385|test|33|1650541547|0|2150081|7988558896|1858046226|1841575385|199960547|189959031|558|0|1|200450048|0|||0|0|158881844.096|61695177.33|20904057.096|9894|0|0|0|2022-04-17 21:48:44.519486+02
451|1650230151.975272|2022-04-17 23:15:51.975272+02|16385|test|33|1650627748|0|2150711|7989515189|1858221099|1841747991|200046744|190045228|558|0|1|200450048|0|||0|0|158913874.273|61711682.245|20913618.629|9896|0|0|0|2022-04-17 21:48:44.519486+02
452|1650230153.002323|2022-04-17 23:15:53.002323+02|16385|test|33|1650713654|0|2151217|7990467693|1858395464|1841920007|200132646|190131130|558|0|1|200450048|0|||0|0|158945905.047|61728285.212|20923119.22|9898|0|0|0|2022-04-17 21:48:44.519486+02
453|1650230154.028452|2022-04-17 23:15:54.028452+02|16385|test|33|1650799787|0|2151741|7991422478|1858570291|1842092477|200218775|190217259|558|0|1|200450048|0|||0|0|158977935.113|61744799.592|20932670.472|9900|0|0|0|2022-04-17 21:48:44.519486+02
454|1650230155.054882|2022-04-17 23:15:55.054882+02|16385|test|33|1650885610|0|2152247|7992373928|1858744432|1842264327|200304594|190303078|558|0|1|200450048|0|||0|0|159009965.779|61761425.866|20942143.613|9902|0|0|0|2022-04-17 21:48:44.519486+02
455|1650230156.081514|2022-04-17 23:15:56.081514+02|16385|test|33|1650971571|0|2152838|7993327642|1858918798|1842436453|200390551|190389035|558|0|1|200450048|0|||0|0|159041997.109|61778036.766|20951638.501|9904|0|0|0|2022-04-17 21:48:44.519486+02
456|1650230157.107188|2022-04-17 23:15:57.107188+02|16385|test|33|1651057836|0|2153468|7994284460|1859093743|1842609187|200476812|190475296|558|0|1|200450048|0|||0|0|159074028.545|61794502.304|20961213.201|9906|0|0|0|2022-04-17 21:48:44.519486+02
457|1650230158.134124|2022-04-17 23:15:58.134124+02|16385|test|33|1651144103|0|2153976|7995240968|1859268728|1842781925|200563075|190561559|558|0|1|200450048|0|||0|0|159106060.068|61811007.009|20970767.147|9908|0|0|0|2022-04-17 21:48:44.519486+02
458|1650230159.161252|2022-04-17 23:15:59.161252+02|16385|test|33|1651230219|0|2154422|7996195424|1859443357|1842954361|200649187|190647671|558|0|1|200450048|0|||0|0|159138092.076|61827501.073|20980340.86|9910|0|0|0|2022-04-17 21:48:44.519486+02
459|1650230160.188252|2022-04-17 23:16:00.188252+02|16385|test|33|1651309732|0|2154950|7997077078|1859604604|1843113591|200728696|190727180|558|0|1|200450048|0|||0|0|159170123.198|61845323.861|20989081.312|9912|0|0|0|2022-04-17 21:48:44.519486+02
460|1650230161.215302|2022-04-17 23:16:01.215302+02|16385|test|33|1651396077|0|2155520|7998034843|1859779761|1843286485|200815037|190813521|558|0|1|200450048|0|||0|0|159202153.802|61861939.392|20998553.633|9914|0|0|0|2022-04-17 21:48:44.519486+02
461|1650230162.241943|2022-04-17 23:16:02.241943+02|16385|test|33|1651482226|0|2156148|7998990008|1859954417|1843458987|200901182|190899666|558|0|1|200450048|0|||0|0|159234184.286|61878508.113|21008063.104|9916|0|0|0|2022-04-17 21:48:44.519486+02
462|1650230163.269339|2022-04-17 23:16:03.269339+02|16385|test|33|1651568550|0|2156596|7999946647|1860129317|1843631839|200987502|190985986|558|0|1|200450048|0|||0|0|159266215.611|61895028.011|21017600.395|9918|0|0|0|2022-04-17 21:48:44.519486+02
463|1650230164.294853|2022-04-17 23:16:04.294853+02|16385|test|33|1651688527|0|2157709|8001276823|1860372337|1843871997|201107475|191105959|558|0|1|200450048|0|||0|0|159310770.873|61918085.006|21030806.58|9920|0|0|0|2022-04-17 21:48:44.519486+02
464|1650230165.321702|2022-04-17 23:16:05.321702+02|16385|test|33|1651783561|0|2158213|8002329569|1860564881|1844062269|201202505|191200989|558|0|1|200450048|0|||0|0|159346304.166|61936432.313|21041400.869|9922|0|0|0|2022-04-17 21:48:44.519486+02
465|1650230166.348704|2022-04-17 23:16:06.348704+02|16385|test|33|1651869966|0|2158577|8003286451|1860739920|1844235283|201288906|191287390|558|0|1|200450048|0|||0|0|159378340.563|61952913.913|21050973.403|9924|0|0|0|2022-04-17 21:48:44.519486+02
466|1650230167.375514|2022-04-17 23:16:07.375514+02|16385|test|33|1651956289|0|2159145|8004243240|1860914817|1844408133|201375225|191373709|558|0|1|200450048|0|||0|0|159410371.915|61969383.757|21060559.837|9926|0|0|0|2022-04-17 21:48:44.519486+02
467|1650230168.402587|2022-04-17 23:16:08.402587+02|16385|test|33|1652042261|0|2159653|8005196054|1861088969|1844580281|201461193|191459677|558|0|1|200450048|0|||0|0|159442403.907|61985966.825|21070068.766|9928|0|0|0|2022-04-17 21:48:44.519486+02
468|1650230169.429336|2022-04-17 23:16:09.429336+02|16385|test|33|1652128346|0|2160281|8006150341|1861263417|1844752655|201547274|191545758|558|0|1|200450048|0|||0|0|159474436.323|62002525.42|21079587.31|9930|0|0|0|2022-04-17 21:48:44.519486+02
469|1650230170.455722|2022-04-17 23:16:10.455722+02|16385|test|33|1652214502|0|2160812|8007105415|1861438003|1844925171|201633426|191631910|558|0|1|200450048|0|||0|0|159506467.764|62019068.065|21089117.123|9932|0|0|0|2022-04-17 21:48:44.519486+02
470|1650230171.482677|2022-04-17 23:16:11.482677+02|16385|test|33|1652300489|0|2161236|8008058111|1861612188|1845097349|201719409|191717893|558|0|1|200450048|0|||0|0|159538498.858|62035594.359|21098651.888|9934|0|0|0|2022-04-17 21:48:44.519486+02
471|1650230172.509619|2022-04-17 23:16:12.509619+02|16385|test|33|1652386552|0|2161804|8009011788|1861786448|1845269679|201805468|191803952|558|0|1|200450048|0|||0|0|159570529.969|62052108.502|21108212.431|9936|0|0|0|2022-04-17 21:48:44.519486+02
472|1650230173.536500|2022-04-17 23:16:13.5365+02|16385|test|33|1652471748|0|2162370|8009955708|1861958964|1845440275|201890660|191889144|558|0|1|200450048|0|||0|0|159602560.319|62068916.221|21117571.672|9938|0|0|0|2022-04-17 21:48:44.519486+02
473|1650230174.563480|2022-04-17 23:16:14.56348+02|16385|test|33|1652557188|0|2162916|8010902278|1862131950|1845611359|201976096|191974580|558|0|1|200450048|0|||0|0|159634592.615|62085659.337|21126979.23|9940|0|0|0|2022-04-17 21:48:44.519486+02
474|1650230175.590584|2022-04-17 23:16:15.590584+02|16385|test|33|1652643388|0|2163602|8011857291|1862306443|1845783963|202062292|192060776|558|0|1|200450048|0|||0|0|159666623.836|62102172.052|21136535.371|9942|0|0|0|2022-04-17 21:48:44.519486+02
475|1650230176.617832|2022-04-17 23:16:16.617832+02|16385|test|33|1652728269|0|2164048|8012797550|1862478279|1845953929|202147169|192145653|558|0|1|200450048|0|||0|0|159698654.517|62119063.036|21145865.79|9944|0|0|0|2022-04-17 21:48:44.519486+02
476|1650230177.644509|2022-04-17 23:16:17.644509+02|16385|test|34|1652813992|0|2164556|8013747297|1862651788|1846125579|202232888|192231372|558|0|1|200450048|0|||0|0|159730687.426|62135541.326|21155434.905|9946|0|0|0|2022-04-17 21:48:44.519486+02
477|1650230178.671625|2022-04-17 23:16:18.671625+02|16385|test|34|1652897125|0|2165145|8014669144|1862820069|1846292049|202316017|192314501|558|0|1|200450048|0|||0|0|159762721.07|62152411.252|21164778.65|9948|0|0|0|2022-04-17 21:48:44.519486+02
478|1650230179.698356|2022-04-17 23:16:19.698356+02|16385|test|34|1652980350|0|2165751|8015591576|1862988472|1846458703|202399238|192397722|558|0|1|200450048|0|||0|0|159794754.079|62169216.074|21174177.117|9950|0|0|0|2022-04-17 21:48:44.519486+02
479|1650230180.725874|2022-04-17 23:16:20.725874+02|16385|test|34|1653065059|0|2166299|8016530868|1863159883|1846628325|202483943|192482427|558|0|1|200450048|0|||0|0|159826788.307|62185655.777|21183800.189|9952|0|0|0|2022-04-17 21:48:44.519486+02
480|1650230181.752946|2022-04-17 23:16:21.752946+02|16385|test|34|1653149601|0|2166645|8017467778|1863330959|1846797613|202568481|192566965|558|0|1|200450048|0|||0|0|159858821.182|62202046.601|21193467.002|9954|0|0|0|2022-04-17 21:48:44.519486+02
481|1650230182.779987|2022-04-17 23:16:22.779987+02|16385|test|34|1653234490|0|2167191|8018407784|1863502354|1846967595|202653366|192651850|558|0|1|200450048|0|||0|0|159890859.622|62218343.713|21203194.144|9956|0|0|0|2022-04-17 21:48:44.519486+02
482|1650230183.806765|2022-04-17 23:16:23.806765+02|16385|test|34|1653356102|0|2168000|8019751549|1863746397|1847211023|202774974|192773458|558|0|1|200450048|0|||0|0|159936895.538|62242046.798|21216976.356|9958|0|0|0|2022-04-17 21:48:44.519486+02
483|1650230184.833510|2022-04-17 23:16:24.83351+02|16385|test|34|1653446399|0|2168730|8020749906|1863927221|1847391821|202865267|192863751|558|0|1|200450048|0|||0|0|159970926.103|62259566.222|21227161.038|9960|0|0|0|2022-04-17 21:48:44.519486+02
484|1650230185.859471|2022-04-17 23:16:25.859471+02|16385|test|34|1653530755|0|2169081|8021684700|1864096617|1847561057|202949619|192948103|558|0|1|200450048|0|||0|0|160002957.287|62276173.094|21236692.114|9962|0|0|0|2022-04-17 21:48:44.519486+02
485|1650230186.886065|2022-04-17 23:16:26.886065+02|16385|test|34|1653615153|0|2169649|8022628513|1864267352|1847730057|203034013|193032497|558|0|1|200450048|0|||0|0|160034988.084|62292782.617|21246203.861|9964|0|0|0|2022-04-17 21:48:44.519486+02
486|1650230187.912353|2022-04-17 23:16:27.912353+02|16385|test|34|1653700913|0|2170202|8023607651|1864444018|1847901781|203119769|193118253|558|0|1|200450048|0|||0|0|160067019.357|62309091.339|21255889.68|9966|0|0|0|2022-04-17 21:48:44.519486+02
487|1650230188.939068|2022-04-17 23:16:28.939068+02|16385|test|34|1653785638|0|2170693|8024604587|1864623158|1848071435|203204490|193202974|558|0|1|200450048|0|||0|0|160099052.564|62325664.578|21265418.375|9968|0|0|0|2022-04-17 21:48:44.519486+02
488|1650230189.966052|2022-04-17 23:16:29.966052+02|16385|test|33|1653871443|0|2171284|8026309616|1864799528|1848244112|203290295|193288774|567|0|1|200450048|0|||0|0|160131084.945|62342104.105|21275008.92|9970|0|0|0|2022-04-17 21:48:44.519486+02
489|1650230190.992588|2022-04-17 23:16:30.992588+02|16385|test|33|1653951585|0|2171790|8027196015|1864960412|1848404600|203370433|193368912|567|0|1|200450048|0|||0|0|160163116.706|62359860.048|21283780.412|9972|0|0|0|2022-04-17 21:48:44.519486+02
490|1650230192.019428|2022-04-17 23:16:32.019428+02|16385|test|33|1654037311|0|2172398|8028143857|1865132406|1848576256|203456155|193454634|567|0|1|200450048|0|||0|0|160195149.311|62376557.405|21293212.433|9974|0|0|0|2022-04-17 21:48:44.519486+02
491|1650230193.046752|2022-04-17 23:16:33.046752+02|16385|test|33|1654123594|0|2172884|8029096918|1865305433|1848749026|203542434|193540913|567|0|1|200450048|0|||0|0|160227181.852|62393057.495|21302754.749|9976|0|0|0|2022-04-17 21:48:44.519486+02
492|1650230194.073436|2022-04-17 23:16:34.073436+02|16385|test|33|1654209679|0|2173491|8030048065|1865478061|1848921400|203628515|193626994|567|0|1|200450048|0|||0|0|160259212.822|62409637.571|21312260.032|9978|0|0|0|2022-04-17 21:48:44.519486+02
493|1650230195.099766|2022-04-17 23:16:35.099766+02|16385|test|33|1654295861|0|2174017|8030999595|1865650834|1849093968|203714693|193713172|567|0|1|200450048|0|||0|0|160291243.791|62426137.323|21321827.041|9980|0|0|0|2022-04-17 21:48:44.519486+02
494|1650230196.126109|2022-04-17 23:16:36.126109+02|16385|test|33|1654382144|0|2174545|8031952469|1865823809|1849266738|203800972|193799451|567|0|1|200450048|0|||0|0|160323276.758|62442636.128|21331394.206|9982|0|0|0|2022-04-17 21:48:44.519486+02
495|1650230197.152923|2022-04-17 23:16:37.152923+02|16385|test|33|1654468372|0|2175071|8032904345|1865996653|1849439398|203887196|193885675|567|0|1|200450048|0|||0|0|160355308.827|62459134.085|21340945.873|9984|0|0|0|2022-04-17 21:48:44.519486+02
496|1650230198.180558|2022-04-17 23:16:38.180558+02|16385|test|33|1654554510|0|2175679|8033855625|1866169316|1849611878|203973330|193971809|567|0|1|200450048|0|||0|0|160387339.262|62475662.302|21350489.301|9986|0|0|0|2022-04-17 21:48:44.519486+02
497|1650230199.207172|2022-04-17 23:16:39.207172+02|16385|test|33|1654640598|0|2176168|8034806123|1866341885|1849784258|204059414|194057893|567|0|1|200450048|0|||0|0|160419370.756|62492135.51|21360071.768|9988|0|0|0|2022-04-17 21:48:44.519486+02
498|1650230200.233788|2022-04-17 23:16:40.233788+02|16385|test|33|1654726643|0|2176858|8035756642|1866514351|1849956552|204145455|194143934|567|0|1|200450048|0|||0|0|160451401.935|62508680.199|21369600.314|9990|0|0|0|2022-04-17 21:48:44.519486+02
499|1650230201.260048|2022-04-17 23:16:41.260048+02|16385|test|33|1654811870|0|2177303|8036697352|1866685178|1850127210|204230678|194229157|567|0|1|200450048|0|||0|0|160483444.353|62525465.433|21378988.938|9992|0|0|0|2022-04-17 21:48:44.519486+02
500|1650230202.286299|2022-04-17 23:16:42.286299+02|16385|test|33|1654897951|0|2177851|8037647878|1866857729|1850299576|204316755|194315234|567|0|1|200450048|0|||0|0|160515474.647|62542019.79|21388509.878|9994|0|0|0|2022-04-17 21:48:44.519486+02
501|1650230203.312674|2022-04-17 23:16:43.312674+02|16385|test|33|1655018085|0|2178721|8038974109|1867098453|1850540048|204436885|194435364|567|0|1|200450048|0|||0|0|160560011.509|62564989.314|21401781.447|9996|0|0|0|2022-04-17 21:48:44.519486+02
502|1650230204.339301|2022-04-17 23:16:44.339301+02|16385|test|33|1655113445|0|2179169|8040026780|1867289560|1850730972|204532241|194530720|567|0|1|200450048|0|||0|0|160595542.067|62583258.818|21412425.186|9998|0|0|0|2022-04-17 21:48:44.519486+02
503|1650230205.366485|2022-04-17 23:16:45.366485+02|16385|test|33|1655199714|0|2179777|8040979415|1867462471|1850903714|204618506|194616985|567|0|1|200450048|0|||0|0|160627574.585|62599770.966|21421977.704|10000|0|0|0|2022-04-17 21:48:44.519486+02
504|1650230206.393656|2022-04-17 23:16:46.393656+02|16385|test|33|1655285822|0|2180261|8041929533|1867635030|1851076134|204704610|194703089|567|0|1|200450048|0|||0|0|160659610.8|62616250.375|21431565.111|10002|0|0|0|2022-04-17 21:48:44.519486+02
505|1650230207.420039|2022-04-17 23:16:47.420039+02|16385|test|33|1655371957|0|2180892|8042880869|1867807673|1851248608|204790741|194789220|567|0|1|200450048|0|||0|0|160691640.573|62632764.613|21441112.775|10004|0|0|0|2022-04-17 21:48:44.519486+02
506|1650230208.447234|2022-04-17 23:16:48.447234+02|16385|test|33|1655458346|0|2181361|8043834879|1867980837|1851421590|204877126|194875605|567|0|1|200450048|0|||0|0|160723671.839|62649242.179|21450681.273|10006|0|0|0|2022-04-17 21:48:44.519486+02
507|1650230209.474582|2022-04-17 23:16:49.474582+02|16385|test|33|1655544111|0|2182113|8044782738|1868152730|1851593324|204962887|194961366|567|0|1|200450048|0|||0|0|160755704.404|62665878.253|21460163.859|10008|0|0|0|2022-04-17 21:48:44.519486+02
508|1650230210.501831|2022-04-17 23:16:50.501831+02|16385|test|33|1655629915|0|2182639|8045729962|1868324705|1851765136|205048687|195047166|567|0|1|200450048|0|||0|0|160787735.874|62682500.189|21469644.78|10010|0|0|0|2022-04-17 21:48:44.519486+02
509|1650230211.528323|2022-04-17 23:16:51.528323+02|16385|test|33|1655715678|0|2183025|8046676478|1868496605|1851936866|205134446|195132925|567|0|1|200450048|0|||0|0|160819768.212|62699149.69|21479116.084|10012|0|0|0|2022-04-17 21:48:44.519486+02
510|1650230212.555358|2022-04-17 23:16:52.555358+02|16385|test|33|1655801545|0|2183633|8047624706|1868668700|1852108804|205220309|195218788|567|0|1|200450048|0|||0|0|160851801.105|62715770.314|21488612.662|10014|0|0|0|2022-04-17 21:48:44.519486+02
511|1650230213.581764|2022-04-17 23:16:53.581764+02|16385|test|33|1655887850|0|2184183|8048577978|1868841680|1852281618|205306610|195305089|567|0|1|200450048|0|||0|0|160883832.943|62732241.586|21498206.765|10016|0|0|0|2022-04-17 21:48:44.519486+02
512|1650230214.608700|2022-04-17 23:16:54.6087+02|16385|test|33|1655974176|0|2184649|8049530776|1869014695|1852454474|205392932|195391411|567|0|1|200450048|0|||0|0|160915864.387|62748720.218|21507779.674|10018|0|0|0|2022-04-17 21:48:44.519486+02
513|1650230215.635868|2022-04-17 23:16:55.635868+02|16385|test|33|1656059368|0|2185280|8050471650|1869185433|1852625062|205478120|195476599|567|0|1|200450048|0|||0|0|160947894.981|62765503.051|21517163.685|10020|0|0|0|2022-04-17 21:48:44.519486+02
514|1650230216.662663|2022-04-17 23:16:56.662663+02|16385|test|33|1656145679|0|2185788|8051424872|1869358411|1852797888|205564427|195562906|567|0|1|200450048|0|||0|0|160979925.154|62782044.828|21526687.492|10022|0|0|0|2022-04-17 21:48:44.519486+02
515|1650230217.689617|2022-04-17 23:16:57.689617+02|16385|test|33|1656232006|0|2186278|8052378400|1869531446|1852970746|205650750|195649229|567|0|1|200450048|0|||0|0|161011954.825|62798497.99|21536265.749|10024|0|0|0|2022-04-17 21:48:44.519486+02
516|1650230218.715376|2022-04-17 23:16:58.715376+02|16385|test|33|1656316989|0|2186888|8053316946|1869701755|1853140916|205735729|195734208|567|0|1|200450048|0|||0|0|161043986.758|62815403.515|21545581.587|10026|0|0|0|2022-04-17 21:48:44.519486+02
517|1650230219.741561|2022-04-17 23:16:59.741561+02|16385|test|33|1656402417|0|2187372|8054259612|1869872962|1853311976|205821153|195819632|567|0|1|200450048|0|||0|0|161076016.018|62832101.332|21555023.501|10028|0|0|0|2022-04-17 21:48:44.519486+02
518|1650230220.767738|2022-04-17 23:17:00.767738+02|16385|test|33|1656488812|0|2187982|8055213798|1870046086|1853484970|205907544|195906023|567|0|1|200450048|0|||0|0|161108047.596|62848567.734|21564619.887|10030|0|0|0|2022-04-17 21:48:44.519486+02
519|1650230221.794658|2022-04-17 23:17:01.794658+02|16385|test|33|1656569007|0|2188750|8056099578|1870206802|1853645564|205987735|195986214|567|0|1|200450048|0|||0|0|161140080.059|62866273.13|21573433.325|10032|0|0|0|2022-04-17 21:48:44.519486+02
520|1650230222.821212|2022-04-17 23:17:02.821212+02|16385|test|33|1656688936|0|2189176|8057422460|1870447072|1853885626|206107660|196106139|567|0|1|200450048|0|||0|0|161184615.419|62889437.616|21586556.909|10034|0|0|0|2022-04-17 21:48:44.519486+02
521|1650230223.848122|2022-04-17 23:17:03.848122+02|16385|test|33|1656784326|0|2189944|8058475771|1870638212|1854076610|206203046|196201525|567|0|1|200450048|0|||0|0|161220148.369|62907747.22|21597173.532|10036|0|0|0|2022-04-17 21:48:44.519486+02
522|1650230224.875301|2022-04-17 23:17:04.875301+02|16385|test|33|1656869745|0|2190351|8059418474|1870809399|1854247652|206288461|196286940|567|0|1|200450048|0|||0|0|161252180.785|62924558.403|21606541.032|10038|0|0|0|2022-04-17 21:48:44.519486+02
523|1650230225.901510|2022-04-17 23:17:05.90151+02|16385|test|33|1656956023|0|2190919|8060371099|1870982313|1854420412|206374735|196373214|567|0|1|200450048|0|||0|0|161284211.649|62941025.977|21616127.471|10040|0|0|0|2022-04-17 21:48:44.519486+02
524|1650230226.928783|2022-04-17 23:17:06.928783+02|16385|test|33|1657042302|0|2191449|8061323930|1871155221|1854593174|206461010|196459489|567|0|1|200450048|0|||0|0|161316247.691|62957533.508|21625685.694|10042|0|0|0|2022-04-17 21:48:44.519486+02
525|1650230227.955726|2022-04-17 23:17:07.955726+02|16385|test|33|1657128566|0|2192099|8062276729|1871328098|1854765906|206547270|196545749|567|0|1|200450048|0|||0|0|161348279.925|62974011.065|21635266.893|10044|0|0|0|2022-04-17 21:48:44.519486+02
526|1650230228.983018|2022-04-17 23:17:08.983018+02|16385|test|33|1657214872|0|2192669|8063229902|1871501050|1854938722|206633572|196632051|567|0|1|200450048|0|||0|0|161380311.806|62990517.94|21644828.736|10046|0|0|0|2022-04-17 21:48:44.519486+02
527|1650230230.010157|2022-04-17 23:17:10.010157+02|16385|test|33|1657301252|0|2193157|8064183517|1871674150|1855111686|206719948|196718427|567|0|1|200450048|0|||0|0|161412343.863|63006962.092|21654430.016|10048|0|0|0|2022-04-17 21:48:44.519486+02
528|1650230231.035917|2022-04-17 23:17:11.035917+02|16385|test|33|1657387595|0|2193968|8065137603|1871847197|1855284576|206806287|196804766|567|0|1|200450048|0|||0|0|161444373.434|63023456.777|21663988.419|10050|0|0|0|2022-04-17 21:48:44.519486+02
529|1650230232.062267|2022-04-17 23:17:12.062267+02|16385|test|33|1657473791|0|2194192|8066088430|1872019901|1855457172|206892479|196890958|567|0|1|200450048|0|||0|0|161476407.165|63039999.474|21673531.054|10052|0|0|0|2022-04-17 21:48:44.519486+02
530|1650230233.089087|2022-04-17 23:17:13.089087+02|16385|test|33|1657560086|0|2194758|8067040851|1872192826|1855629966|206978770|196977249|567|0|1|200450048|0|||0|0|161508437.287|63056547.521|21683048.447|10054|0|0|0|2022-04-17 21:48:44.519486+02
531|1650230234.115978|2022-04-17 23:17:14.115978+02|16385|test|33|1657645885|0|2195384|8067987927|1872364756|1855801768|207064565|197063044|567|0|1|200450048|0|||0|0|161540471.211|63073218.744|21692507.467|10056|0|0|0|2022-04-17 21:48:44.519486+02
532|1650230235.142445|2022-04-17 23:17:15.142445+02|16385|test|33|1657730690|0|2195930|8068923996|1872534698|1855971582|207149366|197147845|567|0|1|200450048|0|||0|0|161572502.321|63090126.806|21701818.191|10058|0|0|0|2022-04-17 21:48:44.519486+02
533|1650230236.169458|2022-04-17 23:17:16.169458+02|16385|test|33|1657815676|0|2196378|8069862222|1872705007|1856141758|207234348|197232827|567|0|1|200450048|0|||0|0|161604535.957|63106908.866|21711203.99|10060|0|0|0|2022-04-17 21:48:44.519486+02
534|1650230237.195928|2022-04-17 23:17:17.195928+02|16385|test|34|1657898647|0|2196972|8070779093|1872871273|1856307892|207317316|197315795|567|0|1|200450048|0|||0|0|161636565.443|63124102.536|21720314.674|10061|0|0|0|2022-04-17 21:48:44.519486+02
535|1650230238.213159|2022-04-17 23:17:18.213159+02|16385|test|34|1657982354|0|2197481|8071705918|1873039431|1856475522|207401018|197399497|567|0|1|200450048|0|||0|0|161668588.52|63140790.346|21729781.86|10064|0|0|0|2022-04-17 21:48:44.519486+02
536|1650230239.239621|2022-04-17 23:17:19.239621+02|16385|test|34|1658066131|0|2198167|8072646420|1873209729|1856643280|207484791|197483270|567|0|1|200450048|0|||0|0|161700619.942|63157473.825|21739234.921|10066|0|0|0|2022-04-17 21:48:44.519486+02
537|1650230240.266972|2022-04-17 23:17:20.266972+02|16385|test|34|1658150562|0|2198571|8073615221|1873384734|1856812346|207569218|197567697|567|0|1|200450048|0|||0|0|161732650.981|63174107.878|21748707.512|10068|0|0|0|2022-04-17 21:48:44.519486+02
538|1650230241.293812|2022-04-17 23:17:21.293812+02|16385|test|33|1658234526|0|2199063|8074791826|1873565507|1856981332|207653181|197651655|576|0|1|200450048|0|||0|0|161764705.546|63190766.251|21758183.854|10070|0|0|0|2022-04-17 21:48:44.519486+02
539|1650230242.320381|2022-04-17 23:17:22.320381+02|16385|test|33|1658332333|0|2199613|8075874590|1873762002|1857177150|207750984|197749458|576|0|1|200450048|0|||0|0|161802239.135|63210808.402|21768926.178|10072|0|0|0|2022-04-17 21:48:44.519486+02
540|1650230243.347330|2022-04-17 23:17:23.34733+02|16385|test|33|1658443538|0|2200445|8077104457|1873985255|1857399764|207862185|197860659|576|0|1|200450048|0|||0|0|161844777.292|63233331.354|21781238.083|10074|0|0|0|2022-04-17 21:48:44.519486+02
541|1650230244.374251|2022-04-17 23:17:24.374251+02|16385|test|33|1658528270|0|2200935|8078041245|1874155331|1857569432|207946913|197945387|576|0|1|200450048|0|||0|0|161876807.385|63250127.877|21790612.286|10076|0|0|0|2022-04-17 21:48:44.519486+02
542|1650230245.401133|2022-04-17 23:17:25.401133+02|16385|test|33|1658613239|0|2201524|8078980310|1874325848|1857739574|208031878|198030352|576|0|1|200450048|0|||0|0|161908880.936|63266960.361|21799982.207|10078|0|0|0|2022-04-17 21:48:44.519486+02
543|1650230246.427982|2022-04-17 23:17:26.427982+02|16385|test|33|1658697964|0|2202074|8079916643|1874495792|1857909228|208116599|198115073|576|0|1|200450048|0|||0|0|161940912.42|63283799.368|21809322.957|10080|0|0|0|2022-04-17 21:48:44.519486+02
544|1650230247.454512|2022-04-17 23:17:27.454512+02|16385|test|33|1658781026|0|2202662|8080834196|1874662404|1858075556|208199657|198198131|576|0|1|200450048|0|||0|0|161972942.121|63300942.467|21818477.637|10082|0|0|0|2022-04-17 21:48:44.519486+02
545|1650230248.481467|2022-04-17 23:17:28.481467+02|16385|test|33|1658866058|0|2203194|8081773996|1874832991|1858245824|208284685|198283159|576|0|1|200450048|0|||0|0|162004973.158|63317741.434|21827835.033|10084|0|0|0|2022-04-17 21:48:44.519486+02
546|1650230249.508254|2022-04-17 23:17:29.508254+02|16385|test|33|1658950908|0|2203604|8082711259|1875003171|1858415728|208369531|198368005|576|0|1|200450048|0|||0|0|162037004.172|63334523.583|21837214.622|10086|0|0|0|2022-04-17 21:48:44.519486+02
547|1650230250.535302|2022-04-17 23:17:30.535302+02|16385|test|33|1659033715|0|2204355|8083626286|1875169231|1858581546|208452334|198450808|576|0|1|200450048|0|||0|0|162069036.742|63351658.365|21846373.853|10088|0|0|0|2022-04-17 21:48:44.519486+02
548|1650230251.561982|2022-04-17 23:17:31.561982+02|16385|test|33|1659118619|0|2204684|8084563934|1875339509|1858751558|208537234|198535708|576|0|1|200450048|0|||0|0|162101066.793|63368522.438|21855683.597|10090|0|0|0|2022-04-17 21:48:44.519486+02
549|1650230252.588033|2022-04-17 23:17:32.588033+02|16385|test|33|1659198860|0|2205312|8085450259|1875500450|1858912244|208617471|198615945|576|0|1|200450048|0|||0|0|162133164.763|63386203.771|21864541.712|10092|0|0|0|2022-04-17 21:48:44.519486+02
550|1650230253.615208|2022-04-17 23:17:33.615208+02|16385|test|33|1659283477|0|2205761|8086384912|1875670154|1859081682|208702084|198700558|576|0|1|200450048|0|||0|0|162165195.167|63403104.472|21873842.416|10094|0|0|0|2022-04-17 21:48:44.519486+02
551|1650230254.641800|2022-04-17 23:17:34.6418+02|16385|test|33|1659366764|0|2206307|8087304425|1875837149|1859248460|208785367|198783841|576|0|1|200450048|0|||0|0|162197225.67|63420218.706|21883017.799|10096|0|0|0|2022-04-17 21:48:44.519486+02
552|1650230255.668035|2022-04-17 23:17:35.668035+02|16385|test|33|1659451661|0|2206817|8088242201|1876007405|1859418458|208870260|198868734|576|0|1|200450048|0|||0|0|162229255.354|63437051.414|21892352.583|10098|0|0|0|2022-04-17 21:48:44.519486+02
553|1650230256.694860|2022-04-17 23:17:36.69486+02|16385|test|33|1659536498|0|2207369|8089179538|1876177525|1859588336|208955093|198953567|576|0|1|200450048|0|||0|0|162261287.601|63453843.235|21901725.164|10100|0|0|0|2022-04-17 21:48:44.519486+02
554|1650230257.721768|2022-04-17 23:17:37.721768+02|16385|test|33|1659619290|0|2207977|8090093968|1876343576|1859754124|209037881|199036355|576|0|1|200450048|0|||0|0|162293319.245|63471025.134|21910852.425|10102|0|0|0|2022-04-17 21:48:44.519486+02
555|1650230258.748183|2022-04-17 23:17:38.748183+02|16385|test|33|1659704233|0|2208505|8091031961|1876513916|1859924214|209122820|199121294|576|0|1|200450048|0|||0|0|162325349.615|63487828.438|21920216.023|10104|0|0|0|2022-04-17 21:48:44.519486+02
556|1650230259.775103|2022-04-17 23:17:39.775103+02|16385|test|33|1659790249|0|2209011|8091981480|1876686399|1860096450|209208832|199207306|576|0|1|200450048|0|||0|0|162357749.886|63504819.156|21929684.702|10106|0|0|0|2022-04-17 21:48:44.519486+02
557|1650230260.802429|2022-04-17 23:17:40.802429+02|16385|test|33|1659874896|0|2209599|8092916228|1876856117|1860265948|209293475|199291949|576|0|1|200450048|0|||0|0|162389783.576|63521674.522|21939015.961|10108|0|0|0|2022-04-17 21:48:44.519486+02
558|1650230261.828867|2022-04-17 23:17:41.828867+02|16385|test|33|1659959296|0|2210026|8093848157|1877025355|1860434952|209377871|199376345|576|0|1|200450048|0|||0|0|162422314.394|63539060.7|21948332.396|10110|0|0|0|2022-04-17 21:48:44.519486+02
559|1650230262.855216|2022-04-17 23:17:42.855216+02|16385|test|33|1660077949|0|2211099|8095158795|1877263194|1860672462|209496520|199494994|576|0|1|200450048|0|||0|0|162467393.566|63562941.756|21961346.166|10112|0|0|0|2022-04-17 21:48:44.519486+02
560|1650230263.882083|2022-04-17 23:17:43.882083+02|16385|test|33|1660169346|0|2211444|8096167260|1877446425|1860855460|209587913|199586387|576|0|1|200450048|0|||0|0|162501924.497|63581013.535|21971476.804|10114|0|0|0|2022-04-17 21:48:44.519486+02
561|1650230264.908704|2022-04-17 23:17:44.908704+02|16385|test|33|1660253889|0|2212252|8097101048|1877615932|1861024750|209672452|199670926|576|0|1|200450048|0|||0|0|162533955.687|63597877.407|21980801.946|10116|0|0|0|2022-04-17 21:48:44.519486+02
562|1650230265.935893|2022-04-17 23:17:45.935893+02|16385|test|33|1660337235|0|2212436|8098020576|1877783055|1861191646|209755794|199754268|576|0|1|200450048|0|||0|0|162565994.556|63614932.247|21990021.071|10118|0|0|0|2022-04-17 21:48:44.519486+02
563|1650230266.963027|2022-04-17 23:17:46.963027+02|16385|test|33|1660421841|0|2213084|8098954899|1877952686|1861361062|209840396|199838870|576|0|1|200450048|0|||0|0|162598026.247|63631779.053|21999367.339|10120|0|0|0|2022-04-17 21:48:44.519486+02
564|1650230267.989645|2022-04-17 23:17:47.989645+02|16385|test|33|1660506526|0|2213550|8099889704|1878122482|1861530636|209925077|199923551|576|0|1|200450048|0|||0|0|162630057.68|63648606.556|22008718.607|10122|0|0|0|2022-04-17 21:48:44.519486+02
565|1650230269.016434|2022-04-17 23:17:49.016434+02|16385|test|33|1660591501|0|2214141|8100828618|1878292874|1861700790|210010048|200008522|576|0|1|200450048|0|||0|0|162662089.248|63665400.69|22018090.999|10124|0|0|0|2022-04-17 21:48:44.519486+02
566|1650230270.043274|2022-04-17 23:17:50.043274+02|16385|test|33|1660674654|0|2214627|8101746557|1878459599|1861867300|210093197|200091671|576|0|1|200450048|0|||0|0|162694120.524|63682530.405|22027254.622|10126|0|0|0|2022-04-17 21:48:44.519486+02
567|1650230271.069717|2022-04-17 23:17:51.069717+02|16385|test|33|1660759227|0|2215197|8102680723|1878629182|1862036650|210177766|200176240|576|0|1|200450048|0|||0|0|162726151.199|63699379.867|22036593.423|10128|0|0|0|2022-04-17 21:48:44.519486+02
568|1650230272.096305|2022-04-17 23:17:52.096305+02|16385|test|33|1660843717|0|2215661|8103613128|1878798561|1862205834|210262252|200260726|576|0|1|200450048|0|||0|0|162758181.695|63716253.917|22045900.33|10130|0|0|0|2022-04-17 21:48:44.519486+02
569|1650230273.123193|2022-04-17 23:17:53.123193+02|16385|test|33|1660926524|0|2216289|8104527622|1878964614|1862371652|210345055|200343529|576|0|1|200450048|0|||0|0|162790212.4|63733422.528|22055043.177|10132|0|0|0|2022-04-17 21:48:44.519486+02
570|1650230274.150108|2022-04-17 23:17:54.150108+02|16385|test|33|1661011523|0|2216815|8105465904|1879135031|1862541854|210430050|200428524|576|0|1|200450048|0|||0|0|162822241.764|63750223.938|22064404.921|10134|0|0|0|2022-04-17 21:48:44.519486+02
571|1650230275.176425|2022-04-17 23:17:55.176425+02|16385|test|33|1661096141|0|2217307|8106400653|1879304666|1862711294|210514664|200513138|576|0|1|200450048|0|||0|0|162854273.451|63767047.613|22073760.73|10136|0|0|0|2022-04-17 21:48:44.519486+02
572|1650230276.202958|2022-04-17 23:17:56.202958+02|16385|test|33|1661180809|0|2217858|8107336064|1879474422|1862880834|210599328|200597802|576|0|1|200450048|0|||0|0|162886304.133|63783891.562|22083096.941|10138|0|0|0|2022-04-17 21:48:44.519486+02
573|1650230277.229086|2022-04-17 23:17:57.229086+02|16385|test|33|1661263662|0|2218444|8108250744|1879640535|1863046744|210682177|200680651|576|0|1|200450048|0|||0|0|162918335.585|63801053.303|22092232.797|10140|0|0|0|2022-04-17 21:48:44.519486+02
574|1650230278.256220|2022-04-17 23:17:58.25622+02|16385|test|33|1661348424|0|2218892|8109186610|1879810472|1863216472|210766935|200765409|576|0|1|200450048|0|||0|0|162950367.723|63817839.193|22101607.777|10142|0|0|0|2022-04-17 21:48:44.519486+02
575|1650230279.280171|2022-04-17 23:17:59.280171+02|16385|test|33|1661432808|0|2219558|8110118261|1879979651|1863385444|210851315|200849789|576|0|1|200450048|0|||0|0|162982397.315|63834735.027|22110911.484|10144|0|0|0|2022-04-17 21:48:44.519486+02
576|1650230280.307247|2022-04-17 23:18:00.307247+02|16385|test|33|1661515574|0|2220026|8111032129|1880145586|1863551180|210934077|200932551|576|0|1|200450048|0|||0|0|163014429.617|63851947.695|22120011.326|10146|0|0|0|2022-04-17 21:48:44.519486+02
577|1650230281.333899|2022-04-17 23:18:01.333899+02|16385|test|33|1661600290|0|2220512|8111967232|1880315421|1863720816|211018789|201017263|576|0|1|200450048|0|||0|0|163046459.446|63868796.9|22129351.008|10148|0|0|0|2022-04-17 21:48:44.519486+02
578|1650230282.359238|2022-04-17 23:18:02.359238+02|16385|test|33|1661692496|0|2221184|8112985693|1880500252|1863905432|211110991|201109465|576|0|1|200450048|0|||0|0|163081500.734|63887293.465|22139529.033|10150|0|0|0|2022-04-17 21:48:44.519486+02
579|1650230283.383091|2022-04-17 23:18:03.383091+02|16385|test|33|1661806332|0|2221878|8114242673|1880728374|1864133308|211224823|201223297|576|0|1|200450048|0|||0|0|163126596.21|63912073.13|22152001.728|10152|0|0|0|2022-04-17 21:48:44.519486+02
580|1650230284.410074|2022-04-17 23:18:04.410074+02|16385|test|33|1661891064|0|2222364|8115178217|1880898237|1864302976|211309551|201308025|576|0|1|200450048|0|||0|0|163158627.009|63928964.354|22161299.162|10154|0|0|0|2022-04-17 21:48:44.519486+02
581|1650230285.436291|2022-04-17 23:18:05.436291+02|16385|test|33|1661974127|0|2222997|8116096030|1881064744|1864469306|211392610|201391084|576|0|1|200450048|0|||0|0|163190657.716|63946099.486|22170457.828|10156|0|0|0|2022-04-17 21:48:44.519486+02
582|1650230286.462665|2022-04-17 23:18:06.462665+02|16385|test|33|1662058816|0|2223507|8117031393|1881234520|1864638888|211477295|201475769|576|0|1|200450048|0|||0|0|163222688.67|63962942.312|22179789.085|10158|0|0|0|2022-04-17 21:48:44.519486+02
583|1650230287.488843|2022-04-17 23:18:07.488843+02|16385|test|33|1662143627|0|2224014|8117967838|1881404545|1864808714|211562102|201560576|576|0|1|200450048|0|||0|0|163254759.678|63979791.546|22189143.889|10160|0|0|0|2022-04-17 21:48:44.519486+02
584|1650230288.515353|2022-04-17 23:18:08.515353+02|16385|test|33|1662228434|0|2224545|8118904523|1881574574|1864978532|211646905|201645379|576|0|1|200450048|0|||0|0|163286790.926|63996649.349|22198459.812|10162|0|0|0|2022-04-17 21:48:44.519486+02
585|1650230289.541912|2022-04-17 23:18:09.541912+02|16385|test|33|1662311695|0|2225057|8119824272|1881741480|1865145258|211730162|201728636|576|0|1|200450048|0|||0|0|163318820.901|64013744.366|22207640.577|10164|0|0|0|2022-04-17 21:48:44.519486+02
586|1650230290.568267|2022-04-17 23:18:10.568267+02|16385|test|33|1662396454|0|2225663|8120759912|1881911386|1865314980|211814917|201813391|576|0|1|200450048|0|||0|0|163350855.17|64030573.184|22216994.991|10166|0|0|0|2022-04-17 21:48:44.519486+02
587|1650230291.595317|2022-04-17 23:18:11.595317+02|16385|test|33|1662481047|0|2226134|8121694283|1882080986|1865484370|211899506|201897980|576|0|1|200450048|0|||0|0|163382885.961|64047409.124|22226334.776|10168|0|0|0|2022-04-17 21:48:44.519486+02
588|1650230292.621782|2022-04-17 23:18:12.621782+02|16385|test|33|1662564012|0|2226618|8122609872|1882247298|1865650504|211982467|201980941|576|0|1|200450048|0|||0|0|163414917.64|64064555.36|22235485.703|10170|0|0|0|2022-04-17 21:48:44.519486+02
589|1650230293.648486|2022-04-17 23:18:13.648486+02|16385|test|33|1662648673|0|2227410|8123545325|1882416994|1865820030|212067124|202065598|576|0|1|200450048|0|||0|0|163446949.08|64081445.656|22244790.839|10172|0|0|0|2022-04-17 21:48:44.519486+02
590|1650230294.675778|2022-04-17 23:18:14.675778+02|16385|test|33|1662733575|0|2227816|8124482270|1882587190|1865990038|212152022|202150496|576|0|1|200450048|0|||0|0|163479028.429|64098283.207|22254158.888|10174|0|0|0|2022-04-17 21:48:44.519486+02
591|1650230295.702269|2022-04-17 23:18:15.702269+02|16385|test|33|1662818628|0|2228244|8125421096|1882757675|1866160348|212237071|202235545|576|0|1|200450048|0|||0|0|163511060.344|64115055.903|22263549.044|10176|0|0|0|2022-04-17 21:48:44.519486+02
592|1650230296.729003|2022-04-17 23:18:16.729003+02|16385|test|33|1662901720|0|2228791|8126338531|1882924226|1866326736|212320159|202318633|576|0|1|200450048|0|||0|0|163543091.537|64132191.525|22272698.975|10178|0|0|0|2022-04-17 21:48:44.519486+02
593|1650230297.755714|2022-04-17 23:18:17.755714+02|16385|test|33|1662986420|0|2229481|8127273742|1883094054|1866496420|212404855|202403329|576|0|1|200450048|0|||0|0|163575122.482|64149020.176|22282037.246|10180|0|0|0|2022-04-17 21:48:44.519486+02
594|1650230298.779557|2022-04-17 23:18:18.779557+02|16385|test|33|1663070851|0|2229867|8128205580|1883263308|1866665485|212489282|202487756|576|0|1|200450048|0|||0|0|163607151.627|64165843.004|22291391.502|10182|0|0|0|2022-04-17 21:48:44.519486+02
595|1650230299.806823|2022-04-17 23:18:19.806823+02|16385|test|33|1663154131|0|2230536|8129125432|1883430220|1866832249|212572558|202571032|576|0|1|200450048|0|||0|0|163639182.652|64182951.628|22300565.502|10184|0|0|0|2022-04-17 21:48:44.519486+02
596|1650230300.833355|2022-04-17 23:18:20.833355+02|16385|test|33|1663239024|0|2230982|8130062433|1883600391|1867002239|212657447|202655921|576|0|1|200450048|0|||0|0|163671214.549|64199793.15|22309914.559|10186|0|0|0|2022-04-17 21:48:44.519486+02
597|1650230301.860350|2022-04-17 23:18:21.86035+02|16385|test|33|1663325718|0|2231530|8131019607|1883774147|1867175831|212744137|202742611|576|0|1|200450048|0|||0|0|163704079.537|64217074.912|22319495.902|10188|0|0|0|2022-04-17 21:48:44.519486+02
598|1650230302.887132|2022-04-17 23:18:22.887132+02|16385|test|33|1663444442|0|2232419|8132330160|1884012009|1867413483|212862857|202861331|576|0|1|200450048|0|||0|0|163749114.53|64240934.439|22332486.72|10190|0|0|0|2022-04-17 21:48:44.519486+02
599|1650230303.914044|2022-04-17 23:18:23.914044+02|16385|test|33|1663535321|0|2232827|8133333031|1884194136|1867595445|212953732|202952206|576|0|1|200450048|0|||0|0|163783645.558|64259096.473|22342564.062|10192|0|0|0|2022-04-17 21:48:44.519486+02
600|1650230304.940895|2022-04-17 23:18:24.940895+02|16385|test|33|1663618008|0|2233415|8134246018|1884359869|1867761023|213036415|203034889|576|0|1|200450048|0|||0|0|163815676.836|64276257.781|22351719.041|10194|0|0|0|2022-04-17 21:48:44.519486+02
601|1650230305.967179|2022-04-17 23:18:25.967179+02|16385|test|33|1663702982|0|2234023|8135184257|1884530183|1867931175|213121385|203119859|576|0|1|200450048|0|||0|0|163847708.447|64293097.931|22361052.797|10196|0|0|0|2022-04-17 21:48:44.519486+02
602|1650230306.993978|2022-04-17 23:18:26.993978+02|16385|test|33|1663787661|0|2234490|8136119053|1884699910|1868100737|213206060|203204534|576|0|1|200450048|0|||0|0|163879739.759|64309982.056|22370362.494|10198|0|0|0|2022-04-17 21:48:44.519486+02
603|1650230308.020474|2022-04-17 23:18:28.020474+02|16385|test|33|1663870717|0|2234980|8137036206|1884866369|1868267053|213289112|203287586|576|0|1|200450048|0|||0|0|163911774.368|64327092.478|22379538.363|10200|0|0|0|2022-04-17 21:48:44.519486+02
604|1650230309.047636|2022-04-17 23:18:29.047636+02|16385|test|33|1663955116|0|2235504|8137967481|1885035528|1868436055|213373507|203371981|576|0|1|200450048|0|||0|0|163943806.48|64344043.679|22388803.714|10202|0|0|0|2022-04-17 21:48:44.519486+02
605|1650230310.074186|2022-04-17 23:18:30.074186+02|16385|test|33|1664039808|0|2236218|8138903447|1885205262|1868605643|213458195|203456669|576|0|1|200450048|0|||0|0|163975839.145|64360908.304|22398129.79|10204|0|0|0|2022-04-17 21:48:44.519486+02
606|1650230311.101343|2022-04-17 23:18:31.101343+02|16385|test|33|1664124787|0|2236602|8139841025|1885375599|1868775805|213543170|203541644|576|0|1|200450048|0|||0|0|164007875.503|64377727.352|22407492.113|10206|0|0|0|2022-04-17 21:48:44.519486+02
607|1650230312.127751|2022-04-17 23:18:32.127751+02|16385|test|33|1664208060|0|2237130|8140760417|1885542482|1868942555|213626439|203624913|576|0|1|200450048|0|||0|0|164039905.496|64394840.388|22416672.885|10208|0|0|0|2022-04-17 21:48:44.519486+02
608|1650230313.154784|2022-04-17 23:18:33.154784+02|16385|test|33|1664292913|0|2237700|8141697489|1885712541|1869112465|213711288|203709762|576|0|1|200450048|0|||0|0|164071936.684|64411643.75|22426028.02|10210|0|0|0|2022-04-17 21:48:44.519486+02
609|1650230314.181590|2022-04-17 23:18:34.18159+02|16385|test|33|1664372655|0|2238209|8142578303|1885872390|1869272153|213791026|203789500|576|0|1|200450048|0|||0|0|164103987.996|64429411.633|22434800.875|10212|0|0|0|2022-04-17 21:48:44.519486+02
610|1650230315.207980|2022-04-17 23:18:35.20798+02|16385|test|33|1664457575|0|2238739|8143516065|1886042571|1869442197|213875942|203874416|576|0|1|200450048|0|||0|0|164136051.808|64446295.505|22444125.893|10214|0|0|0|2022-04-17 21:48:44.519486+02
611|1650230316.234730|2022-04-17 23:18:36.23473+02|16385|test|33|1664540941|0|2239287|8144436496|1886209661|1869609133|213959304|203957778|576|0|1|200450048|0|||0|0|164168083.467|64463318.592|22453361.758|10216|0|0|0|2022-04-17 21:48:44.519486+02
612|1650230317.260949|2022-04-17 23:18:37.260949+02|16385|test|33|1664625618|0|2239813|8145371097|1886379364|1869778691|214043977|204042451|576|0|1|200450048|0|||0|0|164200113.708|64480184.258|22462681.619|10218|0|0|0|2022-04-17 21:48:44.519486+02
613|1650230318.288176|2022-04-17 23:18:38.288176+02|16385|test|33|1664710676|0|2240321|8146310146|1886549831|1869949011|214129031|204127505|576|0|1|200450048|0|||0|0|164232145.715|64496982.882|22472053.205|10220|0|0|0|2022-04-17 21:48:44.519486+02
614|1650230319.315024|2022-04-17 23:18:39.315024+02|16385|test|33|1664793499|0|2240907|8147224391|1886715831|1870114861|214211850|204210324|576|0|1|200450048|0|||0|0|164264176.26|64514184.568|22481165.678|10222|0|0|0|2022-04-17 21:48:44.519486+02
615|1650230320.341743|2022-04-17 23:18:40.341743+02|16385|test|33|1664878102|0|2241456|8148158491|1886885391|1870284271|214296449|204294923|576|0|1|200450048|0|||0|0|164296206.863|64531048.739|22490485.834|10224|0|0|0|2022-04-17 21:48:44.519486+02
616|1650230321.366559|2022-04-17 23:18:41.366559+02|16385|test|33|1664963238|0|2241946|8149098590|1887056027|1870454747|214381581|204380055|576|0|1|200450048|0|||0|0|164328237.16|64547821.28|22499866.375|10226|0|0|0|2022-04-17 21:48:44.519486+02
617|1650230322.393335|2022-04-17 23:18:42.393335+02|16385|test|33|1665083096|0|2242798|8150422076|1887296179|1870694667|214501435|204499909|576|0|1|200450048|0|||0|0|164373807.639|64571921.947|22513060.467|10228|0|0|0|2022-04-17 21:48:44.519486+02
618|1650230323.420288|2022-04-17 23:18:43.420288+02|16385|test|33|1665171626|0|2243284|8151399144|1887473583|1870871931|214589961|204588435|576|0|1|200450048|0|||0|0|164407340.118|64589528.693|22522866.449|10230|0|0|0|2022-04-17 21:48:44.519486+02
619|1650230324.446955|2022-04-17 23:18:44.446955+02|16385|test|33|1665257506|0|2243835|8152347509|1887645699|1871043895|214675837|204674311|576|0|1|200450048|0|||0|0|164440370.743|64607118.602|22532369.101|10232|0|0|0|2022-04-17 21:48:44.519486+02
620|1650230325.473879|2022-04-17 23:18:45.473879+02|16385|test|33|1665342192|0|2244383|8153282523|1887815406|1871213471|214760519|204758993|576|0|1|200450048|0|||0|0|164472401.473|64623937.596|22541722.6|10234|0|0|0|2022-04-17 21:48:44.519486+02
621|1650230326.500924|2022-04-17 23:18:46.500924+02|16385|test|33|1665427032|0|2245033|8154219555|1887985442|1871383355|214845355|204843829|576|0|1|200450048|0|||0|0|164504433.172|64640785.055|22551052.617|10236|0|0|0|2022-04-17 21:48:44.519486+02
622|1650230327.529697|2022-04-17 23:18:47.529697+02|16385|test|33|1665509900|0|2245461|8155134618|1888151617|1871549375|214928219|204926693|576|0|1|200450048|0|||0|0|164536465.514|64657889.618|22560238.696|10238|0|0|0|2022-04-17 21:48:44.519486+02
623|1650230328.559244|2022-04-17 23:18:48.559244+02|16385|test|33|1665594330|0|2246108|8156067046|1888320993|1871718598|215012645|205011119|576|0|1|200450048|0|||0|0|164568499.513|64674755.427|22569559.71|10240|0|0|0|2022-04-17 21:48:44.519486+02
624|1650230329.585825|2022-04-17 23:18:49.585825+02|16385|test|33|1665680160|0|2246578|8157014998|1888492992|1871890461|215098471|205096945|576|0|1|200450048|0|||0|0|164600921.493|64691791.866|22579029.701|10242|0|0|0|2022-04-17 21:48:44.519486+02
625|1650230330.611120|2022-04-17 23:18:50.61112+02|16385|test|33|1665765015|0|2247022|8157951234|1888663045|1872060375|215183322|205181796|576|0|1|200450048|0|||0|0|164632952.336|64708631.21|22588369.101|10244|0|0|0|2022-04-17 21:48:44.519486+02
626|1650230331.637964|2022-04-17 23:18:51.637964+02|16385|test|33|1665848023|0|2247590|8158867700|1888829384|1872226595|215266326|205264800|576|0|1|200450048|0|||0|0|164664983.454|64725736.918|22597553.177|10246|0|0|0|2022-04-17 21:48:44.519486+02
627|1650230332.663602|2022-04-17 23:18:52.663602+02|16385|test|33|1665932807|0|2248140|8159803962|1888999263|1872396367|215351106|205349580|576|0|1|200450048|0|||0|0|164697013.492|64742570.267|22606903.751|10248|0|0|0|2022-04-17 21:48:44.519486+02
628|1650230333.689889|2022-04-17 23:18:53.689889+02|16385|test|33|1666017277|0|2248626|8160736283|1889168536|1872565511|215435572|205434046|576|0|1|200450048|0|||0|0|164729049.232|64759465.052|22616213.713|10250|0|0|0|2022-04-17 21:48:44.519486+02
629|1650230334.716604|2022-04-17 23:18:54.716604+02|16385|test|33|1666100068|0|2249318|8161651004|1889334450|1872731297|215518359|205516833|576|0|1|200450048|0|||0|0|164761079.513|64776665.137|22625325.443|10252|0|0|0|2022-04-17 21:48:44.519486+02
630|1650230335.743762|2022-04-17 23:18:55.743762+02|16385|test|33|1666184832|0|2249749|8162586900|1889504301|1872901029|215603119|205601593|576|0|1|200450048|0|||0|0|164793110.889|64793453.654|22634701.68|10254|0|0|0|2022-04-17 21:48:44.519486+02
631|1650230336.770383|2022-04-17 23:18:56.770383+02|16385|test|33|1666269783|0|2250359|8163524825|1889674541|1873071135|215688066|205686540|576|0|1|200450048|0|||0|0|164825202.989|64810292.677|22644083.332|10256|0|0|0|2022-04-17 21:48:44.519486+02
632|1650230337.796537|2022-04-17 23:18:57.796537+02|16385|test|33|1666354943|0|2250847|8164465201|1889845196|1873241659|215773222|205771696|576|0|1|200450048|0|||0|0|164857234.797|64827092.593|22653445.692|10258|0|0|0|2022-04-17 21:48:44.519486+02
633|1650230338.823353|2022-04-17 23:18:58.823353+02|16385|test|33|1666438311|0|2251355|8165385521|1890012241|1873408599|215856586|205855060|576|0|1|200450048|0|||0|0|164889265.95|64844140.745|22662660.771|10260|0|0|0|2022-04-17 21:48:44.519486+02
634|1650230339.850514|2022-04-17 23:18:59.850514+02|16385|test|33|1666522571|0|2251981|8166315581|1890181118|1873577323|215940842|205939316|576|0|1|200450048|0|||0|0|164921297.855|64861059.103|22671948.308|10262|0|0|0|2022-04-17 21:48:44.519486+02
635|1650230340.877570|2022-04-17 23:19:00.87757+02|16385|test|33|1666607226|0|2252549|8167250168|1890350749|1873746837|216025493|206023967|576|0|1|200450048|0|||0|0|164953328.334|64877933.759|22681265.909|10264|0|0|0|2022-04-17 21:48:44.519486+02
636|1650230341.904189|2022-04-17 23:19:01.904189+02|16385|test|33|1666691265|0|2252931|8168177006|1890519136|1873915119|216109528|206108002|576|0|1|200450048|0|||0|0|164985859.245|64895381.342|22690537.322|10266|0|0|0|2022-04-17 21:48:44.519486+02
637|1650230342.931301|2022-04-17 23:19:02.931301+02|16385|test|33|1666813550|0|2253887|8169527535|1890764078|1874159893|216231809|206230283|576|0|1|200450048|0|||0|0|165032415.392|64920099.601|22703948.628|10268|0|0|0|2022-04-17 21:48:44.519486+02
638|1650230343.958059|2022-04-17 23:19:03.958059+02|16385|test|33|1666896712|0|2254273|8170445272|1890930713|1874326421|216314967|206313441|576|0|1|200450048|0|||0|0|165065446.661|64938187.032|22713137.248|10270|0|0|0|2022-04-17 21:48:44.519486+02
639|1650230344.984515|2022-04-17 23:19:04.984515+02|16385|test|33|1666981506|0|2254802|8171381656|1891100638|1874496213|216399757|206398231|576|0|1|200450048|0|||0|0|165097478.837|64955041.494|22722464.891|10272|0|0|0|2022-04-17 21:48:44.519486+02
640|1650230346.011361|2022-04-17 23:19:06.011361+02|16385|test|33|1667066151|0|2255410|8172316140|1891270240|1874665707|216484398|206482872|576|0|1|200450048|0|||0|0|165129508.979|64971941.241|22731754.32|10274|0|0|0|2022-04-17 21:48:44.519486+02
641|1650230347.038208|2022-04-17 23:19:07.038208+02|16385|test|33|1667149058|0|2255899|8173231333|1891436352|1874831725|216567301|206565775|576|0|1|200450048|0|||0|0|165161538.425|64989128.174|22740888.478|10276|0|0|0|2022-04-17 21:48:44.519486+02
642|1650230348.065910|2022-04-17 23:19:08.06591+02|16385|test|33|1667233808|0|2256485|8174166755|1891606187|1875001429|216652047|206650521|576|0|1|200450048|0|||0|0|165193568.731|65005985.584|22750208.785|10278|0|0|0|2022-04-17 21:48:44.519486+02
643|1650230349.093079|2022-04-17 23:19:09.093079+02|16385|test|33|1667318237|0|2257031|8175098572|1891775373|1875170491|216736472|206734946|576|0|1|200450048|0|||0|0|165225599.881|65022858.375|22759538.944|10280|0|0|0|2022-04-17 21:48:44.519486+02
644|1650230350.119127|2022-04-17 23:19:10.119127+02|16385|test|33|1667402515|0|2257497|8176028696|1891944263|1875339251|216820746|206819220|576|0|1|200450048|0|||0|0|165257647.152|65039798.255|22768820.147|10282|0|0|0|2022-04-17 21:48:44.519486+02
645|1650230351.144757|2022-04-17 23:19:11.144757+02|16385|test|33|1667485337|0|2258107|8176943295|1892110216|1875505099|216903564|206902038|576|0|1|200450048|0|||0|0|165289678.398|65057018.047|22777926.473|10284|0|0|0|2022-04-17 21:48:44.519486+02
646|1650230352.170922|2022-04-17 23:19:12.170922+02|16385|test|33|1667569807|0|2258652|8177875571|1892279480|1875674243|216988030|206986504|576|0|1|200450048|0|||0|0|165321708.186|65073860.578|22787278.203|10286|0|0|0|2022-04-17 21:48:44.519486+02
647|1650230353.197887|2022-04-17 23:19:13.197887+02|16385|test|33|1667654334|0|2259078|8178808393|1892448875|1875843501|217072553|207071027|576|0|1|200450048|0|||0|0|165353737.622|65090711.476|22796618.265|10288|0|0|0|2022-04-17 21:48:44.519486+02
648|1650230354.224449|2022-04-17 23:19:14.224449+02|16385|test|33|1667737372|0|2259628|8179725393|1892615267|1876009781|217155587|207154061|576|0|1|200450048|0|||0|0|165385768.559|65107850.363|22805775.859|10290|0|0|0|2022-04-17 21:48:44.519486+02
649|1650230355.251150|2022-04-17 23:19:15.25115+02|16385|test|33|1667822152|0|2260136|8180661321|1892785135|1876179545|217240363|207238837|576|0|1|200450048|0|||0|0|165417799.155|65124698.881|22815106.753|10292|0|0|0|2022-04-17 21:48:44.519486+02
650|1650230356.277190|2022-04-17 23:19:16.27719+02|16385|test|33|1667906457|0|2260762|8181591889|1892954043|1876348359|217324664|207323138|576|0|1|200450048|0|||0|0|165449830.247|65141643.07|22824383.222|10294|0|0|0|2022-04-17 21:48:44.519486+02
651|1650230357.305397|2022-04-17 23:19:17.305397+02|16385|test|33|1667990956|0|2261488|8182524861|1893123438|1876517641|217409159|207407633|576|0|1|200450048|0|||0|0|165481870.785|65158525.652|22833702.976|10296|0|0|0|2022-04-17 21:48:44.519486+02
652|1650230358.334932|2022-04-17 23:19:18.334932+02|16385|test|33|1668073747|0|2261792|8183438481|1893289498|1876683586|217491946|207490420|576|0|1|200450048|0|||0|0|165513902.03|65175664.748|22842864.741|10298|0|0|0|2022-04-17 21:48:44.519486+02
653|1650230359.361194|2022-04-17 23:19:19.361194+02|16385|test|33|1668158512|0|2262280|8184374188|1893459324|1876853319|217576707|207575181|576|0|1|200450048|0|||0|0|165545930.845|65192462.531|22852232.603|10300|0|0|0|2022-04-17 21:48:44.519486+02
654|1650230360.388850|2022-04-17 23:19:20.38885+02|16385|test|33|1668242952|0|2262907|8185306421|1893628502|1877022403|217661143|207659617|576|0|1|200450048|0|||0|0|165577968.515|65209396.819|22861525.862|10302|0|0|0|2022-04-17 21:48:44.519486+02
655|1650230361.415066|2022-04-17 23:19:21.415066+02|16385|test|33|1668332839|0|2263458|8186299017|1893808598|1877202381|217751026|207749500|576|0|1|200450048|0|||0|0|165612502.529|65227902.475|22871374.508|10304|0|0|0|2022-04-17 21:48:44.519486+02
656|1650230362.441999|2022-04-17 23:19:22.441999+02|16385|test|33|1668451048|0|2264229|8187603852|1894045383|1877439003|217869231|207867705|576|0|1|200450048|0|||0|0|165657542.214|65251775.707|22884393.87|10306|0|0|0|2022-04-17 21:48:44.519486+02
657|1650230363.468327|2022-04-17 23:19:23.468327+02|16385|test|33|1668537136|0|2264796|8188554049|1894217869|1877611383|217955315|207953789|576|0|1|200450048|0|||0|0|165690072.216|65268858.578|22893903.695|10308|0|0|0|2022-04-17 21:48:44.519486+02
658|1650230364.495170|2022-04-17 23:19:24.49517+02|16385|test|33|1668621927|0|2265261|8189489693|1894387746|1877781169|218040102|208038576|576|0|1|200450048|0|||0|0|165722123.209|65285770.36|22903201.217|10310|0|0|0|2022-04-17 21:48:44.519486+02
659|1650230365.521808|2022-04-17 23:19:25.521808+02|16385|test|33|1668706798|0|2265831|8190426894|1894557788|1877951115|218124969|208123443|576|0|1|200450048|0|||0|0|165754156.319|65302573.29|22912563.606|10312|0|0|0|2022-04-17 21:48:44.519486+02
660|1650230366.547847|2022-04-17 23:19:26.547847+02|16385|test|33|1668789808|0|2266337|8191343052|1894724108|1878117339|218207975|208206449|576|0|1|200450048|0|||0|0|165786187.152|65319695.633|22921727.811|10314|0|0|0|2022-04-17 21:48:44.519486+02
661|1650230367.574152|2022-04-17 23:19:27.574152+02|16385|test|33|1668874657|0|2266908|8192280234|1894894120|1878287241|218292820|208291294|576|0|1|200450048|0|||0|0|165818217.844|65336585.124|22931029.882|10316|0|0|0|2022-04-17 21:48:44.519486+02
662|1650230368.600586|2022-04-17 23:19:28.600586+02|16385|test|33|1668959385|0|2267396|8193215523|1895063895|1878456901|218377544|208376018|576|0|1|200450048|0|||0|0|165850248.215|65353431.819|22940367.355|10318|0|0|0|2022-04-17 21:48:44.519486+02
663|1650230369.625407|2022-04-17 23:19:29.625407+02|16385|test|33|1669040349|0|2267966|8194109670|1895226104|1878619033|218458504|208456978|576|0|1|200450048|0|||0|0|165882392.298|65371074.634|22949282.445|10320|0|0|0|2022-04-17 21:48:44.519486+02
664|1650230370.652766|2022-04-17 23:19:30.652766+02|16385|test|33|1669122890|0|2268450|8195020296|1895391479|1878784319|218541041|208539515|576|0|1|200450048|0|||0|0|165914423.61|65388378.343|22958331.43|10322|0|0|0|2022-04-17 21:48:44.519486+02
665|1650230371.679366|2022-04-17 23:19:31.679366+02|16385|test|33|1669207776|0|2268996|8195957137|1895561547|1878954295|218625923|208624397|576|0|1|200450048|0|||0|0|165946452.743|65405233.849|22967664.386|10324|0|0|0|2022-04-17 21:48:44.519486+02
666|1650230372.706453|2022-04-17 23:19:32.706453+02|16385|test|33|1669292574|0|2269566|8196893533|1895731445|1879124095|218710717|208709191|576|0|1|200450048|0|||0|0|165978484.549|65422071.947|22977003.306|10326|0|0|0|2022-04-17 21:48:44.519486+02
667|1650230373.733318|2022-04-17 23:19:33.733318+02|16385|test|33|1669375610|0|2270137|8197810463|1895897809|1879290371|218793749|208792223|576|0|1|200450048|0|||0|0|166010515.037|65439197.131|22986176.804|10328|0|0|0|2022-04-17 21:48:44.519486+02
668|1650230374.759782|2022-04-17 23:19:34.759782+02|16385|test|33|1669460461|0|2270607|8198747223|1896067808|1879460277|218878596|208877070|576|0|1|200450048|0|||0|0|166042546.134|65456008.839|22995531.932|10330|0|0|0|2022-04-17 21:48:44.519486+02
669|1650230375.786780|2022-04-17 23:19:35.78678+02|16385|test|33|1669544831|0|2271154|8199678708|1896236852|1879629221|218962962|208961436|576|0|1|200450048|0|||0|0|166074577.207|65472909.942|23004841.348|10332|0|0|0|2022-04-17 21:48:44.519486+02
670|1650230376.814075|2022-04-17 23:19:36.814075+02|16385|test|33|1669629350|0|2271723|8200611791|1896406182|1879798463|219047477|209045951|576|0|1|200450048|0|||0|0|166106647.859|65489798.169|23014178.244|10334|0|0|0|2022-04-17 21:48:44.519486+02
671|1650230377.840275|2022-04-17 23:19:37.840275+02|16385|test|34|1669712091|0|2272229|8201525112|1896571989|1879964149|219130214|209128688|576|0|1|200450048|0|||0|0|166138678.882|65506870.577|23023388.76|10336|0|0|0|2022-04-17 21:48:44.519486+02
672|1650230378.867621|2022-04-17 23:19:38.867621+02|16385|test|34|1669795389|0|2272795|8202451993|1896740057|1880130949|219213508|209211982|576|0|1|200450048|0|||0|0|166170710.178|65523590.96|23032829.824|10338|0|0|0|2022-04-17 21:48:44.519486+02
673|1650230379.893871|2022-04-17 23:19:39.893871+02|16385|test|34|1669879316|0|2273242|8203401601|1896911870|1880299007|219297431|209295905|576|0|1|200450048|0|||0|0|166202741.931|65540275.29|23042275.326|10340|0|0|0|2022-04-17 21:48:44.519486+02
674|1650230380.920777|2022-04-17 23:19:40.920777+02|16385|test|34|1669963046|0|2273769|8204376069|1897087387|1880466659|219381158|209379632|576|0|1|200450048|0|||0|0|166234771.322|65556942.491|23051741.901|10341|0|0|0|2022-04-17 21:48:44.519486+02
675|1650230381.937577|2022-04-17 23:19:41.937577+02|16385|test|34|1670077178|0|2274597|8205671200|1897322219|1880695971|219495285|209493759|576|0|1|200450048|0|||0|0|166280308.386|65581502.571|23064668.932|10344|0|0|0|2022-04-17 21:48:44.519486+02
676|1650230382.962545|2022-04-17 23:19:42.962545+02|16385|test|34|1670157073|0|2274941|8206554610|1897482665|1880855965|219575176|209573650|576|0|1|200450048|0|||0|0|166312374.877|65598867.448|23073737.692|10346|0|0|0|2022-04-17 21:48:44.519486+02
677|1650230383.989209|2022-04-17 23:19:43.989209+02|16385|test|34|1670244253|0|2275666|8207518146|1897657648|1881030529|219662352|209660826|576|0|1|200450048|0|||0|0|166346905.438|65617284.947|23083686.857|10348|0|0|0|2022-04-17 21:48:44.519486+02
678|1650230385.015760|2022-04-17 23:19:45.01576+02|16385|test|34|1670325757|0|2276412|8208418806|1897821162|1881193741|219743852|209742326|576|0|1|200450048|0|||0|0|166378936.583|65634276.886|23092967.414|10350|0|0|0|2022-04-17 21:48:44.519486+02
679|1650230386.042836|2022-04-17 23:19:46.042836+02|16385|test|34|1670408148|0|2276774|8209328215|1897986428|1881358727|219826239|209824713|576|0|1|200450048|0|||0|0|166410967.19|65651107.536|23102356.669|10352|0|0|0|2022-04-17 21:48:44.519486+02
680|1650230387.069604|2022-04-17 23:19:47.069604+02|16385|test|34|1670489719|0|2277358|8210228814|1898150052|1881522073|219907806|209906280|576|0|1|200450048|0|||0|0|166443380.702|65668460.713|23111647.331|10354|0|0|0|2022-04-17 21:48:44.519486+02
681|1650230388.096194|2022-04-17 23:19:48.096194+02|16385|test|34|1670572096|0|2277682|8211138125|1898315284|1881687031|219990179|209988653|576|0|1|200450048|0|||0|0|166475416.047|65685273.301|23121049.71|10356|0|0|0|2022-04-17 21:48:44.519486+02
682|1650230389.122858|2022-04-17 23:19:49.122858+02|16385|test|34|1670654676|0|2278188|8212049864|1898480860|1881852395|220072755|210071229|576|0|1|200450048|0|||0|0|166507578.114|65702205.461|23130442.021|10358|0|0|0|2022-04-17 21:48:44.519486+02
683|1650230390.149880|2022-04-17 23:19:50.14988+02|16385|test|34|1670736554|0|2278734|8212954006|1898645050|1882016355|220154629|210153103|576|0|1|200450048|0|||0|0|166539643.836|65719211.624|23139734.665|10360|0|0|0|2022-04-17 21:48:44.519486+02
684|1650230391.177100|2022-04-17 23:19:51.1771+02|16385|test|34|1670817291|0|2279385|8213846273|1898806945|1882178033|220235362|210233836|576|0|1|200450048|0|||0|0|166571675.445|65736352.535|23148921.13|10362|0|0|0|2022-04-17 21:48:44.519486+02
685|1650230392.203285|2022-04-17 23:19:52.203285+02|16385|test|35|1670899076|0|2279949|8214749146|1898970968|1882341795|220317144|210315618|576|0|1|200450048|0|||0|0|166603704.114|65753294.131|23158239.093|10363|0|0|0|2022-04-17 21:48:44.519486+02
686|1650230393.224858|2022-04-17 23:19:53.224858+02|16385|test|35|1670981195|0|2280373|8215655464|1899135643|1882506237|220399259|210397733|576|0|1|200450048|0|||0|0|166635724.426|65770136.784|23167598.642|10365|0|0|0|2022-04-17 21:48:44.519486+02
687|1650230394.240797|2022-04-17 23:19:54.240797+02|16385|test|34|1671061643|0|2281175|8216544933|1899299636|1882668700|220479490|210477964|576|0|1|200450048|0|||0|0|166667751.289|65787326.145|23176756.989|10368|0|0|0|2022-04-17 21:48:44.519486+02
688|1650230395.267274|2022-04-17 23:19:55.267274+02|16385|test|34|1671143670|0|2281699|8217450243|1899464095|1882832958|220561513|210559987|576|0|1|200450048|0|||0|0|166699782.802|65804221.958|23186105.469|10370|0|0|0|2022-04-17 21:48:44.519486+02
689|1650230396.294551|2022-04-17 23:19:56.294551+02|16385|test|34|1671225946|0|2282305|8218358801|1899629074|1882997714|220643785|210642259|576|0|1|200450048|0|||0|0|166731814.805|65821075.968|23195472.736|10372|0|0|0|2022-04-17 21:48:44.519486+02
690|1650230397.321119|2022-04-17 23:19:57.321119+02|16385|test|34|1671306948|0|2282729|8219252688|1899791487|1883159922|220724783|210723257|576|0|1|200450048|0|||0|0|166763845.418|65838174.881|23204680.665|10374|0|0|0|2022-04-17 21:48:44.519486+02
691|1650230398.348029|2022-04-17 23:19:58.348029+02|16385|test|34|1671388813|0|2283454|8220156553|1899955666|1883323856|220806644|210805118|576|0|1|200450048|0|||0|0|166795875.545|65855094.861|23214001.666|10376|0|0|0|2022-04-17 21:48:44.519486+02
692|1650230399.375697|2022-04-17 23:19:59.375697+02|16385|test|34|1671471171|0|2283998|8221065761|1900120772|1883488776|220888998|210887472|576|0|1|200450048|0|||0|0|166827909.384|65871911.858|23223389.8|10378|0|0|0|2022-04-17 21:48:44.519486+02
693|1650230400.402809|2022-04-17 23:20:00.402809+02|16385|test|34|1671551913|0|2284320|8221956441|1900282688|1883650464|220969736|210968210|576|0|1|200450048|0|||0|0|166859964.996|65889057.236|23232600.52|10380|0|0|0|2022-04-17 21:48:44.519486+02
694|1650230401.430110|2022-04-17 23:20:01.43011+02|16385|test|34|1671628826|0|2285044|8222805671|1900436902|1883804494|221046645|211045119|576|0|1|200450048|0|||0|0|166891997.305|65906925.1|23241330.74|10382|0|0|0|2022-04-17 21:48:44.519486+02
695|1650230402.455801|2022-04-17 23:20:02.455801+02|16385|test|34|1671736961|0|2285369|8223999709|1900653931|1884021188|221154776|211153250|576|0|1|200450048|0|||0|0|166934032.792|65929036.839|23253603.147|10384|0|0|0|2022-04-17 21:48:44.519486+02
696|1650230403.482900|2022-04-17 23:20:03.4829+02|16385|test|34|1671832814|0|2286114|8225067822|1900847722|1884213230|221250625|211249099|576|0|1|200450048|0|||0|0|166971065.616|65948437.42|23264484.424|10386|0|0|0|2022-04-17 21:48:44.519486+02
697|1650230404.510538|2022-04-17 23:20:04.510538+02|16385|test|34|1671919153|0|2286900|8226049335|1901025230|1884386112|221336960|211335434|576|0|1|200450048|0|||0|0|167004099.434|65965651.486|23274221.103|10388|0|0|0|2022-04-17 21:48:44.519486+02
698|1650230405.537463|2022-04-17 23:20:05.537463+02|16385|test|34|1672003167|0|2287344|8227031802|1901202212|1884554344|221420970|211419444|576|0|1|200450048|0|||0|0|167036132.066|65982333.753|23283662.959|10390|0|0|0|2022-04-17 21:48:44.519486+02
699|1650230406.563504|2022-04-17 23:20:06.563504+02|16385|test|34|1672087305|0|2287670|8228056051|1901385649|1884722824|221505104|211503578|576|0|1|200450048|0|||0|0|167068164.036|65998992.637|23293112.246|10392|0|0|0|2022-04-17 21:48:44.519486+02
700|1650230407.588894|2022-04-17 23:20:07.588894+02|16385|test|34|1672168666|0|2288257|8229095740|1901570338|1884885750|221586461|211584935|576|0|1|200450048|0|||0|0|167100193.274|66016144.104|23302262.906|10394|0|0|0|2022-04-17 21:48:44.519486+02
701|1650230408.615537|2022-04-17 23:20:08.615537+02|16385|test|34|1672251748|0|2288865|8230219682|1901768115|1885052118|221669539|211668013|576|0|1|200450048|0|||0|0|167132224.065|66032881.852|23311672.251|10396|0|0|0|2022-04-17 21:48:44.519486+02
702|1650230409.642585|2022-04-17 23:20:09.642585+02|16385|test|33|1672334946|0|2402429|8232252331|1901948923|1885219536|221752745|211751208|597|0|1|200450048|0|||0|0|167164255.304|66049805.1|23320961.396|10398|0|0|0|2022-04-17 21:48:44.519486+02
703|1650230410.669440|2022-04-17 23:20:10.66944+02|16385|test|33|1672417253|0|2402936|8233165405|1902115130|1885384354|221835048|211833511|597|0|1|200450048|0|||0|0|167196290.129|66067088.806|23330027.687|10400|0|0|0|2022-04-17 21:48:44.519486+02
704|1650230411.695977|2022-04-17 23:20:11.695977+02|16385|test|33|1672501095|0|2403582|8234094405|1902284271|1885552242|221918886|211917349|597|0|1|200450048|0|||0|0|167228321.286|66084086.116|23339265.951|10402|0|0|0|2022-04-17 21:48:44.519486+02
705|1650230412.723066|2022-04-17 23:20:12.723066+02|16385|test|33|1672585673|0|2404088|8235030712|1902454763|1885721602|222003460|212001923|597|0|1|200450048|0|||0|0|167260354.517|66100941.457|23348605.664|10404|0|0|0|2022-04-17 21:48:44.519486+02
706|1650230413.749802|2022-04-17 23:20:13.749802+02|16385|test|33|1672668219|0|2404657|8235944536|1902621130|1885886898|222086002|212084465|597|0|1|200450048|0|||0|0|167292384.262|66118163.191|23357715.449|10406|0|0|0|2022-04-17 21:48:44.519486+02
707|1650230414.776680|2022-04-17 23:20:14.77668+02|16385|test|33|1672752804|0|2405063|8236880383|1902791547|1886056272|222170583|212169046|597|0|1|200450048|0|||0|0|167324414.887|66135053.428|23367016.778|10408|0|0|0|2022-04-17 21:48:44.519486+02
708|1650230415.802739|2022-04-17 23:20:15.802739+02|16385|test|33|1672838020|0|2405593|8237823210|1902963116|1886226908|222255795|212254258|597|0|1|200450048|0|||0|0|167356757.364|66152094.054|23376423.491|10410|0|0|0|2022-04-17 21:48:44.519486+02
709|1650230416.829458|2022-04-17 23:20:16.829458+02|16385|test|33|1672922494|0|2406219|8238757395|1903133189|1886396060|222340265|212338728|597|0|1|200450048|0|||0|0|167388788.617|66168997.739|23385715.355|10412|0|0|0|2022-04-17 21:48:44.519486+02
710|1650230417.856082|2022-04-17 23:20:17.856082+02|16385|test|33|1673005327|0|2406705|8239673242|1903299943|1886561930|222423094|212421557|597|0|1|200450048|0|||0|0|167420818.176|66186184.796|23394838.542|10414|0|0|0|2022-04-17 21:48:44.519486+02
711|1650230418.882659|2022-04-17 23:20:18.882659+02|16385|test|33|1673089713|0|2407374|8240606710|1903469859|1886730906|222507476|212505939|597|0|1|200450048|0|||0|0|167452849.379|66203098.851|23404126.076|10416|0|0|0|2022-04-17 21:48:44.519486+02
712|1650230419.909820|2022-04-17 23:20:19.90982+02|16385|test|33|1673174369|0|2407758|8241542323|1903640338|1886900422|222592128|212590591|597|0|1|200450048|0|||0|0|167484883.15|66219954.061|23413462.386|10418|0|0|0|2022-04-17 21:48:44.519486+02
713|1650230420.936890|2022-04-17 23:20:20.93689+02|16385|test|33|1673257120|0|2408384|8242457380|1903806943|1887066128|222674875|212673338|597|0|1|200450048|0|||0|0|167516914.578|66237164.083|23422578.313|10420|0|0|0|2022-04-17 21:48:44.519486+02
714|1650230421.962588|2022-04-17 23:20:21.962588+02|16385|test|33|1673341805|0|2409011|8243393903|1903977395|1887235702|222759556|212758019|597|0|1|200450048|0|||0|0|167548947.707|66254020.568|23431904.908|10422|0|0|0|2022-04-17 21:48:44.519486+02
715|1650230422.987831|2022-04-17 23:20:22.987831+02|16385|test|33|1673465826|0|2409718|8244764525|1904226923|1887483948|222883573|212882036|597|0|1|200450048|0|||0|0|167595997.002|66278923.571|23445512.66|10424|0|0|0|2022-04-17 21:48:44.519486+02
716|1650230424.014581|2022-04-17 23:20:24.014581+02|16385|test|33|1673553045|0|2410165|8245728512|1904402436|1887658590|222970788|212969251|597|0|1|200450048|0|||0|0|167629029.755|66296297.961|23455149.728|10426|0|0|0|2022-04-17 21:48:44.519486+02
717|1650230425.040965|2022-04-17 23:20:25.040965+02|16385|test|33|1673637391|0|2410689|8246660632|1904572199|1887827486|223055130|213053593|597|0|1|200450048|0|||0|0|167661061.776|66313186.984|23464462.325|10428|0|0|0|2022-04-17 21:48:44.519486+02
718|1650230426.067412|2022-04-17 23:20:26.067412+02|16385|test|33|1673720531|0|2411215|8247579606|1904739480|1887993970|223138266|213136729|597|0|1|200450048|0|||0|0|167693093.111|66330321.678|23473613.228|10430|0|0|0|2022-04-17 21:48:44.519486+02
719|1650230427.093917|2022-04-17 23:20:27.093917+02|16385|test|33|1673805147|0|2411863|8248515325|1904909748|1888163406|223222878|213221341|597|0|1|200450048|0|||0|0|167725125.5|66347181.088|23482936.367|10432|0|0|0|2022-04-17 21:48:44.519486+02
720|1650230428.120938|2022-04-17 23:20:28.120938+02|16385|test|33|1673890041|0|2412289|8249453619|1905080585|1888333398|223307768|213306231|597|0|1|200450048|0|||0|0|167757157.001|66364020.389|23492271.081|10434|0|0|0|2022-04-17 21:48:44.519486+02
721|1650230429.147516|2022-04-17 23:20:29.147516+02|16385|test|33|1673973090|0|2412938|8250372265|1905247711|1888499700|223390813|213389276|597|0|1|200450048|0|||0|0|167789188.269|66381182.008|23501403.138|10436|0|0|0|2022-04-17 21:48:44.519486+02
722|1650230430.174192|2022-04-17 23:20:30.174192+02|16385|test|33|1674057907|0|2413444|8251309734|1905418400|1888669538|223475626|213474089|597|0|1|200450048|0|||0|0|167821220.457|66397980.847|23510773.783|10438|0|0|0|2022-04-17 21:48:44.519486+02
723|1650230431.201743|2022-04-17 23:20:31.201743+02|16385|test|33|1674138040|0|2413932|8252195752|1905579640|1888830008|223555755|213554218|597|0|1|200450048|0|||0|0|167853288.905|66415668.201|23519605.752|10440|0|0|0|2022-04-17 21:48:44.519486+02
724|1650230432.228230|2022-04-17 23:20:32.22823+02|16385|test|33|1674222811|0|2414478|8253132732|1905750188|1888999754|223640522|213638985|597|0|1|200450048|0|||0|0|167885319.634|66432538.377|23528932.732|10442|0|0|0|2022-04-17 21:48:44.519486+02
725|1650230433.254777|2022-04-17 23:20:33.254777+02|16385|test|33|1674305736|0|2414944|8254049081|1905916959|1889165808|223723443|213721906|597|0|1|200450048|0|||0|0|167917349.806|66449739.453|23538047.27|10444|0|0|0|2022-04-17 21:48:44.519486+02
726|1650230434.281634|2022-04-17 23:20:34.281634+02|16385|test|33|1674390706|0|2415532|8254988521|1906087889|1889335952|223808409|213806872|597|0|1|200450048|0|||0|0|167949378.45|66466558.329|23547393.269|10446|0|0|0|2022-04-17 21:48:44.519486+02
727|1650230435.308784|2022-04-17 23:20:35.308784+02|16385|test|33|1674475416|0|2416180|8255925104|1906258305|1889505576|223893115|213891578|597|0|1|200450048|0|||0|0|167981409.913|66483438.682|23556699.866|10448|0|0|0|2022-04-17 21:48:44.519486+02
728|1650230436.335712|2022-04-17 23:20:36.335712+02|16385|test|33|1674560101|0|2416562|8256860517|1906428725|1889675150|223977796|213976259|597|0|1|200450048|0|||0|0|168013441.128|66500309.471|23566025.224|10450|0|0|0|2022-04-17 21:48:44.519486+02
729|1650230437.362811|2022-04-17 23:20:37.362811+02|16385|test|33|1674643056|0|2417229|8257777776|1906595588|1889841264|224060747|214059210|597|0|1|200450048|0|||0|0|168045473.79|66517418.211|23575212.777|10452|0|0|0|2022-04-17 21:48:44.519486+02
730|1650230438.388946|2022-04-17 23:20:38.388946+02|16385|test|33|1674727804|0|2417635|8258714223|1906766027|1890010964|224145491|214143954|597|0|1|200450048|0|||0|0|168077505.172|66534272.552|23584540.739|10454|0|0|0|2022-04-17 21:48:44.519486+02
731|1650230439.415890|2022-04-17 23:20:39.41589+02|16385|test|33|1674812228|0|2418265|8259647976|1906935873|1890180016|224229911|214228374|597|0|1|200450048|0|||0|0|168109535.348|66551017.027|23593948.097|10456|0|0|0|2022-04-17 21:48:44.519486+02
732|1650230440.442546|2022-04-17 23:20:40.442546+02|16385|test|33|1674898497|0|2418751|8260601366|1907109416|1890352758|224316176|214314639|597|0|1|200450048|0|||0|0|168141566.201|66567573.926|23603456.296|10458|0|0|0|2022-04-17 21:48:44.519486+02
733|1650230441.469511|2022-04-17 23:20:41.469511+02|16385|test|33|1674984797|0|2419497|8261555420|1907283051|1890525562|224402472|214400935|597|0|1|200450048|0|||0|0|168173598.286|66584057.143|23613033.373|10460|0|0|0|2022-04-17 21:48:44.519486+02
734|1650230442.496571|2022-04-17 23:20:42.496571+02|16385|test|33|1675111628|0|2420247|8262956933|1907538046|1890779428|224529299|214527762|597|0|1|200450048|0|||0|0|168220636.275|66608239.319|23627098.977|10462|0|0|0|2022-04-17 21:48:44.519486+02
735|1650230443.523193|2022-04-17 23:20:43.523193+02|16385|test|33|1675198246|0|2420715|8263914294|1907712222|1890952868|224615913|214614376|597|0|1|200450048|0|||0|0|168252666.98|66624681.236|23636695.663|10464|0|0|0|2022-04-17 21:48:44.519486+02
736|1650230444.550415|2022-04-17 23:20:44.550415+02|16385|test|33|1675287012|0|2421242|8264895463|1907890745|1891130604|224704675|214703138|597|0|1|200450048|0|||0|0|168285698.528|66641662.438|23646588.082|10466|0|0|0|2022-04-17 21:48:44.519486+02
737|1650230445.577045|2022-04-17 23:20:45.577045+02|16385|test|33|1675372044|0|2421808|8265835184|1908061725|1891300872|224789703|214788166|597|0|1|200450048|0|||0|0|168317729.712|66658134.273|23656186.001|10468|0|0|0|2022-04-17 21:48:44.519486+02
738|1650230446.603637|2022-04-17 23:20:46.603637+02|16385|test|33|1675458364|0|2422314|8266789083|1908235327|1891473716|224876019|214874482|597|0|1|200450048|0|||0|0|168349762.768|66674567.308|23665800.493|10470|0|0|0|2022-04-17 21:48:44.519486+02
739|1650230447.629711|2022-04-17 23:20:47.629711+02|16385|test|33|1675544350|0|2423020|8267739361|1908408163|1891645892|224962001|214960464|597|0|1|200450048|0|||0|0|168381793.018|66691134.597|23675314.332|10472|0|0|0|2022-04-17 21:48:44.519486+02
740|1650230448.656600|2022-04-17 23:20:48.6566+02|16385|test|33|1675630965|0|2423450|8268696807|1908582318|1891819326|225048612|215047075|597|0|1|200450048|0|||0|0|168413838.82|66707549.604|23684938.815|10474|0|0|0|2022-04-17 21:48:44.519486+02
741|1650230449.682934|2022-04-17 23:20:49.682934+02|16385|test|33|1675717295|0|2424063|8269651628|1908755898|1891992190|225134938|215133401|597|0|1|200450048|0|||0|0|168445868.896|66724044.752|23694496.395|10476|0|0|0|2022-04-17 21:48:44.519486+02
742|1650230450.709387|2022-04-17 23:20:50.709387+02|16385|test|33|1675803770|0|2424571|8270607324|1908929735|1892165344|225221409|215219872|597|0|1|200450048|0|||0|0|168477899.376|66740521.898|23704061.77|10478|0|0|0|2022-04-17 21:48:44.519486+02
743|1650230451.735818|2022-04-17 23:20:51.735818+02|16385|test|33|1675890219|0|2425018|8271562744|1909103540|1892338446|225307854|215306317|597|0|1|200450048|0|||0|0|168509931.135|66756988.489|23713645.659|10480|0|0|0|2022-04-17 21:48:44.519486+02
744|1650230452.762077|2022-04-17 23:20:52.762077+02|16385|test|34|1675976094|0|2425728|8272512685|1909276273|1892510400|225393725|215392188|597|0|1|200450048|0|||0|0|168541962.818|66773402.46|23723267.622|10482|0|0|0|2022-04-17 21:48:44.519486+02
745|1650230453.788162|2022-04-17 23:20:53.788162+02|16385|test|34|1676061066|0|2426314|8273462078|1909448724|1892680548|225478693|215477156|597|0|1|200450048|0|||0|0|168573995.424|66789739.025|23732961.805|10484|0|0|0|2022-04-17 21:48:44.519486+02
746|1650230454.813975|2022-04-17 23:20:54.813975+02|16385|test|34|1676146348|0|2426782|8274433389|1909624676|1892851316|225563971|215562434|597|0|1|200450048|0|||0|0|168606024.992|66806069.914|23742626.419|10486|0|0|0|2022-04-17 21:48:44.519486+02
747|1650230455.840591|2022-04-17 23:20:55.840591+02|16385|test|34|1676232201|0|2427214|8275443662|1909806733|1893023226|225649820|215648283|597|0|1|200450048|0|||0|0|168638055.118|66822344.808|23752314.204|10488|0|0|0|2022-04-17 21:48:44.519486+02
748|1650230456.867274|2022-04-17 23:20:56.867274+02|16385|test|33|1676317886|0|2427744|8276619451|1909991142|1893198727|225735506|215733964|606|0|1|200450048|0|||0|0|168670095.5|66838670.837|23762001.227|10490|0|0|0|2022-04-17 21:48:44.519486+02
749|1650230457.893177|2022-04-17 23:20:57.893177+02|16385|test|33|1676403800|0|2428351|8277571302|1910164284|1893370759|225821416|215819874|606|0|1|200450048|0|||0|0|168702125.705|66855256.878|23771510.889|10492|0|0|0|2022-04-17 21:48:44.519486+02
750|1650230458.919869|2022-04-17 23:20:58.919869+02|16385|test|33|1676490039|0|2428937|8278526009|1910338054|1893543441|225907651|215906109|606|0|1|200450048|0|||0|0|168734156.251|66871766.153|23781059.59|10494|0|0|0|2022-04-17 21:48:44.519486+02
751|1650230459.946195|2022-04-17 23:20:59.946195+02|16385|test|33|1676576430|0|2429444|8279481965|1910512060|1893716427|225994038|215992496|606|0|1|200450048|0|||0|0|168766188.08|66888271.176|23790608.379|10496|0|0|0|2022-04-17 21:48:44.519486+02
752|1650230460.972099|2022-04-17 23:21:00.972099+02|16385|test|33|1676662760|0|2429970|8280436739|1910685853|1893889291|226080364|216078822|606|0|1|200450048|0|||0|0|168798217.848|66904779.127|23800154.189|10498|0|0|0|2022-04-17 21:48:44.519486+02
753|1650230461.998769|2022-04-17 23:21:01.998769+02|16385|test|33|1676785738|0|2431028|8281796180|1910933252|1894135451|226203338|216201796|606|0|1|200450048|0|||0|0|168845256.95|66929641.356|23813793.994|10500|0|0|0|2022-04-17 21:48:44.519486+02
754|1650230463.025737|2022-04-17 23:21:03.025737+02|16385|test|33|1676872079|0|2431372|8282750115|1911106937|1894308337|226289675|216288133|606|0|1|200450048|0|||0|0|168877287.787|66946211.121|23823303.213|10502|0|0|0|2022-04-17 21:48:44.519486+02
755|1650230464.053004|2022-04-17 23:21:04.053004+02|16385|test|33|1676960894|0|2431920|8283732066|1911285599|1894486171|226378486|216376944|606|0|1|200450048|0|||0|0|168910320.161|66963237.016|23833165.781|10504|0|0|0|2022-04-17 21:48:44.519486+02
756|1650230465.079277|2022-04-17 23:21:05.079277+02|16385|test|33|1677047070|0|2432390|8284685099|1911459027|1894658727|226464658|216463116|606|0|1|200450048|0|||0|0|168942350.782|66979791.194|23842689.042|10506|0|0|0|2022-04-17 21:48:44.519486+02
757|1650230466.106040|2022-04-17 23:21:06.10604+02|16385|test|33|1677133431|0|2432979|8285639776|1911632721|1894831653|226551015|216549473|606|0|1|200450048|0|||0|0|168974381.469|66996254.662|23852276.895|10508|0|0|0|2022-04-17 21:48:44.519486+02
758|1650230467.132732|2022-04-17 23:21:07.132732+02|16385|test|33|1677219763|0|2433648|8286594530|1911806367|1895004521|226637343|216635801|606|0|1|200450048|0|||0|0|169006412.108|67012761.667|23861832.4|10510|0|0|0|2022-04-17 21:48:44.519486+02
759|1650230468.159098|2022-04-17 23:21:08.159098+02|16385|test|33|1677306252|0|2434134|8287550194|1911980313|1895177703|226723828|216722286|606|0|1|200450048|0|||0|0|169038443.687|67029211.131|23871424.256|10512|0|0|0|2022-04-17 21:48:44.519486+02
760|1650230469.185777|2022-04-17 23:21:09.185777+02|16385|test|33|1677392499|0|2434620|8288503272|1912153758|1895350401|226810071|216808529|606|0|1|200450048|0|||0|0|169070517.281|67045782.744|23880970.374|10514|0|0|0|2022-04-17 21:48:44.519486+02
761|1650230470.212956|2022-04-17 23:21:10.212956+02|16385|test|33|1677478697|0|2435370|8289456553|1912327116|1895523001|226896265|216894723|606|0|1|200450048|0|||0|0|169102549.788|67062303.104|23890520.648|10516|0|0|0|2022-04-17 21:48:44.519486+02
762|1650230471.239212|2022-04-17 23:21:11.239212+02|16385|test|33|1677565067|0|2435714|8290410514|1912500808|1895695945|226982631|216981089|606|0|1|200450048|0|||0|0|169134582.459|67078782.947|23900097.109|10518|0|0|0|2022-04-17 21:48:44.519486+02
763|1650230472.265874|2022-04-17 23:21:12.265874+02|16385|test|33|1677651238|0|2436324|8291363410|1912674105|1895868491|227068798|217067256|606|0|1|200450048|0|||0|0|169166613.272|67095281.564|23909654.708|10520|0|0|0|2022-04-17 21:48:44.519486+02
764|1650230473.292221|2022-04-17 23:21:13.292221+02|16385|test|33|1677737699|0|2436832|8292319083|1912847970|1896041617|227155255|217153713|606|0|1|200450048|0|||0|0|169198643.978|67111755.053|23919224.773|10522|0|0|0|2022-04-17 21:48:44.519486+02
765|1650230474.319089|2022-04-17 23:21:14.319089+02|16385|test|33|1677824087|0|2437361|8293274203|1913021694|1896214597|227241639|217240097|606|0|1|200450048|0|||0|0|169230674.95|67128204.493|23928815.334|10524|0|0|0|2022-04-17 21:48:44.519486+02
766|1650230475.345580|2022-04-17 23:21:15.34558+02|16385|test|33|1677910304|0|2437889|8294227223|1913195033|1896387235|227327852|217326310|606|0|1|200450048|0|||0|0|169262706.414|67144652.608|23938402.017|10526|0|0|0|2022-04-17 21:48:44.519486+02
767|1650230476.372623|2022-04-17 23:21:16.372623+02|16385|test|33|1677996469|0|2438559|8295180113|1913368327|1896559769|227414013|217412471|606|0|1|200450048|0|||0|0|169294738.294|67161111.378|23947982.594|10528|0|0|0|2022-04-17 21:48:44.519486+02
768|1650230477.399664|2022-04-17 23:21:17.399664+02|16385|test|33|1678082917|0|2438988|8296135496|1913542130|1896732869|227500457|217498915|606|0|1|200450048|0|||0|0|169326769.94|67177569.184|23957571.151|10530|0|0|0|2022-04-17 21:48:44.519486+02
769|1650230478.426840|2022-04-17 23:21:18.42684+02|16385|test|33|1678169389|0|2439555|8297091219|1913715957|1896906017|227586925|217585383|606|0|1|200450048|0|||0|0|169358803.316|67194006.073|23967172.373|10532|0|0|0|2022-04-17 21:48:44.519486+02
770|1650230479.453834|2022-04-17 23:21:19.453834+02|16385|test|33|1678255645|0|2440166|8298044973|1913889408|1897078733|227673177|217671635|606|0|1|200450048|0|||0|0|169390834.604|67210474.087|23976754.809|10534|0|0|0|2022-04-17 21:48:44.519486+02
771|1650230480.480551|2022-04-17 23:21:20.480551+02|16385|test|33|1678341800|0|2440692|8298997014|1914062651|1897251247|227759328|217757786|606|0|1|200450048|0|||0|0|169422864.336|67227004.655|23986287.072|10536|0|0|0|2022-04-17 21:48:44.519486+02
772|1650230481.506880|2022-04-17 23:21:21.50688+02|16385|test|33|1678468742|0|2441590|8300400782|1914317783|1897505335|227886266|217884724|606|0|1|200450048|0|||0|0|169469907.179|67251211.495|24000339.331|10538|0|0|0|2022-04-17 21:48:44.519486+02
773|1650230482.533784|2022-04-17 23:21:22.533784+02|16385|test|33|1678554983|0|2442074|8301353366|1914491147|1897678021|227972503|217970961|606|0|1|200450048|0|||0|0|169501938.564|67267695.539|24009910.718|10540|0|0|0|2022-04-17 21:48:44.519486+02
774|1650230483.560612|2022-04-17 23:21:23.560612+02|16385|test|33|1678643963|0|2442580|8302336498|1914670017|1897856185|228061479|218059937|606|0|1|200450048|0|||0|0|169534970.271|67284655.03|24019799.374|10542|0|0|0|2022-04-17 21:48:44.519486+02
775|1650230484.586232|2022-04-17 23:21:24.586232+02|16385|test|33|1678730287|0|2443148|8303290644|1914843558|1898029037|228147799|218146257|606|0|1|200450048|0|||0|0|169567000.733|67301056.702|24029431.086|10544|0|0|0|2022-04-17 21:48:44.519486+02
776|1650230485.612309|2022-04-17 23:21:25.612309+02|16385|test|33|1678816717|0|2443714|8304245707|1915017337|1898202101|228234225|218232683|606|0|1|200450048|0|||0|0|169599030.332|67317523.741|24039006.543|10546|0|0|0|2022-04-17 21:48:44.519486+02
777|1650230486.638377|2022-04-17 23:21:26.638377+02|16385|test|33|1678902942|0|2444282|8305198767|1915190665|1898374755|228320446|218318904|606|0|1|200450048|0|||0|0|169631059.358|67333947.186|24048625.124|10548|0|0|0|2022-04-17 21:48:44.519486+02
778|1650230487.664610|2022-04-17 23:21:27.66461+02|16385|test|33|1678988689|0|2444828|8306146167|1915363000|1898546453|228406189|218404647|606|0|1|200450048|0|||0|0|169663087.866|67350605.844|24058083.852|10550|0|0|0|2022-04-17 21:48:44.519486+02
779|1650230488.691082|2022-04-17 23:21:28.691082+02|16385|test|33|1679073933|0|2445319|8307088544|1915534356|1898717145|228491429|218489887|606|0|1|200450048|0|||0|0|169695118.77|67367392.146|24067467.609|10552|0|0|0|2022-04-17 21:48:44.519486+02
780|1650230489.717972|2022-04-17 23:21:29.717972+02|16385|test|33|1679160260|0|2446047|8308042931|1915707918|1898890003|228577752|218576210|606|0|1|200450048|0|||0|0|169727149.007|67383849.92|24077048.193|10554|0|0|0|2022-04-17 21:48:44.519486+02
781|1650230490.744873|2022-04-17 23:21:30.744873+02|16385|test|33|1679246651|0|2446471|8308997057|1915881560|1899062989|228664139|218662597|606|0|1|200450048|0|||0|0|169759179.448|67400308.513|24086634.427|10556|0|0|0|2022-04-17 21:48:44.519486+02
782|1650230491.770881|2022-04-17 23:21:31.770881+02|16385|test|33|1679333050|0|2447179|8309952151|1916055265|1899235991|228750534|218748992|606|0|1|200450048|0|||0|0|169791209.43|67416762.288|24096217.845|10558|0|0|0|2022-04-17 21:48:44.519486+02
783|1650230492.797716|2022-04-17 23:21:32.797716+02|16385|test|33|1679413871|0|2447523|8310844749|1916217709|1899397837|228831351|218829809|606|0|1|200450048|0|||0|0|169823240.006|67434352.131|24105085.733|10560|0|0|0|2022-04-17 21:48:44.519486+02
784|1650230493.824589|2022-04-17 23:21:33.824589+02|16385|test|33|1679500249|0|2448087|8311798827|1916391311|1899570797|228917725|218916183|606|0|1|200450048|0|||0|0|169855271.98|67450968.49|24114559.294|10562|0|0|0|2022-04-17 21:48:44.519486+02
785|1650230494.851462|2022-04-17 23:21:34.851462+02|16385|test|33|1679586641|0|2448775|8312753769|1916564968|1899743785|229004113|219002571|606|0|1|200450048|0|||0|0|169887304.218|67467470.453|24124108.42|10564|0|0|0|2022-04-17 21:48:44.519486+02
786|1650230495.877500|2022-04-17 23:21:35.8775+02|16385|test|33|1679673151|0|2449139|8313709154|1916738865|1899917009|229090619|219089077|606|0|1|200450048|0|||0|0|169919335.786|67483928.401|24133683.326|10566|0|0|0|2022-04-17 21:48:44.519486+02
787|1650230496.904133|2022-04-17 23:21:36.904133+02|16385|test|33|1679759424|0|2449886|8314662737|1916912213|1900089759|229176888|219175346|606|0|1|200450048|0|||0|0|169951367.369|67500400.956|24143266.389|10568|0|0|0|2022-04-17 21:48:44.519486+02
788|1650230497.930389|2022-04-17 23:21:37.930389+02|16385|test|33|1679845617|0|2450295|8315615016|1917085383|1900262349|229263077|219261535|606|0|1|200450048|0|||0|0|169983396.816|67516880.366|24152834.985|10570|0|0|0|2022-04-17 21:48:44.519486+02
789|1650230498.957284|2022-04-17 23:21:38.957284+02|16385|test|33|1679932207|0|2450903|8316571826|1917259336|1900435733|229349663|219348121|606|0|1|200450048|0|||0|0|170015428.642|67533351.596|24162416.405|10572|0|0|0|2022-04-17 21:48:44.519486+02
790|1650230499.984196|2022-04-17 23:21:39.984196+02|16385|test|33|1680018478|0|2451533|8317525503|1917432675|1900608479|229435930|219434388|606|0|1|200450048|0|||0|0|170047460.571|67549853.768|24171971.164|10574|0|0|0|2022-04-17 21:48:44.519486+02
791|1650230501.010331|2022-04-17 23:21:41.010331+02|16385|test|33|1680137512|0|2452064|8318840335|1917671742|1900846751|229554960|219553418|606|0|1|200450048|0|||0|0|170091993.926|67573095.575|24185074.057|10576|0|0|0|2022-04-17 21:48:44.519486+02
792|1650230502.036788|2022-04-17 23:21:42.036788+02|16385|test|33|1680230267|0|2452707|8319864596|1917858080|1901032465|229647711|219646169|606|0|1|200450048|0|||0|0|170126524.965|67590958.303|24195337.883|10578|0|0|0|2022-04-17 21:48:44.519486+02
793|1650230503.063463|2022-04-17 23:21:43.063463+02|16385|test|33|1680319013|0|2453255|8320845215|1918036379|1901210161|229736453|219734911|606|0|1|200450048|0|||0|0|170159557.883|67607971.192|24205204.592|10580|0|0|0|2022-04-17 21:48:44.519486+02
794|1650230504.090246|2022-04-17 23:21:44.090246+02|16385|test|33|1680405554|0|2453824|8321801658|1918210212|1901383447|229822990|219821448|606|0|1|200450048|0|||0|0|170191588.804|67624409.743|24214799.274|10582|0|0|0|2022-04-17 21:48:44.519486+02
795|1650230505.117192|2022-04-17 23:21:45.117192+02|16385|test|33|1680492034|0|2454475|8322757712|1918383943|1901556611|229909466|219907924|606|0|1|200450048|0|||0|0|170223623.041|67640815.792|24224413.936|10584|0|0|0|2022-04-17 21:48:44.519486+02
796|1650230506.143467|2022-04-17 23:21:46.143467+02|16385|test|33|1680578241|0|2454884|8323710411|1918557123|1901729229|229995669|219994127|606|0|1|200450048|0|||0|0|170255655.277|67657251.92|24234012.119|10586|0|0|0|2022-04-17 21:48:44.519486+02
797|1650230507.170726|2022-04-17 23:21:47.170726+02|16385|test|33|1680664583|0|2455494|8324664626|1918730551|1901902117|230082007|220080465|606|0|1|200450048|0|||0|0|170287686.651|67673742.754|24243571.448|10588|0|0|0|2022-04-17 21:48:44.519486+02
798|1650230508.196613|2022-04-17 23:21:48.196613+02|16385|test|33|1680750197|0|2456124|8325610923|1918902512|1902073549|230167617|220166075|606|0|1|200450048|0|||0|0|170319716.47|67690473.809|24252987.875|10590|0|0|0|2022-04-17 21:48:44.519486+02
799|1650230509.223022|2022-04-17 23:21:49.223022+02|16385|test|33|1680836660|0|2456568|8326565627|1919076187|1902246679|230254076|220252534|606|0|1|200450048|0|||0|0|170351746.455|67706935.47|24262561.707|10592|0|0|0|2022-04-17 21:48:44.519486+02
800|1650230510.250305|2022-04-17 23:21:50.250305+02|16385|test|33|1680922796|0|2457274|8327517302|1919249209|1902419155|230340208|220338666|606|0|1|200450048|0|||0|0|170383775.951|67723454.538|24272087.983|10594|0|0|0|2022-04-17 21:48:44.519486+02
801|1650230511.277193|2022-04-17 23:21:51.277193+02|16385|test|33|1681007991|0|2457801|8328458680|1919420337|1902589749|230425399|220423857|606|0|1|200450048|0|||0|0|170415807.709|67740228.075|24281488.132|10596|0|0|0|2022-04-17 21:48:44.519486+02
802|1650230512.303812|2022-04-17 23:21:52.303812+02|16385|test|34|1681094446|0|2458250|8329413728|1919593967|1902762851|230511851|220510309|606|0|1|200450048|0|||0|0|170447835.907|67756655.211|24291091.245|10597|0|0|0|2022-04-17 21:48:44.519486+02
803|1650230513.321026|2022-04-17 23:21:53.321026+02|16385|test|34|1681179565|0|2458778|8330357343|1919765455|1902933305|230596965|220595423|606|0|1|200450048|0|||0|0|170479861.717|67773012.571|24300755.413|10600|0|0|0|2022-04-17 21:48:44.519486+02
804|1650230514.348329|2022-04-17 23:21:54.348329+02|16385|test|34|1681265023|0|2459268|8331318986|1919939787|1903104425|230682419|220680877|606|0|1|200450048|0|||0|0|170511893.846|67789329.983|24310441.547|10602|0|0|0|2022-04-17 21:48:44.519486+02
805|1650230515.375231|2022-04-17 23:21:55.375231+02|16385|test|34|1681350475|0|2459857|8332304091|1920117715|1903275533|230767867|220766325|606|0|1|200450048|0|||0|0|170543926.169|67805677.332|24320109.978|10604|0|0|0|2022-04-17 21:48:44.519486+02
806|1650230516.402092|2022-04-17 23:21:56.402092+02|16385|test|33|1681435886|0|2460426|8333502607|1920302627|1903447414|230853279|220851732|615|0|1|200450048|0|||0|0|170575958.281|67821891.89|24329843.015|10606|0|0|0|2022-04-17 21:48:44.519486+02
807|1650230517.429210|2022-04-17 23:21:57.42921+02|16385|test|33|1681521996|0|2460934|8334456509|1920476075|1903619838|230939385|220937838|615|0|1|200450048|0|||0|0|170607990.826|67838355.1|24339427.079|10608|0|0|0|2022-04-17 21:48:44.519486+02
808|1650230518.455772|2022-04-17 23:21:58.455772+02|16385|test|33|1681608211|0|2461482|8335410974|1920649676|1903792472|231025596|221024049|615|0|1|200450048|0|||0|0|170640020.971|67854840.894|24348981.244|10610|0|0|0|2022-04-17 21:48:44.519486+02
809|1650230519.482587|2022-04-17 23:21:59.482587+02|16385|test|33|1681694390|0|2462051|8336364737|1920823074|1903965034|231111771|221110224|615|0|1|200450048|0|||0|0|170672051.082|67871342.368|24358538.467|10612|0|0|0|2022-04-17 21:48:44.519486+02
810|1650230520.509280|2022-04-17 23:22:00.50928+02|16385|test|33|1681780553|0|2462539|8337317874|1920996427|1904137564|231197930|221196383|615|0|1|200450048|0|||0|0|170704085.139|67887834.461|24368110.721|10614|0|0|0|2022-04-17 21:48:44.519486+02
811|1650230521.535728|2022-04-17 23:22:01.535728+02|16385|test|33|1681907310|0|2463453|8338719392|1921251220|1904391282|231324683|221323136|615|0|1|200450048|0|||0|0|170751124.867|67912044.285|24382153.911|10616|0|0|0|2022-04-17 21:48:44.519486+02
812|1650230522.562597|2022-04-17 23:22:02.562597+02|16385|test|33|1681993466|0|2464059|8339671590|1921424419|1904563798|231410835|221409288|615|0|1|200450048|0|||0|0|170783155.625|67928593.99|24391672.086|10618|0|0|0|2022-04-17 21:48:44.519486+02
813|1650230523.589537|2022-04-17 23:22:03.589537+02|16385|test|33|1682079596|0|2464447|8340623411|1921597532|1904736262|231496961|221495414|615|0|1|200450048|0|||0|0|170817143.733|67947093.769|24401216.16|10620|0|0|0|2022-04-17 21:48:44.519486+02
814|1650230524.616024|2022-04-17 23:22:04.616024+02|16385|test|33|1682165986|0|2465176|8341578396|1921771177|1904909246|231583347|221581800|615|0|1|200450048|0|||0|0|170849174.008|67963656.86|24410728.139|10622|0|0|0|2022-04-17 21:48:44.519486+02
815|1650230525.642416|2022-04-17 23:22:05.642416+02|16385|test|33|1682252408|0|2465605|8342533126|1921944866|1905082294|231669765|221668218|615|0|1|200450048|0|||0|0|170881207.382|67980127.258|24420306.468|10624|0|0|0|2022-04-17 21:48:44.519486+02
816|1650230526.669054|2022-04-17 23:22:06.669054+02|16385|test|33|1682338658|0|2466253|8343486741|1922118237|1905254998|231756011|221754464|615|0|1|200450048|0|||0|0|170913240.936|67996627.683|24429867.431|10626|0|0|0|2022-04-17 21:48:44.519486+02
817|1650230527.695789|2022-04-17 23:22:07.695789+02|16385|test|33|1682425010|0|2466859|8344440873|1922291780|1905427906|231842359|221840812|615|0|1|200450048|0|||0|0|170945272.872|68013112.879|24439439.035|10628|0|0|0|2022-04-17 21:48:44.519486+02
818|1650230528.722357|2022-04-17 23:22:08.722357+02|16385|test|33|1682510269|0|2467285|8345382737|1922463093|1905598628|231927614|221926067|615|0|1|200450048|0|||0|0|170977308.084|68029740.735|24448918.082|10630|0|0|0|2022-04-17 21:48:44.519486+02
819|1650230529.748296|2022-04-17 23:22:09.748296+02|16385|test|33|1682563876|0|2467727|8345975044|1922570908|1905706046|231981217|221979670|615|0|1|200450048|0|||0|0|171009345.157|68052623.532|24454478.811|10632|0|0|0|2022-04-17 21:48:44.519486+02
820|1650230530.773986|2022-04-17 23:22:10.773986+02|16385|test|33|1682626522|0|2467949|8346666756|1922696854|1905831542|232043859|222042312|615|0|1|200450048|0|||0|0|171041383.047|68073990.76|24461032.744|10634|0|0|0|2022-04-17 21:48:44.519486+02
821|1650230531.800432|2022-04-17 23:22:11.800432+02|16385|test|33|1682696249|0|2468455|8347437296|1922837010|1905971200|232113582|222112035|615|0|1|200450048|0|||0|0|171073418.018|68093975.993|24468489.407|10636|0|0|0|2022-04-17 21:48:44.519486+02
822|1650230532.827225|2022-04-17 23:22:12.827225+02|16385|test|33|1682773892|0|2468903|8348295455|1922993068|1906126690|232191221|222189674|615|0|1|200450048|0|||0|0|171105445.868|68112349.446|24476956.835|10638|0|0|0|2022-04-17 21:48:44.519486+02
823|1650230533.854056|2022-04-17 23:22:13.854056+02|16385|test|33|1682855253|0|2469469|8349194531|1923156595|1906289616|232272578|222271031|615|0|1|200450048|0|||0|0|171137477.259|68129965.116|24485857.418|10640|0|0|0|2022-04-17 21:48:44.519486+02
824|1650230534.880633|2022-04-17 23:22:14.880633+02|16385|test|33|1682939111|0|2470036|8350121269|1923325115|1906457536|232356432|222354885|615|0|1|200450048|0|||0|0|171169508.261|68147104.725|24495029.101|10642|0|0|0|2022-04-17 21:48:44.519486+02
825|1650230535.907218|2022-04-17 23:22:15.907218+02|16385|test|33|1683023946|0|2470584|8351058892|1923495614|1906627410|232441263|222439716|615|0|1|200450048|0|||0|0|171201537.967|68164032.619|24504313.35|10644|0|0|0|2022-04-17 21:48:44.519486+02
826|1650230536.934425|2022-04-17 23:22:16.934425+02|16385|test|33|1683109269|0|2471030|8352001316|1923666997|1906798260|232526582|222525035|615|0|1|200450048|0|||0|0|171233569.697|68180824.542|24513687.686|10646|0|0|0|2022-04-17 21:48:44.519486+02
827|1650230537.961716|2022-04-17 23:22:17.961716+02|16385|test|33|1683195030|0|2471560|8352949351|1923839344|1906969986|232612339|222610792|615|0|1|200450048|0|||0|0|171265604.384|68197461.032|24523175.403|10648|0|0|0|2022-04-17 21:48:44.519486+02
828|1650230538.988083|2022-04-17 23:22:18.988083+02|16385|test|33|1683280581|0|2472248|8353894843|1924011222|1907141292|232697886|222696339|615|0|1|200450048|0|||0|0|171297637.019|68214115.496|24532641.091|10650|0|0|0|2022-04-17 21:48:44.519486+02
829|1650230540.014816|2022-04-17 23:22:20.014816+02|16385|test|33|1683366726|0|2472670|8354845906|1924184326|1907313786|232784027|222782480|615|0|1|200450048|0|||0|0|171329667.317|68230678.091|24542169.107|10652|0|0|0|2022-04-17 21:48:44.519486+02
830|1650230541.042055|2022-04-17 23:22:21.042055+02|16385|test|33|1683452796|0|2473364|8355797961|1924357236|1907486130|232870093|222868546|615|0|1|200450048|0|||0|0|171361697.31|68247204.822|24551710.05|10654|0|0|0|2022-04-17 21:48:44.519486+02
831|1650230542.068867|2022-04-17 23:22:22.068867+02|16385|test|33|1683579752|0|2474075|8357200417|1924612156|1907740246|232997045|222995498|615|0|1|200450048|0|||0|0|171408734.521|68271417.088|24565749.607|10656|0|0|0|2022-04-17 21:48:44.519486+02
832|1650230543.095997|2022-04-17 23:22:23.095997+02|16385|test|33|1683668672|0|2474621|8358182737|1924790804|1907918290|233085961|223084414|615|0|1|200450048|0|||0|0|171441766.314|68288441.645|24575609.643|10658|0|0|0|2022-04-17 21:48:44.519486+02
833|1650230544.123209|2022-04-17 23:22:24.123209+02|16385|test|33|1683754977|0|2475131|8359136597|1924964196|1908091104|233172262|223170715|615|0|1|200450048|0|||0|0|171473796.563|68304910.97|24585191.939|10660|0|0|0|2022-04-17 21:48:44.519486+02
834|1650230545.150536|2022-04-17 23:22:25.150536+02|16385|test|33|1683841150|0|2475744|8360089356|1925137348|1908263654|233258431|223256884|615|0|1|200450048|0|||0|0|171505827.243|68321367.834|24594781.202|10662|0|0|0|2022-04-17 21:48:44.519486+02
835|1650230546.177678|2022-04-17 23:22:26.177678+02|16385|test|33|1683927450|0|2476354|8361043333|1925310734|1908436458|233344727|223343180|615|0|1|200450048|0|||0|0|171537860.246|68337850.53|24604355.572|10664|0|0|0|2022-04-17 21:48:44.519486+02
836|1650230547.204867|2022-04-17 23:22:27.204867+02|16385|test|33|1684013799|0|2476778|8361996803|1925484168|1908609360|233431072|223429525|615|0|1|200450048|0|||0|0|171569890.658|68354290.758|24613949.736|10666|0|0|0|2022-04-17 21:48:44.519486+02
837|1650230548.231494|2022-04-17 23:22:28.231494+02|16385|test|33|1684100101|0|2477346|8362950304|1925657500|1908782168|233517370|223515823|615|0|1|200450048|0|||0|0|171601921.911|68370751.901|24623530.676|10668|0|0|0|2022-04-17 21:48:44.519486+02
838|1650230549.258753|2022-04-17 23:22:29.258753+02|16385|test|33|1684186338|0|2477953|8363903234|1925830745|1908954846|233603603|223602056|615|0|1|200450048|0|||0|0|171633954.143|68387253.372|24633090.597|10670|0|0|0|2022-04-17 21:48:44.519486+02
839|1650230550.285087|2022-04-17 23:22:30.285087+02|16385|test|33|1684272716|0|2478523|8364857931|1926004256|1909127806|233689977|223688430|615|0|1|200450048|0|||0|0|171665985.294|68403737.973|24642647.209|10672|0|0|0|2022-04-17 21:48:44.519486+02
840|1650230551.311996|2022-04-17 23:22:31.311996+02|16385|test|33|1684358884|0|2478970|8365809754|1926177319|1909300346|233776141|223774594|615|0|1|200450048|0|||0|0|171698016.327|68420208.307|24652225.185|10674|0|0|0|2022-04-17 21:48:44.519486+02
841|1650230552.338517|2022-04-17 23:22:32.338517+02|16385|test|33|1684445154|0|2479582|8366763389|1926350603|1909473090|233862407|223860860|615|0|1|200450048|0|||0|0|171730047.872|68436708.085|24661793.552|10676|0|0|0|2022-04-17 21:48:44.519486+02
842|1650230553.365617|2022-04-17 23:22:33.365617+02|16385|test|33|1684531068|0|2480070|8367712609|1926523158|1909645122|233948317|223946770|615|0|1|200450048|0|||0|0|171762079.201|68453245.769|24671341.014|10678|0|0|0|2022-04-17 21:48:44.519486+02
843|1650230554.392658|2022-04-17 23:22:34.392658+02|16385|test|33|1684612092|0|2480660|8368608092|1926685836|1909807374|234029337|224027790|615|0|1|200450048|0|||0|0|171794110.378|68470714.381|24680290.068|10680|0|0|0|2022-04-17 21:48:44.519486+02
844|1650230555.419780|2022-04-17 23:22:35.41978+02|16385|test|33|1684698741|0|2481168|8369565325|1926859828|1909980876|234115982|224114435|615|0|1|200450048|0|||0|0|171826141.798|68487210.924|24689841.614|10682|0|0|0|2022-04-17 21:48:44.519486+02
845|1650230556.446178|2022-04-17 23:22:36.446178+02|16385|test|33|1684785137|0|2481740|8370520344|1927033335|1910153872|234202374|224200827|615|0|1|200450048|0|||0|0|171858173.179|68503712.494|24699409.28|10684|0|0|0|2022-04-17 21:48:44.519486+02
846|1650230557.473320|2022-04-17 23:22:37.47332+02|16385|test|33|1684871151|0|2482349|8371471033|1927206097|1910326104|234288384|224286837|615|0|1|200450048|0|||0|0|171890205.188|68520238.272|24708955.321|10686|0|0|0|2022-04-17 21:48:44.519486+02
847|1650230558.499671|2022-04-17 23:22:38.499671+02|16385|test|33|1684957550|0|2482837|8372425544|1927379629|1910499106|234374779|224373232|615|0|1|200450048|0|||0|0|171922236.237|68536722.228|24718526.907|10688|0|0|0|2022-04-17 21:48:44.519486+02
848|1650230559.526954|2022-04-17 23:22:39.526954+02|16385|test|33|1685043901|0|2483405|8373379538|1927553029|1910672012|234461126|224459579|615|0|1|200450048|0|||0|0|171954267.518|68553169.636|24728119.884|10690|0|0|0|2022-04-17 21:48:44.519486+02
849|1650230560.553676|2022-04-17 23:22:40.553676+02|16385|test|33|1685130337|0|2483975|8374334675|1927726570|1910845088|234547558|224546011|615|0|1|200450048|0|||0|0|171986298.912|68569598.634|24737728.636|10692|0|0|0|2022-04-17 21:48:44.519486+02
850|1650230561.579232|2022-04-17 23:22:41.579232+02|16385|test|33|1685256917|0|2484905|8375732795|1927980643|1911098452|234674134|224672587|615|0|1|200450048|0|||0|0|172033337.489|68593860.089|24751747.04|10694|0|0|0|2022-04-17 21:48:44.519486+02
851|1650230562.606244|2022-04-17 23:22:42.606244+02|16385|test|33|1685346039|0|2485371|8376716875|1928159538|1911276900|234763252|224761705|615|0|1|200450048|0|||0|0|172066370.048|68610870.099|24761610.952|10696|0|0|0|2022-04-17 21:48:44.519486+02
852|1650230563.633441|2022-04-17 23:22:43.633441+02|16385|test|33|1685432375|0|2485897|8377670433|1928332888|1911449776|234849584|224848037|615|0|1|200450048|0|||0|0|172098401.6|68627376.016|24771152.656|10698|0|0|0|2022-04-17 21:48:44.519486+02
853|1650230564.660670|2022-04-17 23:22:44.66067+02|16385|test|33|1685518526|0|2486550|8378623080|1928505856|1911622282|234935731|224934184|615|0|1|200450048|0|||0|0|172130432.415|68643902.219|24780682.03|10700|0|0|0|2022-04-17 21:48:44.519486+02
854|1650230565.687327|2022-04-17 23:22:45.687327+02|16385|test|33|1685605004|0|2486978|8379578310|1928679469|1911795442|235022205|225020658|615|0|1|200450048|0|||0|0|172162464.127|68660343.841|24790283.861|10702|0|0|0|2022-04-17 21:48:44.519486+02
855|1650230566.714512|2022-04-17 23:22:46.714512+02|16385|test|33|1685691479|0|2487471|8380533958|1928853049|1911968596|235108676|225107129|615|0|1|200450048|0|||0|0|172194495.298|68676799.771|24799874.283|10704|0|0|0|2022-04-17 21:48:44.519486+02
856|1650230567.741700|2022-04-17 23:22:47.7417+02|16385|test|33|1685777682|0|2488079|8381486324|1929026122|1912141206|235194875|225193328|615|0|1|200450048|0|||0|0|172226525.397|68693254.13|24809470.223|10706|0|0|0|2022-04-17 21:48:44.519486+02
857|1650230568.768396|2022-04-17 23:22:48.768396+02|16385|test|33|1685863852|0|2488565|8382437945|1929199103|1912313750|235281041|225279494|615|0|1|200450048|0|||0|0|172258556.552|68709691.476|24819078.607|10708|0|0|0|2022-04-17 21:48:44.519486+02
858|1650230569.795357|2022-04-17 23:22:49.795357+02|16385|test|33|1685949855|0|2489253|8383388183|1929371787|1912485960|235367040|225365493|615|0|1|200450048|0|||0|0|172290588.667|68726221.755|24828626.764|10710|0|0|0|2022-04-17 21:48:44.519486+02
859|1650230570.822465|2022-04-17 23:22:50.822465+02|16385|test|33|1686036157|0|2489741|8384341514|1929545045|1912658768|235453338|225451791|615|0|1|200450048|0|||0|0|172322620.317|68742697.881|24838203.262|10712|0|0|0|2022-04-17 21:48:44.519486+02
860|1650230571.849872|2022-04-17 23:22:51.849872+02|16385|test|33|1686122321|0|2490212|8385293962|1929718069|1912831300|235539498|225537951|615|0|1|200450048|0|||0|0|172354653.259|68759208.005|24847762.927|10714|0|0|0|2022-04-17 21:48:44.519486+02
861|1650230572.877123|2022-04-17 23:22:52.877123+02|16385|test|34|1686207784|0|2490820|8386238449|1929889683|1913002430|235624957|225623410|615|0|1|200450048|0|||0|0|172386694.005|68775638.297|24857383.581|10716|0|0|0|2022-04-17 21:48:44.519486+02
862|1650230573.904018|2022-04-17 23:22:53.904018+02|16385|test|34|1686292527|0|2491388|8387183476|1930061177|1913172120|235709696|225708149|615|0|1|200450048|0|||0|0|172418724.773|68792094.653|24866997.682|10718|0|0|0|2022-04-17 21:48:44.519486+02
863|1650230574.931260|2022-04-17 23:22:54.93126+02|16385|test|34|1686377428|0|2491874|8388147069|1930235614|1913342126|235794593|225793046|615|0|1|200450048|0|||0|0|172450755.248|68808574.708|24876580.06|10720|0|0|0|2022-04-17 21:48:44.519486+02
864|1650230575.958268|2022-04-17 23:22:55.958268+02|16385|test|34|1686461998|0|2492380|8389134633|1930413743|1913511470|235879159|225877612|615|0|1|200450048|0|||0|0|172482786.363|68825161.003|24886084.014|10722|0|0|0|2022-04-17 21:48:44.519486+02
865|1650230576.984640|2022-04-17 23:22:56.98464+02|16385|test|33|1686546011|0|2492910|8390298424|1930592770|1913680555|235963173|225961621|624|0|1|200450048|0|||0|0|172514816.33|68841833.112|24895549.288|10724|0|0|0|2022-04-17 21:48:44.519486+02
866|1650230578.010448|2022-04-17 23:22:58.010448+02|16385|test|33|1686631388|0|2493478|8391243779|1930764612|1913851513|236048546|226046994|624|0|1|200450048|0|||0|0|172546846.802|68858582.809|24904958.07|10726|0|0|0|2022-04-17 21:48:44.519486+02
867|1650230579.036975|2022-04-17 23:22:59.036975+02|16385|test|33|1686717523|0|2494066|8392196694|1930937833|1914023987|236134677|226133125|624|0|1|200450048|0|||0|0|172578878.421|68875078.226|24914515.471|10728|0|0|0|2022-04-17 21:48:44.519486+02
868|1650230580.063190|2022-04-17 23:23:00.06319+02|16385|test|33|1686803308|0|2494615|8393145775|1931110368|1914195761|236220458|226218906|624|0|1|200450048|0|||0|0|172610911.931|68891734.752|24923971.756|10730|0|0|0|2022-04-17 21:48:44.519486+02
869|1650230581.089709|2022-04-17 23:23:01.089709+02|16385|test|33|1686931189|0|2495467|8394559327|1931367286|1914451727|236348335|226346783|624|0|1|200450048|0|||0|0|172658449.307|68916256.214|24938142.752|10732|0|0|0|2022-04-17 21:48:44.519486+02
870|1650230582.115976|2022-04-17 23:23:02.115976+02|16385|test|33|1687018816|0|2495975|8395527749|1931543356|1914627185|236435958|226434406|624|0|1|200450048|0|||0|0|172690980.203|68933002.504|24947870.427|10734|0|0|0|2022-04-17 21:48:44.519486+02
871|1650230583.142806|2022-04-17 23:23:03.142806+02|16385|test|33|1687105127|0|2496543|8396481668|1931716772|1914800011|236522265|226520713|624|0|1|200450048|0|||0|0|172723011.97|68949512.822|24957423.082|10736|0|0|0|2022-04-17 21:48:44.519486+02
872|1650230584.169880|2022-04-17 23:23:04.16988+02|16385|test|33|1687191542|0|2497027|8397436199|1931890440|1914973045|236608676|226607124|624|0|1|200450048|0|||0|0|172755043.657|68965992.375|24966994.748|10738|0|0|0|2022-04-17 21:48:44.519486+02
873|1650230585.196156|2022-04-17 23:23:05.196156+02|16385|test|33|1687272876|0|2497617|8398335417|1932053847|1915135917|236690006|226688454|624|0|1|200450048|0|||0|0|172787076.286|68983403.901|24975978.796|10740|0|0|0|2022-04-17 21:48:44.519486+02
874|1650230586.222953|2022-04-17 23:23:06.222953+02|16385|test|33|1687359307|0|2498103|8399290195|1932227496|1915308983|236776433|226774881|624|0|1|200450048|0|||0|0|172819108.693|68999949.223|24985496.472|10742|0|0|0|2022-04-17 21:48:44.519486+02
875|1650230587.249036|2022-04-17 23:23:07.249036+02|16385|test|33|1687445636|0|2498634|8400244651|1932400931|1915481845|236862758|226861206|624|0|1|200450048|0|||0|0|172851139.396|69016442.64|24995060.348|10744|0|0|0|2022-04-17 21:48:44.519486+02
876|1650230588.275531|2022-04-17 23:23:08.275531+02|16385|test|33|1687531736|0|2499304|8401196324|1932573845|1915654249|236948854|226947302|624|0|1|200450048|0|||0|0|172883169.083|69032951.294|25004617.337|10746|0|0|0|2022-04-17 21:48:44.519486+02
877|1650230589.302005|2022-04-17 23:23:09.302005+02|16385|test|33|1687618015|0|2499792|8402149677|1932747202|1915827011|237035129|227033577|624|0|1|200450048|0|||0|0|172915199.723|69049455.585|25014180.552|10748|0|0|0|2022-04-17 21:48:44.519486+02
878|1650230590.328611|2022-04-17 23:23:10.328611+02|16385|test|33|1687704221|0|2500522|8403102685|1932920367|1915999627|237121331|227119779|624|0|1|200450048|0|||0|0|172947231.761|69065944.748|25023752.065|10750|0|0|0|2022-04-17 21:48:44.519486+02
879|1650230591.355851|2022-04-17 23:23:11.355851+02|16385|test|33|1687790415|0|2500928|8404054732|1933093523|1916172219|237207521|227205969|624|0|1|200450048|0|||0|0|172979264.958|69082410.514|25033342.892|10752|0|0|0|2022-04-17 21:48:44.519486+02
880|1650230592.382266|2022-04-17 23:23:12.382266+02|16385|test|33|1687876719|0|2501416|8405008252|1933266886|1916345031|237293821|227292269|624|0|1|200450048|0|||0|0|173011296.206|69098853.23|25042940.667|10754|0|0|0|2022-04-17 21:48:44.519486+02
881|1650230593.409203|2022-04-17 23:23:13.409203+02|16385|test|33|1687962704|0|2502042|8405958170|1933439642|1916517205|237379802|227378250|624|0|1|200450048|0|||0|0|173043326.388|69115432.105|25052447.625|10756|0|0|0|2022-04-17 21:48:44.519486+02
882|1650230594.436538|2022-04-17 23:23:14.436538+02|16385|test|33|1688048847|0|2502692|8406910368|1933612694|1916689695|237465941|227464389|624|0|1|200450048|0|||0|0|173075358.562|69131976.402|25061972.187|10758|0|0|0|2022-04-17 21:48:44.519486+02
883|1650230595.463725|2022-04-17 23:23:15.463725+02|16385|test|33|1688134814|0|2503076|8407859477|1933785330|1916861833|237551904|227550352|624|0|1|200450048|0|||0|0|173107389.409|69148480.687|25071531.756|10760|0|0|0|2022-04-17 21:48:44.519486+02
884|1650230596.490173|2022-04-17 23:23:16.490173+02|16385|test|33|1688221136|0|2503644|8408813210|1933958694|1917034681|237638222|227636670|624|0|1|200450048|0|||0|0|173139422.215|69164998.275|25081078.559|10762|0|0|0|2022-04-17 21:48:44.519486+02
885|1650230597.516512|2022-04-17 23:23:17.516512+02|16385|test|33|1688307348|0|2504134|8409765908|1934131823|1917207309|237724430|227722878|624|0|1|200450048|0|||0|0|173171453.553|69181496.549|25090642.906|10764|0|0|0|2022-04-17 21:48:44.519486+02
886|1650230598.542892|2022-04-17 23:23:18.542892+02|16385|test|33|1688393482|0|2504722|8410717418|1934304753|1917379781|237810560|227809008|624|0|1|200450048|0|||0|0|173203486.033|69197998.132|25100197.588|10766|0|0|0|2022-04-17 21:48:44.519486+02
887|1650230599.569825|2022-04-17 23:23:19.569825+02|16385|test|33|1688479668|0|2505228|8411669320|1934477835|1917552357|237896742|227895190|624|0|1|200450048|0|||0|0|173235517.943|69214508.553|25109738.833|10768|0|0|0|2022-04-17 21:48:44.519486+02
888|1650230600.596534|2022-04-17 23:23:20.596534+02|16385|test|33|1688607573|0|2506181|8413082606|1934734599|1917808371|238024643|228023091|624|0|1|200450048|0|||0|0|173283056.083|69239010.176|25123912.97|10770|0|0|0|2022-04-17 21:48:44.519486+02
889|1650230601.623510|2022-04-17 23:23:21.62351+02|16385|test|33|1688694996|0|2506709|8414048339|1934910125|1917983421|238112062|228110510|624|0|1|200450048|0|||0|0|173315588.427|69255762.517|25133634.498|10772|0|0|0|2022-04-17 21:48:44.519486+02
890|1650230602.650384|2022-04-17 23:23:22.650384+02|16385|test|33|1688781137|0|2507318|8415000057|1935083077|1918155907|238198199|228196647|624|0|1|200450048|0|||0|0|173347622.235|69272258.863|25143201.979|10774|0|0|0|2022-04-17 21:48:44.519486+02
891|1650230603.676492|2022-04-17 23:23:23.676492+02|16385|test|33|1688867380|0|2507704|8415952470|1935256280|1918328597|238284438|228282886|624|0|1|200450048|0|||0|0|173379652.143|69288709.347|25152803.356|10776|0|0|0|2022-04-17 21:48:44.519486+02
892|1650230604.703009|2022-04-17 23:23:24.703009+02|16385|test|33|1688953635|0|2508374|8416905783|1935429487|1918501311|238370689|228369137|624|0|1|200450048|0|||0|0|173411680.682|69305172.493|25162373.547|10778|0|0|0|2022-04-17 21:48:44.519486+02
893|1650230605.730017|2022-04-17 23:23:25.730017+02|16385|test|33|1689039844|0|2508824|8417858275|1935602552|1918673933|238456894|228455342|624|0|1|200450048|0|||0|0|173443713.742|69321680.785|25171927.44|10780|0|0|0|2022-04-17 21:48:44.519486+02
894|1650230606.756396|2022-04-17 23:23:26.756396+02|16385|test|33|1689125919|0|2509412|8418809259|1935775377|1918846287|238542965|228541413|624|0|1|200450048|0|||0|0|173475743.63|69338231.074|25181450.232|10782|0|0|0|2022-04-17 21:48:44.519486+02
895|1650230607.782919|2022-04-17 23:23:27.782919+02|16385|test|33|1689212185|0|2509998|8419761983|1935948556|1919019023|238629227|228627675|624|0|1|200450048|0|||0|0|173507773.331|69354689.642|25191035.012|10784|0|0|0|2022-04-17 21:48:44.519486+02
896|1650230608.809512|2022-04-17 23:23:28.809512+02|16385|test|33|1689298232|0|2510525|8420712682|1936121345|1919191321|238715270|228713718|624|0|1|200450048|0|||0|0|173539803.253|69371258.5|25200546.425|10786|0|0|0|2022-04-17 21:48:44.519486+02
897|1650230609.836348|2022-04-17 23:23:29.836348+02|16385|test|33|1689384528|0|2511195|8421666364|1936294589|1919364117|238801562|228800010|624|0|1|200450048|0|||0|0|173571834.588|69387765.688|25210092.678|10788|0|0|0|2022-04-17 21:48:44.519486+02
898|1650230610.863479|2022-04-17 23:23:30.863479+02|16385|test|33|1689470451|0|2511661|8422615236|1936467080|1919536167|238887481|228885929|624|0|1|200450048|0|||0|0|173603865.695|69404284.723|25219641.14|10790|0|0|0|2022-04-17 21:48:44.519486+02
899|1650230611.890401|2022-04-17 23:23:31.890401+02|16385|test|33|1689556831|0|2512189|8423569396|1936640476|1919709131|238973857|228972305|624|0|1|200450048|0|||0|0|173635896.606|69420741.163|25229235.309|10792|0|0|0|2022-04-17 21:48:44.519486+02
900|1650230612.915692|2022-04-17 23:23:32.915692+02|16385|test|33|1689642995|0|2512759|8424521544|1936813475|1919881663|239060017|229058465|624|0|1|200450048|0|||0|0|173667927.05|69437229.05|25238795.943|10794|0|0|0|2022-04-17 21:48:44.519486+02
901|1650230613.941904|2022-04-17 23:23:33.941904+02|16385|test|33|1689729380|0|2513225|8425475510|1936986888|1920054637|239146398|229144846|624|0|1|200450048|0|||0|0|173699958.341|69453714.618|25248367.719|10796|0|0|0|2022-04-17 21:48:44.519486+02
902|1650230614.968629|2022-04-17 23:23:34.968629+02|16385|test|33|1689815651|0|2513857|8426429028|1937160061|1920227383|239232665|229231113|624|0|1|200450048|0|||0|0|173731991.91|69470157.358|25257982.367|10798|0|0|0|2022-04-17 21:48:44.519486+02
903|1650230615.995186|2022-04-17 23:23:35.995186+02|16385|test|33|1689896558|0|2514305|8427322776|1937322490|1920389401|239313568|229312016|624|0|1|200450048|0|||0|0|173764026.823|69487634.044|25266922.487|10800|0|0|0|2022-04-17 21:48:44.519486+02
904|1650230617.022074|2022-04-17 23:23:37.022074+02|16385|test|33|1689983101|0|2514818|8428279537|1937496236|1920562691|239400107|229398555|624|0|1|200450048|0|||0|0|173796057.808|69504161.187|25276457.875|10802|0|0|0|2022-04-17 21:48:44.519486+02
905|1650230618.049101|2022-04-17 23:23:38.049101+02|16385|test|33|1690069159|0|2515450|8429230850|1937669005|1920735011|239486161|229484609|624|0|1|200450048|0|||0|0|173828087.856|69520759.688|25285946.26|10804|0|0|0|2022-04-17 21:48:44.519486+02
906|1650230619.076086|2022-04-17 23:23:39.076086+02|16385|test|33|1690155460|0|2515936|8430183837|1937842231|1920907817|239572458|229570906|624|0|1|200450048|0|||0|0|173860120.32|69537245.892|25295514.696|10806|0|0|0|2022-04-17 21:48:44.519486+02
907|1650230620.102902|2022-04-17 23:23:40.102902+02|16385|test|33|1690283375|0|2516807|8431596756|1938098891|1921163851|239700369|229698817|624|0|1|200450048|0|||0|0|173907656.02|69561771.962|25309670.849|10808|0|0|0|2022-04-17 21:48:44.519486+02
908|1650230621.129646|2022-04-17 23:23:41.129646+02|16385|test|33|1690370829|0|2517316|8432562767|1938274431|1921338963|239787819|229786267|624|0|1|200450048|0|||0|0|173940187.675|69578542.481|25319378.104|10810|0|0|0|2022-04-17 21:48:44.519486+02
909|1650230622.156803|2022-04-17 23:23:42.156803+02|16385|test|33|1690456998|0|2517824|8433514669|1938447458|1921511505|239873984|229872432|624|0|1|200450048|0|||0|0|173972219.015|69594993.198|25328975.63|10812|0|0|0|2022-04-17 21:48:44.519486+02
910|1650230623.184168|2022-04-17 23:23:43.184168+02|16385|test|33|1690543283|0|2518390|8434467615|1938620669|1921684279|239960265|229958713|624|0|1|200450048|0|||0|0|174004250.203|69611491.711|25338541.514|10814|0|0|0|2022-04-17 21:48:44.519486+02
911|1650230624.213034|2022-04-17 23:23:44.213034+02|16385|test|33|1690629505|0|2518997|8435420198|1938793753|1921856927|240046483|230044931|624|0|1|200450048|0|||0|0|174036283.352|69628005.736|25348095.327|10816|0|0|0|2022-04-17 21:48:44.519486+02
912|1650230625.239924|2022-04-17 23:23:45.239924+02|16385|test|33|1690715665|0|2519707|8436372377|1938966715|1922029451|240132639|230131087|624|0|1|200450048|0|||0|0|174068314.813|69644521.115|25357639.228|10818|0|0|0|2022-04-17 21:48:44.519486+02
913|1650230626.266232|2022-04-17 23:23:46.266232+02|16385|test|33|1690801403|0|2520053|8437318920|1939138771|1922201131|240218373|230216821|624|0|1|200450048|0|||0|0|174100344.26|69661125.134|25367139.239|10820|0|0|0|2022-04-17 21:48:44.519486+02
914|1650230627.293098|2022-04-17 23:23:47.293098+02|16385|test|33|1690887314|0|2520637|8438267503|1939311220|1922373157|240304280|230302728|624|0|1|200450048|0|||0|0|174132374.691|69677665.445|25376675.864|10822|0|0|0|2022-04-17 21:48:44.519486+02
915|1650230628.320500|2022-04-17 23:23:48.3205+02|16385|test|33|1690973252|0|2521144|8439216572|1939483683|1922545237|240390214|230388662|624|0|1|200450048|0|||0|0|174164403.541|69694213.633|25386216.906|10824|0|0|0|2022-04-17 21:48:44.519486+02
916|1650230629.347846|2022-04-17 23:23:49.347846+02|16385|test|33|1691059067|0|2521935|8440165037|1939655908|1922717071|240476025|230474473|624|0|1|200450048|0|||0|0|174196434.471|69710767.745|25395739.078|10826|0|0|0|2022-04-17 21:48:44.519486+02
917|1650230630.374384|2022-04-17 23:23:50.374384+02|16385|test|33|1691145252|0|2522299|8441116318|1939828864|1922889645|240562206|230560654|624|0|1|200450048|0|||0|0|174228468.291|69727270.723|25405298.918|10828|0|0|0|2022-04-17 21:48:44.519486+02
918|1650230631.401138|2022-04-17 23:23:51.401138+02|16385|test|33|1691231342|0|2522944|8442067082|1940001620|1923062029|240648292|230646740|624|0|1|200450048|0|||0|0|174260499.597|69743784.694|25414850.936|10830|0|0|0|2022-04-17 21:48:44.519486+02
919|1650230632.428452|2022-04-17 23:23:52.428452+02|16385|test|34|1691317502|0|2523388|8443018120|1940174528|1923234541|240734449|230732897|624|0|1|200450048|0|||0|0|174292529.146|69760283.205|25424400.156|10831|0|0|0|2022-04-17 21:48:44.519486+02
920|1650230633.445409|2022-04-17 23:23:53.445409+02|16385|test|34|1691402605|0|2524100|8443961790|1940345780|1923404963|240819547|230817995|624|0|1|200450048|0|||0|0|174324552.413|69776656.351|25434068.019|10834|0|0|0|2022-04-17 21:48:44.519486+02
921|1650230634.471571|2022-04-17 23:23:54.471571+02|16385|test|34|1691487551|0|2524584|8444915681|1940518800|1923575059|240904489|230902937|624|0|1|200450048|0|||0|0|174356582.58|69793105.921|25443665.735|10836|0|0|0|2022-04-17 21:48:44.519486+02
922|1650230635.498545|2022-04-17 23:23:55.498545+02|16385|test|34|1691572846|0|2524928|8445895178|1940695907|1923745853|240989780|230988228|624|0|1|200450048|0|||0|0|174388612.879|69809534.974|25453268.517|10838|0|0|0|2022-04-17 21:48:44.519486+02
923|1650230636.525130|2022-04-17 23:23:56.52513+02|16385|test|33|1691657531|0|2525476|8446901907|1940876941|1923915415|241074462|231072910|624|0|1|200450048|0|||0|0|174420641.41|69825929.573|25462902.779|10839|0|0|0|2022-04-17 21:48:44.519486+02
924|1650230637.541295|2022-04-17 23:23:57.541295+02|16385|test|33|1691743411|0|2526084|8448041060|1941052744|1924088245|241160340|231158783|633|0|1|200450048|0|||0|0|174452665.482|69842415.104|25472475.586|10842|0|0|0|2022-04-17 21:48:44.519486+02
925|1650230638.567277|2022-04-17 23:23:58.567277+02|16385|test|33|1691829364|0|2526711|8448991972|1941225600|1924260355|241246289|231244732|633|0|1|200450048|0|||0|0|174484696.457|69858968.889|25481997.418|10844|0|0|0|2022-04-17 21:48:44.519486+02
926|1650230639.593759|2022-04-17 23:23:59.593759+02|16385|test|33|1691923744|0|2527322|8450036362|1941415341|1924449319|241340665|231339108|633|0|1|200450048|0|||0|0|174519728.558|69877091.737|25492392.457|10846|0|0|0|2022-04-17 21:48:44.519486+02
927|1650230640.619979|2022-04-17 23:24:00.619979+02|16385|test|33|1692044989|0|2528031|8451376452|1941658921|1924692013|241461906|231460349|633|0|1|200450048|0|||0|0|174564764.235|69900255.166|25505858.957|10848|0|0|0|2022-04-17 21:48:44.519486+02
928|1650230641.646764|2022-04-17 23:24:01.646764+02|16385|test|33|1692131246|0|2528481|8452330127|1941832206|1924864731|241548159|231546602|633|0|1|200450048|0|||0|0|174596794.845|69916705.886|25515450.918|10850|0|0|0|2022-04-17 21:48:44.519486+02
929|1650230642.672854|2022-04-17 23:24:02.672854+02|16385|test|33|1692217105|0|2529056|8453279443|1942004662|1925036653|241634014|231632457|633|0|1|200450048|0|||0|0|174628824.256|69933348.904|25524919.736|10852|0|0|0|2022-04-17 21:48:44.519486+02
930|1650230643.699490|2022-04-17 23:24:03.69949+02|16385|test|33|1692303288|0|2529622|8454231551|1942177770|1925209223|241720193|231718636|633|0|1|200450048|0|||0|0|174660855.059|69949811.131|25534505.992|10854|0|0|0|2022-04-17 21:48:44.519486+02
931|1650230644.725813|2022-04-17 23:24:04.725813+02|16385|test|33|1692389571|0|2530192|8455185218|1942351091|1925381993|241806472|231804915|633|0|1|200450048|0|||0|0|174692885.664|69966301.209|25544067.299|10856|0|0|0|2022-04-17 21:48:44.519486+02
932|1650230645.752878|2022-04-17 23:24:05.752878+02|16385|test|33|1692475562|0|2530740|8456135208|1942523846|1925554179|241892459|231890902|633|0|1|200450048|0|||0|0|174724918.21|69982832.579|25553615.622|10858|0|0|0|2022-04-17 21:48:44.519486+02
933|1650230646.779611|2022-04-17 23:24:06.779611+02|16385|test|33|1692556919|0|2531228|8457034387|1942687249|1925717097|241973812|231972255|633|0|1|200450048|0|||0|0|174756948.839|70000268.181|25562598.269|10860|0|0|0|2022-04-17 21:48:44.519486+02
934|1650230647.806463|2022-04-17 23:24:07.806463+02|16385|test|33|1692643284|0|2531856|8457988676|1942860739|1925890031|242060173|232058616|633|0|1|200450048|0|||0|0|174788980.059|70016800.769|25572118.429|10862|0|0|0|2022-04-17 21:48:44.519486+02
935|1650230648.832965|2022-04-17 23:24:08.832965+02|16385|test|33|1692729545|0|2532304|8458941643|1943033987|1926062757|242146430|232144873|633|0|1|200450048|0|||0|0|174821012.192|70033292.932|25581690.775|10864|0|0|0|2022-04-17 21:48:44.519486+02
936|1650230649.859420|2022-04-17 23:24:09.85942+02|16385|test|33|1692815543|0|2532870|8459891606|1943206702|1926234957|242232424|232230867|633|0|1|200450048|0|||0|0|174853043.423|70049881.701|25591195.678|10866|0|0|0|2022-04-17 21:48:44.519486+02
937|1650230650.886489|2022-04-17 23:24:10.886489+02|16385|test|33|1692901356|0|2533558|8460839828|1943379032|1926406787|242318233|232316676|633|0|1|200450048|0|||0|0|174885073.612|70066482.4|25600707.69|10868|0|0|0|2022-04-17 21:48:44.519486+02
938|1650230651.913779|2022-04-17 23:24:11.913779+02|16385|test|33|1692987468|0|2533984|8461790875|1943551941|1926579215|242404341|232402784|633|0|1|200450048|0|||0|0|174917104.438|70082929.68|25610293.823|10870|0|0|0|2022-04-17 21:48:44.519486+02
939|1650230652.940693|2022-04-17 23:24:12.940693+02|16385|test|33|1693073623|0|2534674|8462742981|1943724904|1926751729|242490492|232488935|633|0|1|200450048|0|||0|0|174949134.232|70099430.573|25619862.021|10872|0|0|0|2022-04-17 21:48:44.519486+02
940|1650230653.967187|2022-04-17 23:24:13.967187+02|16385|test|33|1693159509|0|2535181|8463691795|1943897356|1926923705|242576374|232574817|633|0|1|200450048|0|||0|0|174981164.428|70116009.056|25629371.453|10874|0|0|0|2022-04-17 21:48:44.519486+02
941|1650230654.994190|2022-04-17 23:24:14.99419+02|16385|test|33|1693245634|0|2535771|8464643557|1944070269|1927096159|242662495|232660938|633|0|1|200450048|0|||0|0|175013196.597|70132524.905|25638922.47|10876|0|0|0|2022-04-17 21:48:44.519486+02
942|1650230656.021383|2022-04-17 23:24:16.021383+02|16385|test|33|1693331813|0|2536257|8465595291|1944243296|1927268721|242748670|232747113|633|0|1|200450048|0|||0|0|175045229.202|70149038.229|25648483.833|10878|0|0|0|2022-04-17 21:48:44.519486+02
943|1650230657.048053|2022-04-17 23:24:17.048053+02|16385|test|33|1693417851|0|2536765|8466545809|1944416055|1927441001|242834704|232833147|633|0|1|200450048|0|||0|0|175077260.036|70165577.564|25658022.485|10880|0|0|0|2022-04-17 21:48:44.519486+02
944|1650230658.074361|2022-04-17 23:24:18.074361+02|16385|test|33|1693504177|0|2537294|8467499514|1944589376|1927613857|242921026|232919469|633|0|1|200450048|0|||0|0|175109290.038|70182059.357|25667583.92|10882|0|0|0|2022-04-17 21:48:44.519486+02
945|1650230659.101731|2022-04-17 23:24:19.101731+02|16385|test|33|1693604150|0|2537823|8468603726|1944790044|1927814007|243020995|233019438|633|0|1|200450048|0|||0|0|175146324.03|70201126.07|25678627.697|10884|0|0|0|2022-04-17 21:48:44.519486+02
946|1650230660.128669|2022-04-17 23:24:20.128669+02|16385|test|33|1693718818|0|2538676|8469870730|1945020184|1928043547|243135659|233134102|633|0|1|200450048|0|||0|0|175188860.936|70222966.195|25691375.286|10886|0|0|0|2022-04-17 21:48:44.519486+02
947|1650230661.155792|2022-04-17 23:24:21.155792+02|16385|test|33|1693806335|0|2539205|8470837781|1945195856|1928218785|243223172|233221615|633|0|1|200450048|0|||0|0|175221392.523|70239711.245|25701093.239|10888|0|0|0|2022-04-17 21:48:44.519486+02
948|1650230662.182263|2022-04-17 23:24:22.182263+02|16385|test|33|1693892560|0|2539753|8471790375|1945368973|1928391439|243309393|233307836|633|0|1|200450048|0|||0|0|175253422.926|70256199.067|25710654.57|10890|0|0|0|2022-04-17 21:48:44.519486+02
949|1650230663.208680|2022-04-17 23:24:23.20868+02|16385|test|33|1693978356|0|2540343|8472738453|1945541195|1928563235|243395185|233393628|633|0|1|200450048|0|||0|0|175285454.307|70272820.011|25720134.865|10892|0|0|0|2022-04-17 21:48:44.519486+02
950|1650230664.235236|2022-04-17 23:24:24.235236+02|16385|test|33|1694064645|0|2540813|8473691861|1945714449|1928736017|243481470|233479913|633|0|1|200450048|0|||0|0|175317486.683|70289299.266|25729707.142|10894|0|0|0|2022-04-17 21:48:44.519486+02
951|1650230665.262167|2022-04-17 23:24:25.262167+02|16385|test|33|1694150601|0|2541461|8474641579|1945887009|1928908133|243567422|233565865|633|0|1|200450048|0|||0|0|175349519.023|70305867.39|25739228.573|10896|0|0|0|2022-04-17 21:48:44.519486+02
952|1650230666.289234|2022-04-17 23:24:26.289234+02|16385|test|33|1694236659|0|2541945|8475591687|1946059759|1929080453|243653476|233651919|633|0|1|200450048|0|||0|0|175381549.837|70322411.13|25748755.272|10898|0|0|0|2022-04-17 21:48:44.519486+02
953|1650230667.315923|2022-04-17 23:24:27.315923+02|16385|test|33|1694322825|0|2542713|8476543906|1946232775|1929252989|243739638|233738081|633|0|1|200450048|0|||0|0|175413586.307|70338952.929|25758292.634|10900|0|0|0|2022-04-17 21:48:44.519486+02
954|1650230668.342829|2022-04-17 23:24:28.342829+02|16385|test|33|1694409198|0|2543142|8477498165|1946406154|1929425939|243826007|233824450|633|0|1|200450048|0|||0|0|175445618.479|70355399.134|25767875.626|10902|0|0|0|2022-04-17 21:48:44.519486+02
955|1650230669.369606|2022-04-17 23:24:29.369606+02|16385|test|33|1694495320|0|2543728|8478449247|1946579007|1929598387|243912125|233910568|633|0|1|200450048|0|||0|0|175477650.404|70371937.855|25777409.434|10904|0|0|0|2022-04-17 21:48:44.519486+02
956|1650230670.396980|2022-04-17 23:24:30.39698+02|16385|test|33|1694581537|0|2544234|8479401413|1946752100|1929771025|243998338|233996781|633|0|1|200450048|0|||0|0|175509682.062|70388450.106|25786958.439|10906|0|0|0|2022-04-17 21:48:44.519486+02
957|1650230671.424190|2022-04-17 23:24:31.42419+02|16385|test|33|1694667884|0|2544662|8480355071|1946925423|1929943923|244084681|234083124|633|0|1|200450048|0|||0|0|175541713.657|70404898.057|25796547.099|10908|0|0|0|2022-04-17 21:48:44.519486+02
958|1650230672.450634|2022-04-17 23:24:32.450634+02|16385|test|33|1694753964|0|2545332|8481306410|1947098220|1930116287|244170757|234169200|633|0|1|200450048|0|||0|0|175573747.098|70421422.084|25806091.115|10910|0|0|0|2022-04-17 21:48:44.519486+02
959|1650230673.477443|2022-04-17 23:24:33.477443+02|16385|test|33|1694840167|0|2545776|8482258035|1947271267|1930288897|244256956|234255399|633|0|1|200450048|0|||0|0|175605778.406|70437891.699|25815670.39|10912|0|0|0|2022-04-17 21:48:44.519486+02
960|1650230674.504051|2022-04-17 23:24:34.504051+02|16385|test|33|1694925113|0|2546302|8483196146|1947441763|1930458993|244341898|234340341|633|0|1|200450048|0|||0|0|175637808.448|70454770.394|25824996.785|10914|0|0|0|2022-04-17 21:48:44.519486+02
961|1650230675.530876|2022-04-17 23:24:35.530876+02|16385|test|33|1695010238|0|2546836|8484136926|1947612622|1930629447|244427019|234425462|633|0|1|200450048|0|||0|0|175669840.947|70471566.929|25834387.047|10916|0|0|0|2022-04-17 21:48:44.519486+02
962|1650230676.557391|2022-04-17 23:24:36.557391+02|16385|test|33|1695096008|0|2547428|8485085077|1947784752|1930801191|244512785|234511228|633|0|1|200450048|0|||0|0|175701872.782|70488159.303|25843900.501|10918|0|0|0|2022-04-17 21:48:44.519486+02
963|1650230677.583963|2022-04-17 23:24:37.583963+02|16385|test|33|1695176530|0|2548038|8485974977|1947946367|1930962439|244593303|234591746|633|0|1|200450048|0|||0|0|175733952.07|70505818.197|25852769.356|10920|0|0|0|2022-04-17 21:48:44.519486+02
964|1650230678.611126|2022-04-17 23:24:38.611126+02|16385|test|33|1695274113|0|2548768|8487052875|1948142171|1931157809|244690882|234689325|633|0|1|200450048|0|||0|0|175769984.188|70524399.889|25863492.044|10922|0|0|0|2022-04-17 21:48:44.519486+02
965|1650230679.637943|2022-04-17 23:24:39.637943+02|16385|test|33|1695391317|0|2549278|8488347167|1948377315|1931392421|244808082|234806525|633|0|1|200450048|0|||0|0|175813519.21|70546774.198|25876531.411|10924|0|0|0|2022-04-17 21:48:44.519486+02
966|1650230680.663581|2022-04-17 23:24:40.663581+02|16385|test|33|1695479007|0|2549846|8489315842|1948553311|1931568005|244895768|234894211|633|0|1|200450048|0|||0|0|175846050.476|70563494.674|25886271.971|10926|0|0|0|2022-04-17 21:48:44.519486+02
967|1650230681.690073|2022-04-17 23:24:41.690073+02|16385|test|33|1695565300|0|2550454|8490268976|1948726492|1931740795|244982057|234980500|633|0|1|200450048|0|||0|0|175878080.648|70579989.975|25895825.117|10928|0|0|0|2022-04-17 21:48:44.519486+02
968|1650230682.716460|2022-04-17 23:24:42.71646+02|16385|test|33|1695651671|0|2551018|8491222480|1948899825|1931913741|245068424|235066867|633|0|1|200450048|0|||0|0|175910112.916|70596493.307|25905383.407|10930|0|0|0|2022-04-17 21:48:44.519486+02
969|1650230683.742897|2022-04-17 23:24:43.742897+02|16385|test|33|1695737948|0|2551483|8492175099|1949072957|1932086499|245154697|235153140|633|0|1|200450048|0|||0|0|175942144.785|70612990.53|25914952.662|10932|0|0|0|2022-04-17 21:48:44.519486+02
970|1650230684.769608|2022-04-17 23:24:44.769608+02|16385|test|33|1695824248|0|2552009|8493128106|1949246130|1932259303|245240993|235239436|633|0|1|200450048|0|||0|0|175974176.652|70629515.75|25924487.53|10934|0|0|0|2022-04-17 21:48:44.519486+02
971|1650230685.796368|2022-04-17 23:24:45.796368+02|16385|test|33|1695910509|0|2552603|8494081653|1949419270|1932432029|245327250|235325693|633|0|1|200450048|0|||0|0|176006207.668|70646018.016|25934045.794|10936|0|0|0|2022-04-17 21:48:44.519486+02
972|1650230686.823162|2022-04-17 23:24:46.823162+02|16385|test|33|1695996712|0|2553129|8495033538|1949592260|1932604639|245413449|235411892|633|0|1|200450048|0|||0|0|176038239.47|70662531.209|25943604.386|10938|0|0|0|2022-04-17 21:48:44.519486+02
973|1650230687.849410|2022-04-17 23:24:47.84941+02|16385|test|33|1696082707|0|2553859|8495983858|1949764809|1932776833|245499440|235497883|633|0|1|200450048|0|||0|0|176070269.654|70679118.064|25953103.831|10940|0|0|0|2022-04-17 21:48:44.519486+02
974|1650230688.876322|2022-04-17 23:24:48.876322+02|16385|test|33|1696168584|0|2554305|8496932013|1949937121|1932948791|245585313|235583756|633|0|1|200450048|0|||0|0|176102301.825|70695719.989|25962613.773|10942|0|0|0|2022-04-17 21:48:44.519486+02
975|1650230689.903369|2022-04-17 23:24:49.903369+02|16385|test|33|1696254605|0|2554993|8497882360|1950109748|1933121037|245671330|235669773|633|0|1|200450048|0|||0|0|176134332.555|70712278.885|25972135.546|10944|0|0|0|2022-04-17 21:48:44.519486+02
976|1650230690.929918|2022-04-17 23:24:50.929918+02|16385|test|33|1696340973|0|2555502|8498836428|1950283006|1933293977|245757694|235756137|633|0|1|200450048|0|||0|0|176166362.921|70728754.35|25981703.477|10946|0|0|0|2022-04-17 21:48:44.519486+02
977|1650230691.956915|2022-04-17 23:24:51.956915+02|16385|test|33|1696427228|0|2555870|8499788939|1950456094|1933466691|245843945|235842388|633|0|1|200450048|0|||0|0|176198393.842|70745226.403|25991285.862|10948|0|0|0|2022-04-17 21:48:44.519486+02
978|1650230692.983596|2022-04-17 23:24:52.983596+02|16385|test|34|1696512615|0|2556421|8500732809|1950627511|1933637669|245929328|235927771|633|0|1|200450048|0|||0|0|176230426.332|70761681.8|26000905.605|10950|0|0|0|2022-04-17 21:48:44.519486+02
979|1650230694.010965|2022-04-17 23:24:54.010965+02|16385|test|34|1696597725|0|2556935|8501682080|1950799621|1933808093|246014434|236012877|633|0|1|200450048|0|||0|0|176262459.471|70778029.403|26010584.493|10952|0|0|0|2022-04-17 21:48:44.519486+02
980|1650230695.037801|2022-04-17 23:24:55.037801+02|16385|test|34|1696682897|0|2557563|8502648379|1950974526|1933978641|246099602|236098045|633|0|1|200450048|0|||0|0|176294489.135|70794449.49|26020198.125|10954|0|0|0|2022-04-17 21:48:44.519486+02
981|1650230696.064501|2022-04-17 23:24:56.064501+02|16385|test|34|1696768545|0|2558091|8503648122|1951154744|1934150141|246185246|236183689|633|0|1|200450048|0|||0|0|176326520.059|70810831.157|26029832.777|10956|0|0|0|2022-04-17 21:48:44.519486+02
982|1650230697.091495|2022-04-17 23:24:57.091495+02|16385|test|34|1696853006|0|2558560|8504629783|1951332409|1934320099|246269703|236268146|633|0|1|200450048|0|||0|0|176358552.232|70827281.795|26039439.403|10958|0|0|0|2022-04-17 21:48:44.519486+02
983|1650230698.117667|2022-04-17 23:24:58.117667+02|16385|test|34|1696948930|0|2559272|8505703276|1951527112|1934512151|246365623|236364066|633|0|1|200450048|0|||0|0|176394584.487|70845696.763|26050297.021|10960|0|0|0|2022-04-17 21:48:44.519486+02
984|1650230699.144639|2022-04-17 23:24:59.144639+02|16385|test|34|1697064823|0|2559922|8507031040|1951767142|1934744141|246481512|236479955|633|0|1|200450048|0|||0|0|176438121.074|70868031.265|26063354.054|10962|0|0|0|2022-04-17 21:48:44.519486+02
985|1650230700.171651|2022-04-17 23:25:00.171651+02|16385|test|34|1697151639|0|2560474|8508064679|1951953066|1934917977|246568324|236566767|633|0|1|200450048|0|||0|0|176470652.916|70884656.618|26073141.531|10964|0|0|0|2022-04-17 21:48:44.519486+02
986|1650230701.198665|2022-04-17 23:25:01.198665+02|16385|test|34|1697236762|0|2561040|8509123397|1952142257|1935088427|246653443|236651886|633|0|1|200450048|0|||0|0|176502683.602|70901119.987|26082732.287|10966|0|0|0|2022-04-17 21:48:44.519486+02
987|1650230702.225894|2022-04-17 23:25:02.225894+02|16385|test|34|1697321230|0|2561708|8510231928|1952338779|1935257567|246737907|236736350|633|0|1|200450048|0|||0|0|176534715.271|70917544.6|26092335.183|10968|0|0|0|2022-04-17 21:48:44.519486+02
988|1650230703.252834|2022-04-17 23:25:03.252834+02|16385|test|34|1697405232|0|2562276|8511405087|1952544615|1935425775|246821905|236820348|633|0|1|200450048|0|||0|0|176566747.608|70934067.077|26101896.123|10970|0|0|0|2022-04-17 21:48:44.519486+02
989|1650230704.279774|2022-04-17 23:25:04.279774+02|16385|test|34|1697488605|0|2562686|8512655103|1952760856|1935592725|246905274|236903717|633|0|1|200450048|0|||0|0|176598779.357|70950636.208|26111423.435|10972|0|0|0|2022-04-17 21:48:44.519486+02
990|1650230705.306676|2022-04-17 23:25:05.306676+02|16385|test|33|1697572694|0|2696656|8514046871|1952948960|1935761674|246989374|236987806|654|0|1|200450048|0|||0|0|176630811.409|70967259.153|26120930.981|10974|0|0|0|2022-04-17 21:48:44.519486+02
991|1650230706.334117|2022-04-17 23:25:06.334117+02|16385|test|33|1697657854|0|2697182|8514993032|1953121712|1935932198|247074530|237072962|654|0|1|200450048|0|||0|0|176662842.327|70983956.127|26130367.164|10976|0|0|0|2022-04-17 21:48:44.519486+02
992|1650230707.360430|2022-04-17 23:25:07.36043+02|16385|test|33|1697743395|0|2697808|8515942122|1953295033|1936103484|247160067|237158499|654|0|1|200450048|0|||0|0|176694873.562|71000630.305|26139818.259|10978|0|0|0|2022-04-17 21:48:44.519486+02
993|1650230708.386762|2022-04-17 23:25:08.386762+02|16385|test|33|1697824104|0|2698434|8516837295|1953458515|1936265106|247240772|237239204|654|0|1|200450048|0|||0|0|176726903.296|71018210.364|26148688.06|10980|0|0|0|2022-04-17 21:48:44.519486+02
994|1650230709.413399|2022-04-17 23:25:09.413399+02|16385|test|33|1697909248|0|2698758|8517780721|1953630946|1936435598|247325912|237324344|654|0|1|200450048|0|||0|0|176758934.306|71035033.396|26158041.189|10982|0|0|0|2022-04-17 21:48:44.519486+02
995|1650230710.440612|2022-04-17 23:25:10.440612+02|16385|test|33|1697995054|0|2699246|8518731838|1953804692|1936607414|247411714|237410146|654|0|1|200450048|0|||0|0|176790966.523|71051620.85|26167551.484|10984|0|0|0|2022-04-17 21:48:44.519486+02
996|1650230711.466792|2022-04-17 23:25:11.466792+02|16385|test|33|1698081182|0|2699812|8519685842|1953978886|1936779874|247497838|237496270|654|0|1|200450048|0|||0|0|176822995.483|71068138.135|26177096.622|10986|0|0|0|2022-04-17 21:48:44.519486+02
997|1650230712.493417|2022-04-17 23:25:12.493417+02|16385|test|33|1698167216|0|2700400|8520638980|1954152916|1936952146|247583868|237582300|654|0|1|200450048|0|||0|0|176855026.854|71084642.334|26186658.955|10988|0|0|0|2022-04-17 21:48:44.519486+02
998|1650230713.520997|2022-04-17 23:25:13.520997+02|16385|test|33|1698253392|0|2700930|8521593847|1954327231|1937124702|247670040|237668472|654|0|1|200450048|0|||0|0|176887057.612|71101133.931|26196224.74|10990|0|0|0|2022-04-17 21:48:44.519486+02
999|1650230714.547814|2022-04-17 23:25:14.547814+02|16385|test|33|1698339569|0|2701436|8522548296|1954501595|1937297260|247756213|237754645|654|0|1|200450048|0|||0|0|176919090.153|71117629.513|26205788.623|10992|0|0|0|2022-04-17 21:48:44.519486+02
1000|1650230715.574705|2022-04-17 23:25:15.574705+02|16385|test|33|1698425827|0|2702066|8523504109|1954676082|1937469980|247842467|237840899|654|0|1|200450048|0|||0|0|176951125.175|71134085.022|26215383.641|10994|0|0|0|2022-04-17 21:48:44.519486+02
1001|1650230716.601470|2022-04-17 23:25:16.60147+02|16385|test|33|1698512101|0|2702494|8524459587|1954850530|1937642732|247928737|237927169|654|0|1|200450048|0|||0|0|176983154.957|71150552.509|26224953.647|10996|0|0|0|2022-04-17 21:48:44.519486+02
1002|1650230717.628511|2022-04-17 23:25:17.628511+02|16385|test|33|1698628381|0|2703225|8525747322|1955085546|1937875496|248045013|238043445|654|0|1|200450048|0|||0|0|177026190.978|71172725.658|26237771.473|10998|0|0|0|2022-04-17 21:48:44.519486+02
1003|1650230718.654935|2022-04-17 23:25:18.654935+02|16385|test|33|1698726702|0|2703914|8526836478|1955284372|1938072342|248143330|238141762|654|0|1|200450048|0|||0|0|177062722.609|71191503.756|26248713.562|11000|0|0|0|2022-04-17 21:48:44.519486+02
1004|1650230719.681794|2022-04-17 23:25:19.681794+02|16385|test|33|1698814399|0|2704482|8527807639|1955461609|1938247940|248231023|238229455|654|0|1|200450048|0|||0|0|177095254.457|71208206.809|26258459.205|11002|0|0|0|2022-04-17 21:48:44.519486+02
1005|1650230720.708911|2022-04-17 23:25:20.708911+02|16385|test|33|1698900646|0|2705151|8528763149|1955635935|1938420638|248317266|238315698|654|0|1|200450048|0|||0|0|177127286.357|71224690.091|26268024.584|11004|0|0|0|2022-04-17 21:48:44.519486+02
1006|1650230721.736102|2022-04-17 23:25:21.736102+02|16385|test|33|1698986757|0|2705697|8529716684|1955810068|1938593064|248403373|238401805|654|0|1|200450048|0|||0|0|177159318.039|71241209.924|26277565.416|11006|0|0|0|2022-04-17 21:48:44.519486+02
1007|1650230722.763160|2022-04-17 23:25:22.76316+02|16385|test|33|1699072860|0|2706084|8530669851|1955984141|1938765474|248489472|238487904|654|0|1|200450048|0|||0|0|177191349.718|71257719.333|26287114.224|11008|0|0|0|2022-04-17 21:48:44.519486+02
1008|1650230723.790457|2022-04-17 23:25:23.790457+02|16385|test|33|1699158929|0|2706612|8531622866|1956158026|1938937816|248575537|238573969|654|0|1|200450048|0|||0|0|177223379.853|71274241.981|26296654.834|11010|0|0|0|2022-04-17 21:48:44.519486+02
1009|1650230724.817037|2022-04-17 23:25:24.817037+02|16385|test|33|1699245283|0|2707186|8532579746|1956332534|1939110728|248661887|238660319|654|0|1|200450048|0|||0|0|177255410.35|71290719.082|26306230.985|11012|0|0|0|2022-04-17 21:48:44.519486+02
1010|1650230725.844415|2022-04-17 23:25:25.844415+02|16385|test|33|1699331502|0|2707774|8533534467|1956506741|1939283370|248748102|238746534|654|0|1|200450048|0|||0|0|177287440.183|71307192.258|26315806.824|11014|0|0|0|2022-04-17 21:48:44.519486+02
1011|1650230726.870705|2022-04-17 23:25:26.870705+02|16385|test|33|1699417624|0|2708378|8534487722|1956680803|1939455818|248834220|238832652|654|0|1|200450048|0|||0|0|177319473.03|71323718.658|26325340.096|11016|0|0|0|2022-04-17 21:48:44.519486+02
1012|1650230727.897890|2022-04-17 23:25:27.89789+02|16385|test|33|1699504135|0|2708827|8535445536|1956855623|1939629044|248920727|238919159|654|0|1|200450048|0|||0|0|177351504.619|71340148.968|26334936.275|11018|0|0|0|2022-04-17 21:48:44.519486+02
1013|1650230728.924909|2022-04-17 23:25:28.924909+02|16385|test|33|1699590224|0|2709419|8536399599|1957029571|1939801426|249006812|239005244|654|0|1|200450048|0|||0|0|177383535.982|71356641.366|26344498.565|11020|0|0|0|2022-04-17 21:48:44.519486+02
1014|1650230729.951900|2022-04-17 23:25:29.9519+02|16385|test|33|1699676287|0|2710127|8537352765|1957203487|1939973756|249092871|239091303|654|0|1|200450048|0|||0|0|177415567.467|71373130.727|26354067.935|11022|0|0|0|2022-04-17 21:48:44.519486+02
1015|1650230730.979221|2022-04-17 23:25:30.979221+02|16385|test|33|1699762688|0|2710453|8538308950|1957378055|1940146762|249179268|239177700|654|0|1|200450048|0|||0|0|177447599.298|71389555.339|26363683.729|11024|0|0|0|2022-04-17 21:48:44.519486+02
1016|1650230732.005931|2022-04-17 23:25:32.005931+02|16385|test|33|1699849018|0|2711063|8539265105|1957552443|1940319626|249265594|239264026|654|0|1|200450048|0|||0|0|177479629.948|71405991.264|26373298.434|11026|0|0|0|2022-04-17 21:48:44.519486+02
1017|1650230733.032416|2022-04-17 23:25:33.032416+02|16385|test|33|1699935183|0|2711593|8540219237|1957726464|1940492160|249351755|239350187|654|0|1|200450048|0|||0|0|177511659.842|71422527.164|26382833.755|11028|0|0|0|2022-04-17 21:48:44.519486+02
1018|1650230734.059658|2022-04-17 23:25:34.059658+02|16385|test|33|1700021695|0|2712181|8541176986|1957901155|1940665388|249438263|239436695|654|0|1|200450048|0|||0|0|177543692.385|71438986.565|26392414.473|11030|0|0|0|2022-04-17 21:48:44.519486+02
1019|1650230735.086429|2022-04-17 23:25:35.086429+02|16385|test|33|1700107915|0|2712765|8542130834|1958075182|1940838032|249524479|239522911|654|0|1|200450048|0|||0|0|177575723.471|71455532.219|26401948|11032|0|0|0|2022-04-17 21:48:44.519486+02
1020|1650230736.112919|2022-04-17 23:25:36.112919+02|16385|test|33|1700194383|0|2713274|8543088272|1958249758|1941011172|249610943|239609375|654|0|1|200450048|0|||0|0|177607753.411|71472004.279|26411525.228|11034|0|0|0|2022-04-17 21:48:44.519486+02
1021|1650230737.139442|2022-04-17 23:25:37.139442+02|16385|test|33|1700318577|0|2714088|8544463060|1958500402|1941259764|249735133|239733565|654|0|1|200450048|0|||0|0|177653789.14|71495708.418|26425261.224|11036|0|0|0|2022-04-17 21:48:44.519486+02
1022|1650230738.165849|2022-04-17 23:25:38.165849+02|16385|test|33|1700405135|0|2714541|8545421712|1958675165|1941433084|249821687|239820119|654|0|1|200450048|0|||0|0|177687823.168|71514073.111|26434919.676|11038|0|0|0|2022-04-17 21:48:44.519486+02
1023|1650230739.193075|2022-04-17 23:25:39.193075+02|16385|test|33|1700491515|0|2715129|8546377950|1958849583|1941606048|249908063|239906495|654|0|1|200450048|0|||0|0|177719853.691|71530627.447|26444435.791|11040|0|0|0|2022-04-17 21:48:44.519486+02
1024|1650230740.219549|2022-04-17 23:25:40.219549+02|16385|test|33|1700577705|0|2715841|8547332868|1959023653|1941778632|249994249|239992681|654|0|1|200450048|0|||0|0|177751883.718|71547231.165|26453919.844|11042|0|0|0|2022-04-17 21:48:44.519486+02
1025|1650230741.246669|2022-04-17 23:25:41.246669+02|16385|test|33|1700664001|0|2716287|8548287935|1959197942|1941951428|250080541|240078973|654|0|1|200450048|0|||0|0|177783915.438|71563698.626|26463494.406|11044|0|0|0|2022-04-17 21:48:44.519486+02
1026|1650230742.273180|2022-04-17 23:25:42.27318+02|16385|test|33|1700750303|0|2716833|8549242910|1959372124|1942124236|250166839|240165271|654|0|1|200450048|0|||0|0|177815944.843|71580133.617|26473110.131|11046|0|0|0|2022-04-17 21:48:44.519486+02
1027|1650230743.299957|2022-04-17 23:25:43.299957+02|16385|test|33|1700836532|0|2717302|8550197457|1959546144|1942296898|250253064|240251496|654|0|1|200450048|0|||0|0|177847977.446|71596624.424|26482681.672|11048|0|0|0|2022-04-17 21:48:44.519486+02
1028|1650230744.326604|2022-04-17 23:25:44.326604+02|16385|test|33|1700922564|0|2717956|8551150511|1959719782|1942469166|250339092|240337524|654|0|1|200450048|0|||0|0|177880007.173|71613168.834|26492217.191|11050|0|0|0|2022-04-17 21:48:44.519486+02
1029|1650230745.352606|2022-04-17 23:25:45.352606+02|16385|test|33|1701008672|0|2718422|8552103105|1959893508|1942641586|250425196|240423628|654|0|1|200450048|0|||0|0|177912036|71629635.783|26501801.137|11052|0|0|0|2022-04-17 21:48:44.519486+02
1030|1650230746.379044|2022-04-17 23:25:46.379044+02|16385|test|33|1701094856|0|2719056|8553057636|1960067387|1942814158|250511376|240509808|654|0|1|200450048|0|||0|0|177944067.711|71646105.176|26511378.836|11054|0|0|0|2022-04-17 21:48:44.519486+02
1031|1650230747.406167|2022-04-17 23:25:47.406167+02|16385|test|33|1701181102|0|2719542|8554011953|1960241466|1942986854|250597618|240596050|654|0|1|200450048|0|||0|0|177976099.613|71662584.853|26520947.867|11056|0|0|0|2022-04-17 21:48:44.519486+02
1032|1650230748.433501|2022-04-17 23:25:48.433501+02|16385|test|33|1701267651|0|2720150|8554969934|1960416121|1943160156|250684163|240682595|654|0|1|200450048|0|||0|0|178008132.319|71679027.94|26530544.957|11058|0|0|0|2022-04-17 21:48:44.519486+02
1033|1650230749.460940|2022-04-17 23:25:49.46094+02|16385|test|33|1701354117|0|2720638|8555926752|1960590545|1943333292|250770625|240769057|654|0|1|200450048|0|||0|0|178040163.501|71695479.469|26540132.416|11060|0|0|0|2022-04-17 21:48:44.519486+02
1034|1650230750.487688|2022-04-17 23:25:50.487688+02|16385|test|33|1701440324|0|2721210|8556881332|1960764467|1943505910|250856828|240855260|654|0|1|200450048|0|||0|0|178072195.019|71711956.604|26549707.011|11062|0|0|0|2022-04-17 21:48:44.519486+02
1035|1650230751.515008|2022-04-17 23:25:51.515008+02|16385|test|33|1701526689|0|2721740|8557837229|1960938674|1943678844|250943189|240941621|654|0|1|200450048|0|||0|0|178104226.39|71728406.555|26559293.17|11064|0|0|0|2022-04-17 21:48:44.519486+02
1036|1650230752.542016|2022-04-17 23:25:52.542016+02|16385|test|34|1701613119|0|2722288|8558793556|1961112962|1943851896|251029616|241028048|654|0|1|200450048|0|||0|0|178136254.44|71744846.868|26568880.264|11065|0|0|0|2022-04-17 21:48:44.519486+02
1037|1650230753.558369|2022-04-17 23:25:53.558369+02|16385|test|34|1701698139|0|2722896|8559738822|1961285132|1944022152|251114631|241113063|654|0|1|200450048|0|||0|0|178168278.349|71761182.886|26578566.228|11068|0|0|0|2022-04-17 21:48:44.519486+02
1038|1650230754.584967|2022-04-17 23:25:54.584967+02|16385|test|34|1701783581|0|2723484|8560705079|1961460703|1944193240|251200069|241198501|654|0|1|200450048|0|||0|0|178200310.688|71777486.193|26588262.603|11070|0|0|0|2022-04-17 21:48:44.519486+02
1039|1650230755.610937|2022-04-17 23:25:55.610937+02|16385|test|34|1701868854|0|2723916|8561693974|1961639720|1944363990|251285338|241283770|654|0|1|200450048|0|||0|0|178232342.47|71793831.282|26597916.177|11072|0|0|0|2022-04-17 21:48:44.519486+02
1040|1650230756.637866|2022-04-17 23:25:56.637866+02|16385|test|33|1701963536|0|2724565|8563000918|1961844736|1944554413|251380021|241378448|663|0|1|200450048|0|||0|0|178267874.697|71811959.565|26608626.057|11074|0|0|0|2022-04-17 21:48:44.519486+02
1041|1650230757.663950|2022-04-17 23:25:57.66395+02|16385|test|33|1702081716|0|2725275|8564311594|1962083615|1944790977|251498197|241496624|663|0|1|200450048|0|||0|0|178311909.155|71834695.732|26621746.897|11076|0|0|0|2022-04-17 21:48:44.519486+02
1042|1650230758.689837|2022-04-17 23:25:58.689837+02|16385|test|33|1702168671|0|2725801|8565275027|1962259342|1944965091|251585148|241583575|663|0|1|200450048|0|||0|0|178344439.962|71851638.454|26631334.491|11078|0|0|0|2022-04-17 21:48:44.519486+02
1043|1650230759.716826|2022-04-17 23:25:59.716826+02|16385|test|33|1702254988|0|2726353|8566231830|1962433736|1945137929|251671461|241669888|663|0|1|200450048|0|||0|0|178376469.273|71868066.297|26640939.352|11080|0|0|0|2022-04-17 21:48:44.519486+02
1044|1650230760.743016|2022-04-17 23:26:00.743016+02|16385|test|33|1702341057|0|2727223|8567185369|1962607450|1945310271|251757526|241755953|663|0|1|200450048|0|||0|0|178408500.046|71884548.095|26650512.364|11082|0|0|0|2022-04-17 21:48:44.519486+02
1045|1650230761.769828|2022-04-17 23:26:01.769828+02|16385|test|33|1702427048|0|2727527|8568136493|1962780960|1945482457|251843513|241841940|663|0|1|200450048|0|||0|0|178440532.249|71901127.123|26660012.969|11084|0|0|0|2022-04-17 21:48:44.519486+02
1046|1650230762.796504|2022-04-17 23:26:02.796504+02|16385|test|33|1702513226|0|2728093|8569090223|1962954906|1945655017|251929687|241928114|663|0|1|200450048|0|||0|0|178472562.524|71917691.916|26669525.126|11086|0|0|0|2022-04-17 21:48:44.519486+02
1047|1650230763.822513|2022-04-17 23:26:03.822513+02|16385|test|33|1702599671|0|2728519|8570046629|1963129295|1945828111|252016128|242014555|663|0|1|200450048|0|||0|0|178504594.066|71934189.5|26679077.032|11088|0|0|0|2022-04-17 21:48:44.519486+02
1048|1650230764.848656|2022-04-17 23:26:04.848656+02|16385|test|33|1702685984|0|2729250|8571002250|1963303436|1946000941|252102437|242100864|663|0|1|200450048|0|||0|0|178536624.23|71950673.232|26688640.773|11090|0|0|0|2022-04-17 21:48:44.519486+02
1049|1650230765.875319|2022-04-17 23:26:05.875319+02|16385|test|33|1702772299|0|2729654|8571957137|1963477571|1946173775|252188748|242187175|663|0|1|200450048|0|||0|0|178568653.556|71967115.833|26698231.053|11092|0|0|0|2022-04-17 21:48:44.519486+02
1050|1650230766.901931|2022-04-17 23:26:06.901931+02|16385|test|33|1702858546|0|2730262|8572911696|1963651571|1946346473|252274991|242273418|663|0|1|200450048|0|||0|0|178600684.63|71983601.439|26707802.448|11094|0|0|0|2022-04-17 21:48:44.519486+02
1051|1650230767.928537|2022-04-17 23:26:07.928537+02|16385|test|33|1702944891|0|2730727|8573866690|1963825788|1946519367|252361332|242359759|663|0|1|200450048|0|||0|0|178632715.073|72000097.312|26717360.973|11096|0|0|0|2022-04-17 21:48:44.519486+02
1052|1650230768.955010|2022-04-17 23:26:08.95501+02|16385|test|33|1703031258|0|2731354|8574822559|1964000012|1946692305|252447695|242446122|663|0|1|200450048|0|||0|0|178664744.95|72016552.271|26726938.805|11098|0|0|0|2022-04-17 21:48:44.519486+02
1053|1650230769.981763|2022-04-17 23:26:09.981763+02|16385|test|33|1703112529|0|2731822|8575721853|1964163934|1946855051|252528962|242527389|663|0|1|200450048|0|||0|0|178696775.837|72033997.749|26735900.757|11100|0|0|0|2022-04-17 21:48:44.519486+02
1054|1650230771.008530|2022-04-17 23:26:11.00853+02|16385|test|33|1703198988|0|2732368|8576678502|1964338363|1947028173|252615417|242613844|663|0|1|200450048|0|||0|0|178728805.575|72050517.812|26745441.727|11102|0|0|0|2022-04-17 21:48:44.519486+02
1055|1650230772.035441|2022-04-17 23:26:12.035441+02|16385|test|33|1703285432|0|2733016|8577635269|1964512766|1947201265|252701857|242700284|663|0|1|200450048|0|||0|0|178760835.091|72067021.43|26754982.467|11104|0|0|0|2022-04-17 21:48:44.519486+02
1056|1650230773.062692|2022-04-17 23:26:13.062692+02|16385|test|33|1703371743|0|2733541|8578590131|1964686869|1947374091|252788164|242786591|663|0|1|200450048|0|||0|0|178792866.424|72083504.348|26764561.903|11106|0|0|0|2022-04-17 21:48:44.519486+02
1057|1650230774.090115|2022-04-17 23:26:14.090115+02|16385|test|33|1703458247|0|2734049|8579547289|1964861307|1947547303|252874664|242873091|663|0|1|200450048|0|||0|0|178824896.839|72099960.086|26774140.511|11108|0|0|0|2022-04-17 21:48:44.519486+02
1058|1650230775.117487|2022-04-17 23:26:15.117487+02|16385|test|33|1703544645|0|2734597|8580503273|1965035516|1947720303|252961058|242959485|663|0|1|200450048|0|||0|0|178856928.507|72116436.102|26783709.412|11110|0|0|0|2022-04-17 21:48:44.519486+02
1059|1650230776.144501|2022-04-17 23:26:16.144501+02|16385|test|33|1703638947|0|2735285|8581546713|1965225661|1947909111|253055356|243053783|663|0|1|200450048|0|||0|0|178891960.13|72134441.184|26794194.844|11112|0|0|0|2022-04-17 21:48:44.519486+02
1060|1650230777.171461|2022-04-17 23:26:17.171461+02|16385|test|33|1703759014|0|2736078|8582875031|1965467615|1948149449|253175419|243173846|663|0|1|200450048|0|||0|0|178936493.852|72157318.221|26807530.906|11114|0|0|0|2022-04-17 21:48:44.519486+02
1061|1650230778.198370|2022-04-17 23:26:18.19837+02|16385|test|33|1703846642|0|2736547|8583844325|1965644228|1948324909|253263043|243261470|663|0|1|200450048|0|||0|0|178969025.998|72174011.395|26817280.002|11116|0|0|0|2022-04-17 21:48:44.519486+02
1062|1650230779.225448|2022-04-17 23:26:19.225448+02|16385|test|33|1703932975|0|2737115|8584799583|1965818323|1948497779|253349372|243347799|663|0|1|200450048|0|||0|0|179001057.729|72190455.832|26826882.189|11118|0|0|0|2022-04-17 21:48:44.519486+02
1063|1650230780.252009|2022-04-17 23:26:20.252009+02|16385|test|33|1704019300|0|2737582|8585754496|1965992318|1948670633|253435693|243434120|663|0|1|200450048|0|||0|0|179033086.446|72206950.95|26836436.183|11120|0|0|0|2022-04-17 21:48:44.519486+02
1064|1650230781.278746|2022-04-17 23:26:21.278746+02|16385|test|33|1704105622|0|2738192|8586709954|1966166367|1948843481|253522011|243520438|663|0|1|200450048|0|||0|0|179065117.417|72223410.632|26846022.26|11122|0|0|0|2022-04-17 21:48:44.519486+02
1065|1650230782.305072|2022-04-17 23:26:22.305072+02|16385|test|33|1704191842|0|2738798|8587663542|1966340130|1949016125|253608227|243606654|663|0|1|200450048|0|||0|0|179097152.815|72239964.434|26855549.086|11124|0|0|0|2022-04-17 21:48:44.519486+02
1066|1650230783.331287|2022-04-17 23:26:23.331287+02|16385|test|33|1704278219|0|2739306|8588619299|1966514300|1949189083|253694600|243693027|663|0|1|200450048|0|||0|0|179129183.565|72256458.447|26865095.943|11126|0|0|0|2022-04-17 21:48:44.519486+02
1067|1650230784.358388|2022-04-17 23:26:24.358388+02|16385|test|33|1704364427|0|2739956|8589573405|1966688085|1949361703|253780804|243779231|663|0|1|200450048|0|||0|0|179161215.1|72272996.799|26874632.687|11128|0|0|0|2022-04-17 21:48:44.519486+02
1068|1650230785.385058|2022-04-17 23:26:25.385058+02|16385|test|33|1704450854|0|2740324|8590529293|1966862246|1949534761|253867227|243865654|663|0|1|200450048|0|||0|0|179193245.129|72289417.007|26884240.891|11130|0|0|0|2022-04-17 21:48:44.519486+02
1069|1650230786.411007|2022-04-17 23:26:26.411007+02|16385|test|33|1704537082|0|2740894|8591483366|1967035982|1949707421|253953451|243951878|663|0|1|200450048|0|||0|0|179225275.601|72305879.248|26893821.85|11132|0|0|0|2022-04-17 21:48:44.519486+02
1070|1650230787.438154|2022-04-17 23:26:27.438154+02|16385|test|33|1704623140|0|2741581|8592435505|1967209427|1949879741|254039505|244037932|663|0|1|200450048|0|||0|0|179257307.519|72322374.952|26903376.369|11134|0|0|0|2022-04-17 21:48:44.519486+02
1071|1650230788.465049|2022-04-17 23:26:28.465049+02|16385|test|33|1704709618|0|2741969|8593391947|1967383656|1950052901|254125979|244124406|663|0|1|200450048|0|||0|0|179289337.284|72338796.98|26912979.064|11136|0|0|0|2022-04-17 21:48:44.519486+02
1072|1650230789.491763|2022-04-17 23:26:29.491763+02|16385|test|33|1704795791|0|2742539|8594345271|1967557211|1950225451|254212148|244210575|663|0|1|200450048|0|||0|0|179321367.5|72355342.855|26922514.424|11138|0|0|0|2022-04-17 21:48:44.519486+02
1073|1650230790.518718|2022-04-17 23:26:30.518718+02|16385|test|33|1704881940|0|2743152|8595298748|1967730800|1950397953|254298293|244296720|663|0|1|200450048|0|||0|0|179353404.01|72371830.008|26932082.279|11140|0|0|0|2022-04-17 21:48:44.519486+02
1074|1650230791.545759|2022-04-17 23:26:31.545759+02|16385|test|33|1704968040|0|2743638|8596250743|1967904234|1950570357|254384389|244382816|663|0|1|200450048|0|||0|0|179385434.456|72388323.363|26941646.582|11142|0|0|0|2022-04-17 21:48:44.519486+02
1075|1650230792.572168|2022-04-17 23:26:32.572168+02|16385|test|33|1705054408|0|2744244|8597205836|1968078222|1950743297|254470753|244469180|663|0|1|200450048|0|||0|0|179417464.681|72404803.743|26951212.902|11144|0|0|0|2022-04-17 21:48:44.519486+02
1076|1650230793.598650|2022-04-17 23:26:33.59865+02|16385|test|33|1705140796|0|2744712|8598161309|1968252235|1950916277|254557137|244555564|663|0|1|200450048|0|||0|0|179449497.354|72421218.539|26960837.817|11146|0|0|0|2022-04-17 21:48:44.519486+02
1077|1650230794.625776|2022-04-17 23:26:34.625776+02|16385|test|33|1705227029|0|2745400|8599115161|1968425915|1951088947|254643366|244641793|663|0|1|200450048|0|||0|0|179481528.003|72437730.351|26970376.497|11148|0|0|0|2022-04-17 21:48:44.519486+02
1078|1650230795.652956|2022-04-17 23:26:35.652956+02|16385|test|33|1705322848|0|2745991|8600175435|1968618890|1951280789|254739181|244737608|663|0|1|200450048|0|||0|0|179517061.119|72456040.176|26980958.177|11150|0|0|0|2022-04-17 21:48:44.519486+02
1079|1650230796.679606|2022-04-17 23:26:36.679606+02|16385|test|33|1705441460|0|2746759|8601486752|1968857738|1951518217|254857789|244856216|663|0|1|200450048|0|||0|0|179561095.691|72478640.907|26994175.482|11152|0|0|0|2022-04-17 21:48:44.519486+02
1080|1650230797.707005|2022-04-17 23:26:37.707005+02|16385|test|33|1705528980|0|2747387|8602454805|1969034006|1951693461|254945305|244943732|663|0|1|200450048|0|||0|0|179593629.502|72495337.278|27003926.454|11154|0|0|0|2022-04-17 21:48:44.519486+02
1081|1650230798.733972|2022-04-17 23:26:38.733972+02|16385|test|33|1705615480|0|2747811|8603410745|1969208169|1951866665|255031801|245030228|663|0|1|200450048|0|||0|0|179625659.226|72511773.069|27013524.144|11156|0|0|0|2022-04-17 21:48:44.519486+02
1082|1650230799.760582|2022-04-17 23:26:39.760582+02|16385|test|33|1705696567|0|2748281|8604307809|1969371498|1952029043|255112884|245111311|663|0|1|200450048|0|||0|0|179657689.194|72529177.547|27022522.633|11158|0|0|0|2022-04-17 21:48:44.519486+02
1083|1650230800.787477|2022-04-17 23:26:40.787477+02|16385|test|33|1705783224|0|2748829|8605266171|1969545996|1952202561|255199537|245197964|663|0|1|200450048|0|||0|0|179689718.544|72545716.738|27032036.606|11160|0|0|0|2022-04-17 21:48:44.519486+02
1084|1650230801.813846|2022-04-17 23:26:41.813846+02|16385|test|33|1705869320|0|2749540|8606218772|1969719350|1952374957|255285629|245284056|663|0|1|200450048|0|||0|0|179721750.891|72562311.31|27041534.157|11162|0|0|0|2022-04-17 21:48:44.519486+02
1085|1650230802.841040|2022-04-17 23:26:42.84104+02|16385|test|33|1705955661|0|2749986|8607173558|1969893243|1952547843|255371966|245370393|663|0|1|200450048|0|||0|0|179753782.321|72578766.064|27051135.282|11164|0|0|0|2022-04-17 21:48:44.519486+02
1086|1650230803.867771|2022-04-17 23:26:43.867771+02|16385|test|33|1706041910|0|2750472|8608126955|1970066859|1952720545|255458211|245456638|663|0|1|200450048|0|||0|0|179785813.32|72595313.875|27060660.902|11166|0|0|0|2022-04-17 21:48:44.519486+02
1087|1650230804.893389|2022-04-17 23:26:44.893389+02|16385|test|33|1706127811|0|2751082|8609077192|1970239797|1952892551|255544108|245542535|663|0|1|200450048|0|||0|0|179817842.912|72611881.28|27070179.057|11168|0|0|0|2022-04-17 21:48:44.519486+02
1088|1650230805.920520|2022-04-17 23:26:45.92052+02|16385|test|33|1706214161|0|2751552|8610032245|1970413626|1953065455|255630454|245628881|663|0|1|200450048|0|||0|0|179849884.882|72628358.083|27079763.853|11170|0|0|0|2022-04-17 21:48:44.519486+02
1089|1650230806.947853|2022-04-17 23:26:46.947853+02|16385|test|33|1706300268|0|2752300|8610984433|1970586942|1953237873|255716557|245714984|663|0|1|200450048|0|||0|0|179881917.59|72644892.682|27089290.956|11172|0|0|0|2022-04-17 21:48:44.519486+02
1090|1650230807.974705|2022-04-17 23:26:47.974705+02|16385|test|33|1706386707|0|2752686|8611939811|1970760926|1953410955|255802992|245801419|663|0|1|200450048|0|||0|0|179913948.705|72661339.812|27098881.198|11174|0|0|0|2022-04-17 21:48:44.519486+02
1091|1650230809.001666|2022-04-17 23:26:49.001666+02|16385|test|33|1706472869|0|2753274|8612892546|1970934336|1953583483|255889150|245887577|663|0|1|200450048|0|||0|0|179945980.16|72677863.874|27108421.749|11176|0|0|0|2022-04-17 21:48:44.519486+02
1092|1650230810.029017|2022-04-17 23:26:50.029017+02|16385|test|33|1706559282|0|2753801|8613848165|1971108328|1953756513|255975559|245973986|663|0|1|200450048|0|||0|0|179978011.853|72694341.229|27118000.74|11178|0|0|0|2022-04-17 21:48:44.519486+02
1093|1650230811.055704|2022-04-17 23:26:51.055704+02|16385|test|33|1706645256|0|2754329|8614798819|1971281381|1953928665|256061529|246059956|663|0|1|200450048|0|||0|0|180010043.283|72710833.095|27127584.812|11180|0|0|0|2022-04-17 21:48:44.519486+02
1094|1650230812.082030|2022-04-17 23:26:52.08203+02|16385|test|33|1706731530|0|2754937|8615752841|1971454995|1954101417|256147799|246146226|663|0|1|200450048|0|||0|0|180042074.512|72727281.44|27137184.897|11182|0|0|0|2022-04-17 21:48:44.519486+02
1095|1650230813.108480|2022-04-17 23:26:53.10848+02|16385|test|34|1706817220|0|2755527|8616700581|1971627433|1954273001|256233485|246231912|663|0|1|200450048|0|||0|0|180074106.601|72743671.812|27146825.393|11184|0|0|0|2022-04-17 21:48:44.519486+02
1096|1650230814.135193|2022-04-17 23:26:54.135193+02|16385|test|34|1706902065|0|2756013|8617638729|1971798174|1954442895|256318326|246316753|663|0|1|200450048|0|||0|0|180106138.66|72759983.101|27156538.411|11186|0|0|0|2022-04-17 21:48:44.519486+02
1097|1650230815.162623|2022-04-17 23:26:55.162623+02|16385|test|34|1707006046|0|2756923|8618789449|1972007349|1954651061|256422303|246420730|663|0|1|200450048|0|||0|0|180145173.828|72779897.908|27168326.199|11188|0|0|0|2022-04-17 21:48:44.519486+02
1098|1650230816.189317|2022-04-17 23:26:56.189317+02|16385|test|34|1707112594|0|2757308|8619968487|1972221682|1954864361|256528847|246527274|663|0|1|200450048|0|||0|0|180185708.682|72800645.3|27180560.384|11190|0|0|0|2022-04-17 21:48:44.519486+02
1099|1650230817.215839|2022-04-17 23:26:57.215839+02|16385|test|34|1707198729|0|2757816|8620922734|1972394950|1955036835|256614978|246613405|663|0|1|200450048|0|||0|0|180218256.759|72817337.725|27190339.334|11192|0|0|0|2022-04-17 21:48:44.519486+02
1100|1650230818.242407|2022-04-17 23:26:58.242407+02|16385|test|34|1707283325|0|2758422|8621858368|1972564836|1955206231|256699570|246697997|663|0|1|200450048|0|||0|0|180250286.599|72833627.416|27200064.419|11194|0|0|0|2022-04-17 21:48:44.519486+02
1101|1650230819.268700|2022-04-17 23:26:59.2687+02|16385|test|34|1707368041|0|2759150|8622794637|1972734559|1955375867|256784282|246782709|663|0|1|200450048|0|||0|0|180282318.954|72849990.427|27209755.628|11196|0|0|0|2022-04-17 21:48:44.519486+02
1102|1650230820.295156|2022-04-17 23:27:00.295156+02|16385|test|34|1707453078|0|2759598|8623734593|1972904843|1955546145|256869315|246867742|663|0|1|200450048|0|||0|0|180314348.864|72866553.54|27219294.096|11198|0|0|0|2022-04-17 21:48:44.519486+02
1103|1650230821.322514|2022-04-17 23:27:01.322514+02|16385|test|34|1707538067|0|2760086|8624676364|1973075570|1955716647|256954300|246952727|663|0|1|200450048|0|||0|0|180346380.87|72882939.583|27228953.787|11200|0|0|0|2022-04-17 21:48:44.519486+02
1104|1650230822.349903|2022-04-17 23:27:02.349903+02|16385|test|34|1707623142|0|2760552|8625628863|1973247936|1955887001|257039371|247037798|663|0|1|200450048|0|||0|0|180378412.628|72899289.872|27238619.368|11202|0|0|0|2022-04-17 21:48:44.519486+02
1105|1650230823.376660|2022-04-17 23:27:03.37666+02|16385|test|34|1707708034|0|2761140|8626600416|1973423215|1956056989|257124259|247122686|663|0|1|200450048|0|||0|0|180410443.313|72915833.275|27248146.513|11204|0|0|0|2022-04-17 21:48:44.519486+02
1106|1650230824.402803|2022-04-17 23:27:04.402803+02|16385|test|33|1707793200|0|2761646|8628301732|1973602599|1956228388|257209425|247207847|672|0|1|200450048|0|||0|0|180442473.218|72932216.025|27257779.204|11206|0|0|0|2022-04-17 21:48:44.519486+02
1107|1650230825.429883|2022-04-17 23:27:05.429883+02|16385|test|33|1707879035|0|2762173|8629251316|1973774859|1956400262|257295256|247293678|672|0|1|200450048|0|||0|0|180474504.613|72948724.696|27267333.726|11208|0|0|0|2022-04-17 21:48:44.519486+02
1108|1650230826.456849|2022-04-17 23:27:06.456849+02|16385|test|33|1707964892|0|2762839|8630200296|1973947079|1956572180|257381109|247379531|672|0|1|200450048|0|||0|0|180506537.155|72965276.767|27276858.579|11210|0|0|0|2022-04-17 21:48:44.519486+02
1109|1650230827.483401|2022-04-17 23:27:07.483401+02|16385|test|33|1708050953|0|2763387|8631151211|1974119639|1956744506|257467166|247465588|672|0|1|200450048|0|||0|0|180538568.228|72981803.413|27286398.763|11212|0|0|0|2022-04-17 21:48:44.519486+02
1110|1650230828.510035|2022-04-17 23:27:08.510035+02|16385|test|33|1708137383|0|2763813|8632105563|1974292900|1956917570|257553592|247552014|672|0|1|200450048|0|||0|0|180570598.319|72998260.13|27295983.668|11214|0|0|0|2022-04-17 21:48:44.519486+02
1111|1650230829.536504|2022-04-17 23:27:09.536504+02|16385|test|33|1708223772|0|2764425|8633060139|1974466058|1957090552|257639977|247638399|672|0|1|200450048|0|||0|0|180602628.91|73014673.227|27305605.06|11216|0|0|0|2022-04-17 21:48:44.519486+02
1112|1650230830.563536|2022-04-17 23:27:10.563536+02|16385|test|33|1708310123|0|2764911|8634013359|1974639129|1957263458|257726324|247724746|672|0|1|200450048|0|||0|0|180634664.473|73031109.784|27315208.343|11218|0|0|0|2022-04-17 21:48:44.519486+02
1113|1650230831.590534|2022-04-17 23:27:11.590534+02|16385|test|33|1708393048|0|2765479|8634928982|1974805316|1957429512|257809245|247807667|672|0|1|200450048|0|||0|0|180666696.809|73048268.874|27324347.502|11220|0|0|0|2022-04-17 21:48:44.519486+02
1114|1650230832.616931|2022-04-17 23:27:12.616931+02|16385|test|33|1708479318|0|2766010|8635882014|1974978204|1957602256|257895511|247893933|672|0|1|200450048|0|||0|0|180698728.331|73064779.826|27333883.101|11222|0|0|0|2022-04-17 21:48:44.519486+02
1115|1650230833.642940|2022-04-17 23:27:13.64294+02|16385|test|33|1708565786|0|2766538|8636836567|1975151450|1957775396|257981975|247980397|672|0|1|200450048|0|||0|0|180730759.988|73081227.556|27343462.004|11224|0|0|0|2022-04-17 21:48:44.519486+02
1116|1650230834.669335|2022-04-17 23:27:14.669335+02|16385|test|33|1708666971|0|2767354|8637954271|1975354173|1957977970|258083156|248081578|672|0|1|200450048|0|||0|0|180768293.032|73100595.528|27354617.048|11226|0|0|0|2022-04-17 21:48:44.519486+02
1117|1650230835.695315|2022-04-17 23:27:15.695315+02|16385|test|33|1708779007|0|2767926|8639191276|1975578614|1958202246|258195188|248193610|672|0|1|200450048|0|||0|0|180809827.796|73121902.961|27367086.158|11228|0|0|0|2022-04-17 21:48:44.519486+02
1118|1650230836.721079|2022-04-17 23:27:16.721079+02|16385|test|33|1708868128|0|2768457|8640175332|1975757192|1958380692|258284305|248282727|672|0|1|200450048|0|||0|0|180842859.977|73138839.427|27376993.837|11230|0|0|0|2022-04-17 21:48:44.519486+02
1119|1650230837.748010|2022-04-17 23:27:17.74801+02|16385|test|33|1708954310|0|2769085|8641126748|1975929863|1958553260|258370483|248368905|672|0|1|200450048|0|||0|0|180874892.204|73155349.34|27386535.778|11232|0|0|0|2022-04-17 21:48:44.519486+02
1120|1650230838.774434|2022-04-17 23:27:18.774434+02|16385|test|33|1709040245|0|2769793|8642075652|1976102049|1958725334|258456414|248454836|672|0|1|200450048|0|||0|0|180906924.287|73171920.844|27396053.812|11234|0|0|0|2022-04-17 21:48:44.519486+02
1121|1650230839.801346|2022-04-17 23:27:19.801346+02|16385|test|33|1709126351|0|2770300|8643026168|1976274570|1958897750|258542516|248540938|672|0|1|200450048|0|||0|0|180938954.842|73188545.052|27405532.525|11236|0|0|0|2022-04-17 21:48:44.519486+02
1122|1650230840.828094|2022-04-17 23:27:20.828094+02|16385|test|33|1709212773|0|2770668|8643980111|1976447748|1959070798|258628934|248627356|672|0|1|200450048|0|||0|0|180970985.653|73204943.911|27415157.789|11238|0|0|0|2022-04-17 21:48:44.519486+02
1123|1650230841.855099|2022-04-17 23:27:21.855099+02|16385|test|33|1709298632|0|2771316|8644928045|1976619786|1959242720|258714789|248713211|672|0|1|200450048|0|||0|0|181003015.018|73221559.103|27424648.913|11240|0|0|0|2022-04-17 21:48:44.519486+02
1124|1650230842.882129|2022-04-17 23:27:22.882129+02|16385|test|33|1709384994|0|2771762|8645881061|1976792842|1959415648|258801147|248799569|672|0|1|200450048|0|||0|0|181035046.863|73237965.524|27434263.112|11242|0|0|0|2022-04-17 21:48:44.519486+02
1125|1650230843.908210|2022-04-17 23:27:23.90821+02|16385|test|33|1709471357|0|2772330|8646834472|1976965881|1959588578|258887506|248885928|672|0|1|200450048|0|||0|0|181067076.964|73254401.631|27443861.702|11244|0|0|0|2022-04-17 21:48:44.519486+02
1126|1650230844.934924|2022-04-17 23:27:24.934924+02|16385|test|33|1709557619|0|2772938|8647786840|1977138722|1959761306|258973764|248972186|672|0|1|200450048|0|||0|0|181099108.46|73270848.591|27453460.479|11246|0|0|0|2022-04-17 21:48:44.519486+02
1127|1650230845.961080|2022-04-17 23:27:25.96108+02|16385|test|33|1709643580|0|2773524|8648735569|1977310941|1959933432|259059721|249058143|672|0|1|200450048|0|||0|0|181131146.343|73287430.968|27462969.068|11248|0|0|0|2022-04-17 21:48:44.519486+02
1128|1650230846.987748|2022-04-17 23:27:26.987748+02|16385|test|33|1709729340|0|2774093|8649682371|1977482782|1960105156|259145477|249143899|672|0|1|200450048|0|||0|0|181163177.252|73304097.719|27472422.579|11250|0|0|0|2022-04-17 21:48:44.519486+02
1129|1650230848.013751|2022-04-17 23:27:28.013751+02|16385|test|33|1709815686|0|2774583|8650635939|1977655777|1960278052|259231819|249230241|672|0|1|200450048|0|||0|0|181195208.166|73320563.452|27482004.419|11252|0|0|0|2022-04-17 21:48:44.519486+02
1130|1650230849.040760|2022-04-17 23:27:29.04076+02|16385|test|33|1709901800|0|2775331|8651586781|1977828320|1960450484|259317929|249316351|672|0|1|200450048|0|||0|0|181227241.035|73337099.848|27491529.6|11254|0|0|0|2022-04-17 21:48:44.519486+02
1131|1650230850.067986|2022-04-17 23:27:30.067986+02|16385|test|33|1709988197|0|2775759|8652540406|1978001429|1960623482|259404322|249402744|672|0|1|200450048|0|||0|0|181259272.383|73353534.486|27501131.648|11256|0|0|0|2022-04-17 21:48:44.519486+02
1132|1650230851.094118|2022-04-17 23:27:31.094118+02|16385|test|33|1710074466|0|2776146|8653492330|1978174278|1960796224|259490587|249489009|672|0|1|200450048|0|||0|0|181291303.045|73370014.564|27510712.087|11258|0|0|0|2022-04-17 21:48:44.519486+02
1133|1650230852.120903|2022-04-17 23:27:32.120903+02|16385|test|33|1710160442|0|2776773|8654441440|1978346519|1960968380|259576559|249574981|672|0|1|200450048|0|||0|0|181323333.315|73386542.268|27520247.497|11260|0|0|0|2022-04-17 21:48:44.519486+02
1134|1650230853.147805|2022-04-17 23:27:33.147805+02|16385|test|33|1710246754|0|2777385|8655394702|1978519428|1961141208|259662867|249661289|672|0|1|200450048|0|||0|0|181355363.143|73403005.574|27529818.149|11262|0|0|0|2022-04-17 21:48:44.519486+02
1135|1650230854.174781|2022-04-17 23:27:34.174781+02|16385|test|33|1710341277|0|2777874|8656438052|1978708801|1961330458|259757386|249755808|672|0|1|200450048|0|||0|0|181390396.025|73421042.074|27540264.959|11264|0|0|0|2022-04-17 21:48:44.519486+02
1136|1650230855.201473|2022-04-17 23:27:35.201473+02|16385|test|33|1710459814|0|2778630|8657747055|1978946217|1961567736|259875919|249874341|672|0|1|200450048|0|||0|0|181434433.109|73443686.452|27553439.8|11266|0|0|0|2022-04-17 21:48:44.519486+02
1137|1650230856.228925|2022-04-17 23:27:36.228925+02|16385|test|33|1710543086|0|2779140|8658666627|1979113073|1961734484|259959187|249957609|672|0|1|200450048|0|||0|0|181467464.473|73461667.154|27562697.866|11268|0|0|0|2022-04-17 21:48:44.519486+02
1138|1650230857.255937|2022-04-17 23:27:37.255937+02|16385|test|33|1710629389|0|2779806|8659619211|1979285978|1961907294|260045486|250043908|672|0|1|200450048|0|||0|0|181499495.11|73478228.444|27572211.174|11270|0|0|0|2022-04-17 21:48:44.519486+02
1139|1650230858.283124|2022-04-17 23:27:38.283124+02|16385|test|33|1710715629|0|2780312|8660570876|1979458751|1962079978|260131722|250130144|672|0|1|200450048|0|||0|0|181531524.322|73494701.207|27581784.666|11272|0|0|0|2022-04-17 21:48:44.519486+02
1140|1650230859.309835|2022-04-17 23:27:39.309835+02|16385|test|33|1710801945|0|2780798|8661523380|1979631687|1962252814|260218034|250216456|672|0|1|200450048|0|||0|0|181563556.213|73511139.203|27591383.195|11274|0|0|0|2022-04-17 21:48:44.519486+02
1141|1650230860.336523|2022-04-17 23:27:40.336523+02|16385|test|33|1710887957|0|2781372|8662473439|1979804029|1962425042|260304042|250302464|672|0|1|200450048|0|||0|0|181595589.142|73527633.963|27600947.136|11276|0|0|0|2022-04-17 21:48:44.519486+02
1142|1650230861.363741|2022-04-17 23:27:41.363741+02|16385|test|33|1710974291|0|2782022|8663426860|1979977026|1962597914|260390372|250388794|672|0|1|200450048|0|||0|0|181627619.617|73544101.483|27610519.209|11278|0|0|0|2022-04-17 21:48:44.519486+02
1143|1650230862.390504|2022-04-17 23:27:42.390504+02|16385|test|33|1711060734|0|2782573|8664381575|1980150215|1962771004|260476811|250475233|672|0|1|200450048|0|||0|0|181659649.624|73560576.548|27620092.109|11280|0|0|0|2022-04-17 21:48:44.519486+02
1144|1650230863.417154|2022-04-17 23:27:43.417154+02|16385|test|33|1711147130|0|2783040|8665334969|1980323317|1962944000|260563203|250561625|672|0|1|200450048|0|||0|0|181691678.939|73577039.483|27629674.476|11282|0|0|0|2022-04-17 21:48:44.519486+02
1145|1650230864.443344|2022-04-17 23:27:44.443344+02|16385|test|33|1711233483|0|2783590|8666288438|1980496315|1963116910|260649552|250647974|672|0|1|200450048|0|||0|0|181723709.452|73593500.689|27639259.239|11284|0|0|0|2022-04-17 21:48:44.519486+02
1146|1650230865.470044|2022-04-17 23:27:45.470044+02|16385|test|33|1711319627|0|2784100|8667239615|1980668894|1963289402|260735692|250734114|672|0|1|200450048|0|||0|0|181755740.257|73609961.498|27648849.06|11286|0|0|0|2022-04-17 21:48:44.519486+02
1147|1650230866.496858|2022-04-17 23:27:46.496858+02|16385|test|33|1711405946|0|2784750|8668192816|1980841816|1963462244|260822007|250820429|672|0|1|200450048|0|||0|0|181787771.53|73626428.007|27658420.334|11288|0|0|0|2022-04-17 21:48:44.519486+02
1148|1650230867.523348|2022-04-17 23:27:47.523348+02|16385|test|33|1711492137|0|2785214|8669143610|1981014495|1963634830|260908194|250906616|672|0|1|200450048|0|||0|0|181819802.826|73642920.176|27667976.683|11290|0|0|0|2022-04-17 21:48:44.519486+02
1149|1650230868.549997|2022-04-17 23:27:48.549997+02|16385|test|33|1711578458|0|2785762|8670096454|1981187409|1963807676|260994511|250992933|672|0|1|200450048|0|||0|0|181851834.623|73659380.177|27677568.523|11292|0|0|0|2022-04-17 21:48:44.519486+02
1150|1650230869.576672|2022-04-17 23:27:49.576672+02|16385|test|33|1711664753|0|2786270|8671049082|1981360272|1963980470|261080802|251079224|672|0|1|200450048|0|||0|0|181883866.331|73675808.556|27687175.375|11294|0|0|0|2022-04-17 21:48:44.519486+02
1151|1650230870.603288|2022-04-17 23:27:50.603288+02|16385|test|33|1711750924|0|2787201|8672001100|1981532921|1964153016|261166969|251165391|672|0|1|200450048|0|||0|0|181915898.689|73692333.986|27696717.176|11296|0|0|0|2022-04-17 21:48:44.519486+02
1152|1650230871.629600|2022-04-17 23:27:51.6296+02|16385|test|33|1711837150|0|2787403|8672951755|1981705674|1964325672|261253191|251251613|672|0|1|200450048|0|||0|0|181947929.132|73708798.782|27706301.41|11298|0|0|0|2022-04-17 21:48:44.519486+02
1153|1650230872.656535|2022-04-17 23:27:52.656535+02|16385|test|34|1711923338|0|2788011|8673903260|1981878328|1964498240|261339376|251337798|672|0|1|200450048|0|||0|0|181979957.448|73725284.406|27715862.422|11299|0|0|0|2022-04-17 21:48:44.519486+02
1154|1650230873.672871|2022-04-17 23:27:53.672871+02|16385|test|34|1712008416|0|2788500|8674846216|1982049396|1964668612|261424449|251422871|672|0|1|200450048|0|||0|0|182011981.683|73741580.128|27725589.554|11302|0|0|0|2022-04-17 21:48:44.519486+02
1155|1650230874.699850|2022-04-17 23:27:54.69985+02|16385|test|34|1712131447|0|2789294|8676237415|1982300874|1964914878|261547476|251545898|672|0|1|200450048|0|||0|0|182058018.34|73765037.035|27739494.674|11304|0|0|0|2022-04-17 21:48:44.519486+02
1156|1650230875.727327|2022-04-17 23:27:55.727327+02|16385|test|34|1712222403|0|2789966|8677302767|1982492518|1965096994|261638428|251636850|672|0|1|200450048|0|||0|0|182092050.615|73782296.869|27749834.734|11306|0|0|0|2022-04-17 21:48:44.519486+02
1157|1650230876.754100|2022-04-17 23:27:56.7541+02|16385|test|33|1712307973|0|2790655|8678478929|1982673635|1965269193|261723999|251722416|681|0|1|200450048|0|||0|0|182124081.316|73798693.144|27759461.597|11308|0|0|0|2022-04-17 21:48:44.519486+02
1158|1650230877.780789|2022-04-17 23:27:57.780789+02|16385|test|33|1712394212|0|2791019|8679432663|1982846913|1965441875|261810234|251808651|681|0|1|200450048|0|||0|0|182156112.998|73815185.754|27769015.431|11310|0|0|0|2022-04-17 21:48:44.519486+02
1159|1650230878.807166|2022-04-17 23:27:58.807166+02|16385|test|33|1712480189|0|2791503|8680382861|1983019560|1965614033|261896207|251894624|681|0|1|200450048|0|||0|0|182188143.042|73831765.178|27778521.317|11312|0|0|0|2022-04-17 21:48:44.519486+02
1160|1650230879.833220|2022-04-17 23:27:59.83322+02|16385|test|33|1712566297|0|2792111|8681334643|1983192362|1965786453|261982311|251980728|681|0|1|200450048|0|||0|0|182220172.013|73848265.642|27788074.583|11314|0|0|0|2022-04-17 21:48:44.519486+02
1161|1650230880.860106|2022-04-17 23:28:00.860106+02|16385|test|33|1712652248|0|2792595|8682283768|1983364817|1965958559|262068258|252066675|681|0|1|200450048|0|||0|0|182252203.253|73864769.161|27797637.905|11316|0|0|0|2022-04-17 21:48:44.519486+02
1162|1650230881.886256|2022-04-17 23:28:01.886256+02|16385|test|33|1712738329|0|2793263|8683234903|1983537510|1966130925|262154335|252152752|681|0|1|200450048|0|||0|0|182284234.187|73881283.544|27807179.082|11318|0|0|0|2022-04-17 21:48:44.519486+02
1163|1650230882.912739|2022-04-17 23:28:02.912739+02|16385|test|33|1712824500|0|2793771|8684186729|1983710376|1966303471|262240502|252238919|681|0|1|200450048|0|||0|0|182316264.593|73897796.525|27816723.188|11320|0|0|0|2022-04-17 21:48:44.519486+02
1164|1650230883.939683|2022-04-17 23:28:03.939683+02|16385|test|33|1712910784|0|2794340|8685139655|1983883424|1966476243|262326782|252325199|681|0|1|200450048|0|||0|0|182348294.851|73914255.459|27826302.585|11322|0|0|0|2022-04-17 21:48:44.519486+02
1165|1650230884.965787|2022-04-17 23:28:04.965787+02|16385|test|33|1712997069|0|2794809|8686092816|1984056480|1966649017|262413063|252411480|681|0|1|200450048|0|||0|0|182380326.246|73930705.785|27835902.234|11324|0|0|0|2022-04-17 21:48:44.519486+02
1166|1650230885.992280|2022-04-17 23:28:05.99228+02|16385|test|33|1713083371|0|2795315|8687045540|1984229551|1966821825|262499361|252497778|681|0|1|200450048|0|||0|0|182412356.452|73947178.666|27845472.621|11326|0|0|0|2022-04-17 21:48:44.519486+02
1167|1650230887.018491|2022-04-17 23:28:07.018491+02|16385|test|33|1713164404|0|2795905|8687940796|1984392084|1966984095|262580390|252578807|681|0|1|200450048|0|||0|0|182444384.689|73964617.898|27854448.681|11328|0|0|0|2022-04-17 21:48:44.519486+02
1168|1650230888.045656|2022-04-17 23:28:08.045656+02|16385|test|33|1713251004|0|2796475|8688897465|1984565778|1967157499|262666986|252665403|681|0|1|200450048|0|||0|0|182476416.004|73981120.557|27863986.593|11330|0|0|0|2022-04-17 21:48:44.519486+02
1169|1650230889.072287|2022-04-17 23:28:09.072287+02|16385|test|33|1713337449|0|2796923|8689852054|1984739129|1967330593|262753427|252751844|681|0|1|200450048|0|||0|0|182508448.347|73997688.922|27873480.2|11332|0|0|0|2022-04-17 21:48:44.519486+02
1170|1650230890.098957|2022-04-17 23:28:10.098957+02|16385|test|33|1713423837|0|2797555|8690806492|1984912358|1967503573|262839811|252838228|681|0|1|200450048|0|||0|0|182540480.585|74014167.556|27883043.421|11334|0|0|0|2022-04-17 21:48:44.519486+02
1171|1650230891.125906|2022-04-17 23:28:11.125906+02|16385|test|33|1713510117|0|2798063|8691759189|1985085389|1967676337|262926087|252924504|681|0|1|200450048|0|||0|0|182572510.267|74030623.195|27892621.716|11336|0|0|0|2022-04-17 21:48:44.519486+02
1172|1650230892.152124|2022-04-17 23:28:12.152124+02|16385|test|33|1713596458|0|2798612|8692712882|1985258518|1967849223|263012424|253010841|681|0|1|200450048|0|||0|0|182604540.387|74047081.569|27902213.971|11338|0|0|0|2022-04-17 21:48:44.519486+02
1173|1650230893.178884|2022-04-17 23:28:13.178884+02|16385|test|33|1713682795|0|2799402|8693666745|1985431645|1968022101|263098757|253097174|681|0|1|200450048|0|||0|0|182636570.42|74063566.536|27911776.837|11340|0|0|0|2022-04-17 21:48:44.519486+02
1174|1650230894.205246|2022-04-17 23:28:14.205246+02|16385|test|33|1713805470|0|2799953|8695020803|1985677509|1968267655|263221428|253219845|681|0|1|200450048|0|||0|0|182682106.714|74087043.897|27925354.791|11342|0|0|0|2022-04-17 21:48:44.519486+02
1175|1650230895.231094|2022-04-17 23:28:15.231094+02|16385|test|33|1713898297|0|2800548|8696046529|1985863626|1968453513|263314251|253312668|681|0|1|200450048|0|||0|0|182716638.788|74104838.68|27935655.631|11344|0|0|0|2022-04-17 21:48:44.519486+02
1176|1650230896.259412|2022-04-17 23:28:16.259412+02|16385|test|33|1713984539|0|2801157|8696998954|1986036572|1968626201|263400489|253398906|681|0|1|200450048|0|||0|0|182748671.954|74121311.337|27945236.431|11346|0|0|0|2022-04-17 21:48:44.519486+02
1177|1650230897.285580|2022-04-17 23:28:17.28558+02|16385|test|33|1714070874|0|2801609|8697952414|1986209682|1968799075|263486820|253485237|681|0|1|200450048|0|||0|0|182780701.47|74137805.1|27954797.674|11348|0|0|0|2022-04-17 21:48:44.519486+02
1178|1650230898.312024|2022-04-17 23:28:18.312024+02|16385|test|33|1714157166|0|2802442|8698906025|1986382713|1968971863|263573108|253571525|681|0|1|200450048|0|||0|0|182812737.431|74154276.068|27964386.631|11350|0|0|0|2022-04-17 21:48:44.519486+02
1179|1650230899.338876|2022-04-17 23:28:19.338876+02|16385|test|33|1714243688|0|2802748|8699861051|1986556212|1969145111|263659626|253658043|681|0|1|200450048|0|||0|0|182844767.349|74170710.357|27973985.468|11352|0|0|0|2022-04-17 21:48:44.519486+02
1180|1650230900.365317|2022-04-17 23:28:20.365317+02|16385|test|33|1714330078|0|2803402|8700815764|1986729431|1969318095|263746012|253744429|681|0|1|200450048|0|||0|0|182876798.191|74187180.489|27983565.736|11354|0|0|0|2022-04-17 21:48:44.519486+02
1181|1650230901.391943|2022-04-17 23:28:21.391943+02|16385|test|33|1714416420|0|2803873|8701769254|1986902534|1969490983|263832350|253830767|681|0|1|200450048|0|||0|0|182908829.358|74203655.652|27993139.741|11356|0|0|0|2022-04-17 21:48:44.519486+02
1182|1650230902.418268|2022-04-17 23:28:22.418268+02|16385|test|33|1714502646|0|2804461|8702721342|1987075395|1969663639|263918572|253916989|681|0|1|200450048|0|||0|0|182940859.831|74220114.505|28002727.507|11358|0|0|0|2022-04-17 21:48:44.519486+02
1183|1650230903.445212|2022-04-17 23:28:23.445212+02|16385|test|33|1714588943|0|2804989|8703674202|1987248420|1969836437|264004865|254003282|681|0|1|200450048|0|||0|0|182972890.669|74236644.556|28012266.363|11360|0|0|0|2022-04-17 21:48:44.519486+02
1184|1650230904.471811|2022-04-17 23:28:24.471811+02|16385|test|33|1714674840|0|2805537|8704622624|1987420626|1970008435|264090758|254089175|681|0|1|200450048|0|||0|0|183004921.506|74253183.91|28021790.73|11362|0|0|0|2022-04-17 21:48:44.519486+02
1185|1650230905.498955|2022-04-17 23:28:25.498955+02|16385|test|33|1714760853|0|2806063|8705572105|1987593069|1970180665|264176767|254175184|681|0|1|200450048|0|||0|0|183036954.27|74269703.165|28031338.533|11364|0|0|0|2022-04-17 21:48:44.519486+02
1186|1650230906.525890|2022-04-17 23:28:26.52589+02|16385|test|33|1714847002|0|2806608|8706523146|1987765812|1970353167|264262912|254261329|681|0|1|200450048|0|||0|0|183068985.944|74286210.349|28040900.021|11366|0|0|0|2022-04-17 21:48:44.519486+02
1187|1650230907.552156|2022-04-17 23:28:27.552156+02|16385|test|33|1714933257|0|2807158|8707475834|1987938739|1970525881|264349163|254347580|681|0|1|200450048|0|||0|0|183101016.434|74302679.446|28050482.862|11368|0|0|0|2022-04-17 21:48:44.519486+02
1188|1650230908.578940|2022-04-17 23:28:28.57894+02|16385|test|33|1715018149|0|2807748|8708413589|1988108953|1970695869|264434051|254432468|681|0|1|200450048|0|||0|0|183133048.065|74319561.342|28059795.735|11370|0|0|0|2022-04-17 21:48:44.519486+02
1189|1650230909.606286|2022-04-17 23:28:29.606286+02|16385|test|33|1715104399|0|2808356|8709365996|1988281856|1970868573|264520297|254518714|681|0|1|200450048|0|||0|0|183165081.121|74336043.562|28069369.166|11372|0|0|0|2022-04-17 21:48:44.519486+02
1190|1650230910.634093|2022-04-17 23:28:30.634093+02|16385|test|33|1715190658|0|2808842|8710318070|1988454786|1971041295|264606552|254604969|681|0|1|200450048|0|||0|0|183197111.819|74352456.576|28078990.602|11374|0|0|0|2022-04-17 21:48:44.519486+02
1191|1650230911.660992|2022-04-17 23:28:31.660992+02|16385|test|33|1715276989|0|2809292|8711271454|1988627887|1971214161|264692879|254691296|681|0|1|200450048|0|||0|0|183229144.892|74368897.465|28088594.139|11376|0|0|0|2022-04-17 21:48:44.519486+02
1192|1650230912.687793|2022-04-17 23:28:32.687793+02|16385|test|33|1715363342|0|2809862|8712225179|1988801015|1971387071|264779228|254777645|681|0|1|200450048|0|||0|0|183261176.388|74385387.466|28098153.058|11378|0|0|0|2022-04-17 21:48:44.519486+02
1193|1650230913.714215|2022-04-17 23:28:33.714215+02|16385|test|33|1715487595|0|2810795|8713597388|1989050041|1971635781|264903477|254901894|681|0|1|200450048|0|||0|0|183307212.992|74409040.065|28111926.823|11380|0|0|0|2022-04-17 21:48:44.519486+02
1194|1650230914.739967|2022-04-17 23:28:34.739967+02|16385|test|33|1715579329|0|2811263|8714610033|1989233925|1971819453|264995207|254993624|681|0|1|200450048|0|||0|0|183341242.415|74426484.102|28122155.478|11382|0|0|0|2022-04-17 21:48:44.519486+02
1195|1650230915.767062|2022-04-17 23:28:35.767062+02|16385|test|33|1715665328|0|2811813|8715559751|1989406327|1971991655|265081202|255079619|681|0|1|200450048|0|||0|0|183373274.976|74443054.526|28131672.372|11384|0|0|0|2022-04-17 21:48:44.519486+02
1196|1650230916.793750|2022-04-17 23:28:36.79375+02|16385|test|33|1715751508|0|2812421|8716511300|1989579084|1972164219|265167378|255165795|681|0|1|200450048|0|||0|0|183405304.778|74459573.168|28141220.628|11386|0|0|0|2022-04-17 21:48:44.519486+02
1197|1650230917.820356|2022-04-17 23:28:37.820356+02|16385|test|33|1715832992|0|2812827|8717410732|1989742436|1972327391|265248858|255247275|681|0|1|200450048|0|||0|0|183437338.426|74476944.224|28150236.293|11388|0|0|0|2022-04-17 21:48:44.519486+02
1198|1650230918.847060|2022-04-17 23:28:38.84706+02|16385|test|33|1715919506|0|2813521|8718366857|1989915877|1972500623|265335368|255333785|681|0|1|200450048|0|||0|0|183469369.55|74493457.133|28159780.083|11390|0|0|0|2022-04-17 21:48:44.519486+02
1199|1650230919.872818|2022-04-17 23:28:39.872818+02|16385|test|33|1716005900|0|2813947|8719320395|1990089062|1972673615|265421758|255420175|681|0|1|200450048|0|||0|0|183501401.652|74509954.402|28169333.471|11392|0|0|0|2022-04-17 21:48:44.519486+02
1200|1650230920.899607|2022-04-17 23:28:40.899607+02|16385|test|33|1716092091|0|2814556|8720272115|1990261843|1972846201|265507945|255506362|681|0|1|200450048|0|||0|0|183533432.235|74526472.326|28178883.682|11394|0|0|0|2022-04-17 21:48:44.519486+02
1201|1650230921.926407|2022-04-17 23:28:41.926407+02|16385|test|33|1716178498|0|2815105|8721226384|1990435060|1973019219|265594348|255592765|681|0|1|200450048|0|||0|0|183565463.725|74542927.944|28188465.735|11396|0|0|0|2022-04-17 21:48:44.519486+02
1202|1650230922.953343|2022-04-17 23:28:42.953343+02|16385|test|33|1716264741|0|2815640|8722179342|1990607943|1973191909|265680587|255679004|681|0|1|200450048|0|||0|0|183597495.901|74559407.972|28198036.404|11398|0|0|0|2022-04-17 21:48:44.519486+02
1203|1650230923.979002|2022-04-17 23:28:43.979002+02|16385|test|33|1716351006|0|2816209|8723131816|1990780875|1973364643|265766848|255765265|681|0|1|200450048|0|||0|0|183629525.215|74575896.699|28207614.523|11400|0|0|0|2022-04-17 21:48:44.519486+02
1204|1650230925.005607|2022-04-17 23:28:45.005607+02|16385|test|33|1716437324|0|2816717|8724084813|1990953899|1973537483|265853162|255851579|681|0|1|200450048|0|||0|0|183661557.275|74592363.178|28217190.877|11402|0|0|0|2022-04-17 21:48:44.519486+02
1205|1650230926.031754|2022-04-17 23:28:46.031754+02|16385|test|33|1716523461|0|2817225|8725035801|1991126544|1973709961|265939295|255937712|681|0|1|200450048|0|||0|0|183693588.24|74608862.044|28226760.974|11404|0|0|0|2022-04-17 21:48:44.519486+02
1206|1650230927.058373|2022-04-17 23:28:47.058373+02|16385|test|33|1716609304|0|2817813|8725983565|1991298622|1973881851|266025134|256023551|681|0|1|200450048|0|||0|0|183725619.982|74625473.489|28236264.18|11406|0|0|0|2022-04-17 21:48:44.519486+02
1207|1650230928.084778|2022-04-17 23:28:48.084778+02|16385|test|33|1716694885|0|2818521|8726928701|1991470185|1974053217|266110711|256109128|681|0|1|200450048|0|||0|0|183757650.008|74642135.541|28245714.262|11408|0|0|0|2022-04-17 21:48:44.519486+02
1208|1650230929.111011|2022-04-17 23:28:49.111011+02|16385|test|33|1716781424|0|2818928|8727883909|1991643673|1974226499|266197246|256195663|681|0|1|200450048|0|||0|0|183789679.535|74658563.47|28255330.309|11410|0|0|0|2022-04-17 21:48:44.519486+02
1209|1650230930.138063|2022-04-17 23:28:50.138063+02|16385|test|33|1716867662|0|2819434|8728835685|1991816518|1974399179|266283480|256281897|681|0|1|200450048|0|||0|0|183821710.973|74675063.576|28264890.962|11412|0|0|0|2022-04-17 21:48:44.519486+02
1210|1650230931.164985|2022-04-17 23:28:51.164985+02|16385|test|33|1716953848|0|2820142|8729787465|1991989292|1974571755|266369662|256368079|681|0|1|200450048|0|||0|0|183853741.208|74691604.946|28274425.457|11414|0|0|0|2022-04-17 21:48:44.519486+02
1211|1650230932.191737|2022-04-17 23:28:52.191737+02|16385|test|33|1717040372|0|2820608|8730742410|1992162729|1974745007|266456182|256454599|681|0|1|200450048|0|||0|0|183885772.872|74708030.046|28284036.012|11416|0|0|0|2022-04-17 21:48:44.519486+02
1212|1650230933.217828|2022-04-17 23:28:53.217828+02|16385|test|34|1717159758|0|2821478|8732063154|1992402396|1974983983|266575564|256573981|681|0|1|200450048|0|||0|0|183930815.808|74731357.159|28297413.429|11418|0|0|0|2022-04-17 21:48:44.519486+02
1213|1650230934.244475|2022-04-17 23:28:54.244475+02|16385|test|34|1717250929|0|2821887|8733087684|1992587964|1975166529|266666731|256665148|681|0|1|200450048|0|||0|0|183965347.842|74749188.307|28307711.802|11420|0|0|0|2022-04-17 21:48:44.519486+02
1214|1650230935.270984|2022-04-17 23:28:55.270984+02|16385|test|34|1717337731|0|2822497|8734088067|1992768449|1975340337|266753529|256751946|681|0|1|200450048|0|||0|0|183997878.539|74765768.25|28317534.18|11422|0|0|0|2022-04-17 21:48:44.519486+02
1215|1650230936.296811|2022-04-17 23:28:56.296811+02|16385|test|33|1717380498|0|2822744|8734593712|1992859350|1975426063|266796293|256794710|681|0|1|200450048|0|||0|0|184013900.139|74773918.61|28322383.09|11423|0|0|0|2022-04-17 21:48:44.519486+02
1216|1650230937.313377|2022-04-17 23:28:57.313377+02|16385|test|33|1717508974|0|2823501|8736238706|1993125782|1975684085|266924767|256923179|690|0|1|200450048|0|||0|0|184061932.692|74798553.619|28336791.924|11426|0|0|0|2022-04-17 21:48:44.519486+02
1217|1650230938.340006|2022-04-17 23:28:58.340006+02|16385|test|33|1717594652|0|2824173|8737186966|1993297908|1975855645|267010441|257008853|690|0|1|200450048|0|||0|0|184093963.804|74815160.939|28346293.403|11428|0|0|0|2022-04-17 21:48:44.519486+02
1218|1650230939.366839|2022-04-17 23:28:59.366839+02|16385|test|33|1717681019|0|2824657|8738141294|1993471349|1976028583|267096804|257095216|690|0|1|200450048|0|||0|0|184125995.34|74831645.977|28355851.888|11430|0|0|0|2022-04-17 21:48:44.519486+02
1219|1650230940.393039|2022-04-17 23:29:00.393039+02|16385|test|33|1717766986|0|2825321|8739090963|1993643909|1976200721|267182767|257181179|690|0|1|200450048|0|||0|0|184158026.641|74848188.713|28365386.133|11432|0|0|0|2022-04-17 21:48:44.519486+02
1220|1650230941.419938|2022-04-17 23:29:01.419938+02|16385|test|33|1717853351|0|2825749|8740045185|1993817291|1976373655|267269128|257267540|690|0|1|200450048|0|||0|0|184190056.042|74864646.402|28374969.929|11434|0|0|0|2022-04-17 21:48:44.519486+02
1221|1650230942.446832|2022-04-17 23:29:02.446832+02|16385|test|33|1717939439|0|2826281|8740996390|1993990039|1976546035|267355212|257353624|690|0|1|200450048|0|||0|0|184222087.157|74881140.351|28384530.746|11436|0|0|0|2022-04-17 21:48:44.519486+02
1222|1650230943.473871|2022-04-17 23:29:03.473871+02|16385|test|33|1718025729|0|2826809|8741949595|1994163196|1976718819|267441498|257439910|690|0|1|200450048|0|||0|0|184254118.667|74897626.837|28394108.431|11438|0|0|0|2022-04-17 21:48:44.519486+02
1223|1650230944.500597|2022-04-17 23:29:04.500597+02|16385|test|33|1718112006|0|2827518|8742903057|1994336317|1976891577|267527771|257526183|690|0|1|200450048|0|||0|0|184286151.954|74914131.017|28403662.623|11440|0|0|0|2022-04-17 21:48:44.519486+02
1224|1650230945.527192|2022-04-17 23:29:05.527192+02|16385|test|33|1718198352|0|2827966|8743856635|1994509572|1977064473|267614113|257612525|690|0|1|200450048|0|||0|0|184318181.978|74930588.207|28413245.96|11442|0|0|0|2022-04-17 21:48:44.519486+02
1225|1650230946.554066|2022-04-17 23:29:06.554066+02|16385|test|33|1718284459|0|2828534|8744807778|1994682352|1977236891|267700216|257698628|690|0|1|200450048|0|||0|0|184350214.07|74947076.61|28422812.603|11444|0|0|0|2022-04-17 21:48:44.519486+02
1226|1650230947.580712|2022-04-17 23:29:07.580712+02|16385|test|33|1718370731|0|2829082|8745760647|1994855435|1977409639|267786484|257784896|690|0|1|200450048|0|||0|0|184382243.375|74963539.593|28432394.201|11446|0|0|0|2022-04-17 21:48:44.519486+02
1227|1650230948.606171|2022-04-17 23:29:08.606171+02|16385|test|33|1718451654|0|2829630|8746654472|1995017801|1977571689|267867403|257865815|690|0|1|200450048|0|||0|0|184414274.195|74980948.491|28441385.31|11448|0|0|0|2022-04-17 21:48:44.519486+02
1228|1650230949.632501|2022-04-17 23:29:09.632501+02|16385|test|33|1718538428|0|2830118|8747612713|1995191866|1977745441|267954173|257952585|690|0|1|200450048|0|||0|0|184446306.225|74997461.005|28450917.762|11450|0|0|0|2022-04-17 21:48:44.519486+02
1229|1650230950.660207|2022-04-17 23:29:10.660207+02|16385|test|33|1718624956|0|2830727|8748568477|1995365439|1977918701|268040697|258039109|690|0|1|200450048|0|||0|0|184478340.034|75013920.612|28460498.931|11452|0|0|0|2022-04-17 21:48:44.519486+02
1230|1650230951.686384|2022-04-17 23:29:11.686384+02|16385|test|33|1718711360|0|2831317|8749523037|1995538772|1978091713|268127097|258125509|690|0|1|200450048|0|||0|0|184510377.479|75030394.509|28470077.631|11454|0|0|0|2022-04-17 21:48:44.519486+02
1231|1650230952.713353|2022-04-17 23:29:12.713353+02|16385|test|33|1718809968|0|2831783|8750611308|1995736513|1978289133|268225701|258224113|690|0|1|200450048|0|||0|0|184546910.652|75049265.982|28480929.072|11456|0|0|0|2022-04-17 21:48:44.519486+02
1232|1650230953.740578|2022-04-17 23:29:13.740578+02|16385|test|33|1718924262|0|2832637|8751874058|1995965699|1978517925|268339991|258338403|690|0|1|200450048|0|||0|0|184589443.808|75071154.035|28493647.806|11458|0|0|0|2022-04-17 21:48:44.519486+02
1233|1650230954.766195|2022-04-17 23:29:14.766195+02|16385|test|33|1719013287|0|2833203|8752857052|1996144291|1978696179|268429012|258427424|690|0|1|200450048|0|||0|0|184622474.591|75088143.77|28503523.134|11460|0|0|0|2022-04-17 21:48:44.519486+02
1234|1650230955.793015|2022-04-17 23:29:15.793015+02|16385|test|33|1719099756|0|2833691|8753811834|1996317719|1978869321|268515477|258513889|690|0|1|200450048|0|||0|0|184654505.206|75104575.822|28513120.12|11462|0|0|0|2022-04-17 21:48:44.519486+02
1235|1650230956.818930|2022-04-17 23:29:16.81893+02|16385|test|33|1719185939|0|2834401|8754764119|1996490606|1979041891|268601656|258600068|690|0|1|200450048|0|||0|0|184686534.772|75121078.82|28522676.676|11464|0|0|0|2022-04-17 21:48:44.519486+02
1236|1650230957.846005|2022-04-17 23:29:17.846005+02|16385|test|33|1719272235|0|2834845|8755716542|1996663718|1979214687|268687948|258686360|690|0|1|200450048|0|||0|0|184718566.297|75137552.508|28532256.333|11466|0|0|0|2022-04-17 21:48:44.519486+02
1237|1650230958.872294|2022-04-17 23:29:18.872294+02|16385|test|33|1719358175|0|2835478|8756666395|1996836099|1979386771|268773884|258772296|690|0|1|200450048|0|||0|0|184750598.213|75154099.665|28541787.712|11468|0|0|0|2022-04-17 21:48:44.519486+02
1238|1650230959.898733|2022-04-17 23:29:19.898733+02|16385|test|33|1719444676|0|2835964|8757621325|1997009593|1979559977|268860381|258858793|690|0|1|200450048|0|||0|0|184782629.461|75170540.741|28551373.894|11470|0|0|0|2022-04-17 21:48:44.519486+02
1239|1650230960.924683|2022-04-17 23:29:20.924683+02|16385|test|33|1719531065|0|2836430|8758574999|1997182869|1979732959|268946766|258945178|690|0|1|200450048|0|||0|0|184814660.374|75186987.311|28560957.782|11472|0|0|0|2022-04-17 21:48:44.519486+02
1240|1650230961.951275|2022-04-17 23:29:21.951275+02|16385|test|33|1719617346|0|2837098|8759527924|1997355913|1979905725|269033043|259031455|690|0|1|200450048|0|||0|0|184846690.397|75203490.83|28570518.415|11474|0|0|0|2022-04-17 21:48:44.519486+02
1241|1650230962.978539|2022-04-17 23:29:22.978539+02|16385|test|33|1719703444|0|2837502|8760478092|1997528599|1980078125|269119137|259117549|690|0|1|200450048|0|||0|0|184878722.048|75220006.412|28580063.557|11476|0|0|0|2022-04-17 21:48:44.519486+02
1242|1650230964.005601|2022-04-17 23:29:24.005601+02|16385|test|33|1719789713|0|2838112|8761431098|1997701636|1980250867|269205402|259203814|690|0|1|200450048|0|||0|0|184910753.322|75236493.148|28589619.209|11478|0|0|0|2022-04-17 21:48:44.519486+02
1243|1650230965.032356|2022-04-17 23:29:25.032356+02|16385|test|33|1719875864|0|2838598|8762382156|1997874426|1980423373|269291549|259289961|690|0|1|200450048|0|||0|0|184942784.97|75253055.161|28599131.38|11480|0|0|0|2022-04-17 21:48:44.519486+02
1244|1650230966.059658|2022-04-17 23:29:26.059658+02|16385|test|33|1719961967|0|2839347|8763333431|1998047119|1980595783|269377648|259376060|690|0|1|200450048|0|||0|0|184974817.219|75269578.883|28608671.461|11482|0|0|0|2022-04-17 21:48:44.519486+02
1245|1650230967.086448|2022-04-17 23:29:27.086448+02|16385|test|33|1720048365|0|2839713|8764287094|1998220408|1980768783|269464042|259462454|690|0|1|200450048|0|||0|0|185006848.296|75286048.044|28618244.667|11484|0|0|0|2022-04-17 21:48:44.519486+02
1246|1650230968.112582|2022-04-17 23:29:28.112582+02|16385|test|33|1720134448|0|2840263|8765237832|1998393003|1980941153|269550121|259548533|690|0|1|200450048|0|||0|0|185038876.978|75302577.029|28627783.857|11486|0|0|0|2022-04-17 21:48:44.519486+02
1247|1650230969.139138|2022-04-17 23:29:29.139138+02|16385|test|33|1720220665|0|2840813|8766190165|1998565905|1981113791|269636334|259634746|690|0|1|200450048|0|||0|0|185070907.126|75319055.846|28637346.601|11488|0|0|0|2022-04-17 21:48:44.519486+02
1248|1650230970.166347|2022-04-17 23:29:30.166347+02|16385|test|33|1720306867|0|2841341|8767142109|1998738801|1981286399|269722532|259720944|690|0|1|200450048|0|||0|0|185102938.044|75335547.419|28646905.005|11490|0|0|0|2022-04-17 21:48:44.519486+02
1249|1650230971.192899|2022-04-17 23:29:31.192899+02|16385|test|33|1720392833|0|2842291|8768092119|1998911209|1981458535|269808494|259806906|690|0|1|200450048|0|||0|0|185134969.408|75352103.669|28656425.748|11492|0|0|0|2022-04-17 21:48:44.519486+02
1250|1650230972.219799|2022-04-17 23:29:32.219799+02|16385|test|33|1720490372|0|2842636|8769168019|1999106772|1981653817|269906029|259904441|690|0|1|200450048|0|||0|0|185171002.187|75370637.03|28667175.395|11494|0|0|0|2022-04-17 21:48:44.519486+02
1251|1650230973.246565|2022-04-17 23:29:33.246565+02|16385|test|33|1720606095|0|2843468|8770446418|1999338793|1981885467|270021748|260020160|690|0|1|200450048|0|||0|0|185214038.89|75392800.712|28680038.504|11496|0|0|0|2022-04-17 21:48:44.519486+02
1252|1650230974.272443|2022-04-17 23:29:34.272443+02|16385|test|33|1720694763|0|2843854|8771425067|1999516585|1982063007|270110412|260108824|690|0|1|200450048|0|||0|0|185247068.598|75409804.601|28689927.294|11498|0|0|0|2022-04-17 21:48:44.519486+02
1253|1650230975.299062|2022-04-17 23:29:35.299062+02|16385|test|33|1720780803|0|2844584|8772375722|1999689162|1982235291|270196448|260194860|690|0|1|200450048|0|||0|0|185279100.639|75426385.197|28699431.341|11500|0|0|0|2022-04-17 21:48:44.519486+02
1254|1650230976.324986|2022-04-17 23:29:36.324986+02|16385|test|33|1720867197|0|2845030|8773329304|1999862401|1982408283|270282838|260281250|690|0|1|200450048|0|||0|0|185311131.919|75442853.215|28709005.59|11502|0|0|0|2022-04-17 21:48:44.519486+02
1255|1650230977.350841|2022-04-17 23:29:37.350841+02|16385|test|33|1720953615|0|2845580|8774283861|2000035715|1982581323|270369252|260367664|690|0|1|200450048|0|||0|0|185343162.923|75459301.014|28718601.504|11504|0|0|0|2022-04-17 21:48:44.519486+02
1256|1650230978.377242|2022-04-17 23:29:38.377242+02|16385|test|33|1721039791|0|2846008|8775235404|2000208542|1982753879|270455424|260453836|690|0|1|200450048|0|||0|0|185375192.874|75475762.991|28728198.207|11506|0|0|0|2022-04-17 21:48:44.519486+02
1257|1650230979.404115|2022-04-17 23:29:39.404115+02|16385|test|33|1721121341|0|2846558|8776136252|2000372075|1982917183|270536970|260535382|690|0|1|200450048|0|||0|0|185407269.337|75493183.286|28737201.998|11508|0|0|0|2022-04-17 21:48:44.519486+02
1258|1650230980.430695|2022-04-17 23:29:40.430695+02|16385|test|33|1721207423|0|2847283|8777086535|2000544710|1983089551|270623048|260621460|690|0|1|200450048|0|||0|0|185439300.376|75509811.495|28746665.436|11510|0|0|0|2022-04-17 21:48:44.519486+02
1259|1650230981.457577|2022-04-17 23:29:41.457577+02|16385|test|33|1721293966|0|2847631|8778042087|2000718236|1983262841|270709587|260707999|690|0|1|200450048|0|||0|0|185471333.402|75526288.275|28756238.553|11512|0|0|0|2022-04-17 21:48:44.519486+02
1260|1650230982.484530|2022-04-17 23:29:42.48453+02|16385|test|33|1721380233|0|2848279|8778994786|2000891213|1983435579|270795850|260794262|690|0|1|200450048|0|||0|0|185503364.766|75542745.909|28765837.228|11514|0|0|0|2022-04-17 21:48:44.519486+02
1261|1650230983.510808|2022-04-17 23:29:43.510808+02|16385|test|33|1721466579|0|2848847|8779948298|2001064356|1983608475|270882192|260880604|690|0|1|200450048|0|||0|0|185535395.262|75559207.252|28775420.315|11516|0|0|0|2022-04-17 21:48:44.519486+02
1262|1650230984.537809|2022-04-17 23:29:44.537809+02|16385|test|33|1721552975|0|2849275|8780902167|2001237588|1983781471|270968584|260966996|690|0|1|200450048|0|||0|0|185567427.274|75575626.878|28785031.836|11518|0|0|0|2022-04-17 21:48:44.519486+02
1263|1650230985.564312|2022-04-17 23:29:45.564312+02|16385|test|33|1721639346|0|2849845|8781856185|2001410817|1983954417|271054951|261053363|690|0|1|200450048|0|||0|0|185599458.457|75592115.945|28794597.63|11520|0|0|0|2022-04-17 21:48:44.519486+02
1264|1650230986.590409|2022-04-17 23:29:46.590409+02|16385|test|33|1721725781|0|2850415|8782810852|2001584101|1984127491|271141382|261139794|690|0|1|200450048|0|||0|0|185631490.073|75608553.333|28804200.222|11522|0|0|0|2022-04-17 21:48:44.519486+02
1265|1650230987.617574|2022-04-17 23:29:47.617574+02|16385|test|33|1721812300|0|2850921|8783765962|2001757588|1984300733|271227897|261226309|690|0|1|200450048|0|||0|0|185663520.318|75624980.648|28813806.418|11524|0|0|0|2022-04-17 21:48:44.519486+02
1266|1650230988.644791|2022-04-17 23:29:48.644791+02|16385|test|33|1721898511|0|2851570|8784718244|2001930434|1984473359|271314104|261312516|690|0|1|200450048|0|||0|0|185695560.401|75641465.254|28823383.624|11526|0|0|0|2022-04-17 21:48:44.519486+02
1267|1650230989.671738|2022-04-17 23:29:49.671738+02|16385|test|33|1721984492|0|2852036|8785667273|2002102815|1984645525|271400081|261398493|690|0|1|200450048|0|||0|0|185727592.248|75658001.114|28832924.293|11528|0|0|0|2022-04-17 21:48:44.519486+02
1268|1650230990.698175|2022-04-17 23:29:50.698175+02|16385|test|33|1722070681|0|2852684|8786619112|2002275622|1984818107|271486266|261484678|690|0|1|200450048|0|||0|0|185759624.198|75674524.614|28842474.569|11530|0|0|0|2022-04-17 21:48:44.519486+02
1269|1650230991.725358|2022-04-17 23:29:51.725358+02|16385|test|33|1722158316|0|2853110|8787586437|2002451323|1984993581|271573897|261572309|690|0|1|200450048|0|||0|0|185792155.933|75691265.541|28852183.438|11532|0|0|0|2022-04-17 21:48:44.519486+02
1270|1650230992.751847|2022-04-17 23:29:52.751847+02|16385|test|34|1722243293|0|2853700|8788524914|2002621678|1985163727|271658871|261657283|690|0|1|200450048|0|||0|0|185823685.104|75707441.296|28861636.316|11533|0|0|0|2022-04-17 21:48:44.519486+02
1271|1650230993.768670|2022-04-17 23:29:53.76867+02|16385|test|34|1722370801|0|2854490|8789942523|2002878816|1985418959|271786374|261784786|690|0|1|200450048|0|||0|0|185871716.011|75731969.095|28876147.666|11536|0|0|0|2022-04-17 21:48:44.519486+02
1272|1650230994.795871|2022-04-17 23:29:54.795871+02|16385|test|34|1722456147|0|2855058|8790912914|2003054265|1985589855|271871716|261870128|690|0|1|200450048|0|||0|0|185903748.073|75748302.259|28885814.874|11538|0|0|0|2022-04-17 21:48:44.519486+02
1273|1650230995.822373|2022-04-17 23:29:55.822373+02|16385|test|34|1722541467|0|2855727|8791912501|2003234168|1985760699|271957032|261955444|690|0|1|200450048|0|||0|0|185935779.878|75764632.085|28895479.25|11540|0|0|0|2022-04-17 21:48:44.519486+02
1274|1650230996.848801|2022-04-17 23:29:56.848801+02|16385|test|34|1722625446|0|2856273|8792880756|2003409535|1985929693|272041007|262039419|690|0|1|200450048|0|||0|0|185967810.646|75781275.328|28904933.786|11542|0|0|0|2022-04-17 21:48:44.519486+02
1275|1650230997.874211|2022-04-17 23:29:57.874211+02|16385|test|34|1722708578|0|2856681|8793800671|2003576634|1986096161|272124135|262122547|690|0|1|200450048|0|||0|0|185999840.938|75798272.877|28914189.9|11544|0|0|0|2022-04-17 21:48:44.519486+02
1276|1650230998.901181|2022-04-17 23:29:58.901181+02|16385|test|34|1722791753|0|2857291|8794720880|2003743711|1986262715|272207306|262205718|690|0|1|200450048|0|||0|0|186031872.272|75815233.663|28923475.714|11546|0|0|0|2022-04-17 21:48:44.519486+02
1277|1650230999.928266|2022-04-17 23:29:59.928266+02|16385|test|34|1722874519|0|2857719|8795635714|2003909957|1986428451|272290068|262288480|690|0|1|200450048|0|||0|0|186063904.967|75832355.507|28932663.414|11548|0|0|0|2022-04-17 21:48:44.519486+02
1278|1650231000.955049|2022-04-17 23:30:00.955049+02|16385|test|34|1722957934|0|2858285|8796557271|2004077435|1986595485|272373479|262371891|690|0|1|200450048|0|||0|0|186095936.986|75849265.225|28941971.699|11550|0|0|0|2022-04-17 21:48:44.519486+02
1279|1650231001.981431|2022-04-17 23:30:01.981431+02|16385|test|34|1723041326|0|2858833|8797478608|2004244824|1986762473|272456867|262455279|690|0|1|200450048|0|||0|0|186127967.343|75866145.742|28951300.398|11552|0|0|0|2022-04-17 21:48:44.519486+02
1280|1650231003.008512|2022-04-17 23:30:03.008512+02|16385|test|34|1723124898|0|2859424|8798402448|2004412621|1986929821|272540435|262538847|690|0|1|200450048|0|||0|0|186159999.731|75882964.114|28960682.664|11554|0|0|0|2022-04-17 21:48:44.519486+02
1281|1650231004.035506|2022-04-17 23:30:04.035506+02|16385|test|34|1723208424|0|2859908|8799324767|2004580241|1987097077|272623957|262622369|690|0|1|200450048|0|||0|0|186192031.675|75899867.18|28970000.548|11556|0|0|0|2022-04-17 21:48:44.519486+02
1282|1650231005.062133|2022-04-17 23:30:05.062133+02|16385|test|34|1723291929|0|2860746|8800247224|2004747805|1987264291|272707458|262705870|690|0|1|200450048|0|||0|0|186224068.018|75916790.663|28979297.841|11558|0|0|0|2022-04-17 21:48:44.519486+02
1283|1650231006.088082|2022-04-17 23:30:06.088082+02|16385|test|34|1723375595|0|2860990|8801170549|2004915720|1987431827|272791120|262789532|690|0|1|200450048|0|||0|0|186256100.248|75933621.366|28988658.676|11560|0|0|0|2022-04-17 21:48:44.519486+02
1284|1650231007.114011|2022-04-17 23:30:07.114011+02|16385|test|34|1723459231|0|2861478|8802094361|2005083549|1987599303|272874752|262873164|690|0|1|200450048|0|||0|0|186288128.406|75950451.329|28998023.653|11562|0|0|0|2022-04-17 21:48:44.519486+02
1285|1650231008.140167|2022-04-17 23:30:08.140167+02|16385|test|34|1723542943|0|2862089|8803019385|2005251522|1987766931|272958460|262956872|690|0|1|200450048|0|||0|0|186320157.72|75967279.351|29007392.167|11564|0|0|0|2022-04-17 21:48:44.519486+02
1286|1650231009.166882|2022-04-17 23:30:09.166882+02|16385|test|34|1723626475|0|2862635|8803941807|2005419136|1987934199|273041988|263040400|690|0|1|200450048|0|||0|0|186352189.356|75984143.934|29016741.369|11566|0|0|0|2022-04-17 21:48:44.519486+02
1287|1650231010.193827|2022-04-17 23:30:10.193827+02|16385|test|34|1723705049|0|2863065|8804809834|2005576765|1988091551|273120558|263118970|690|0|1|200450048|0|||0|0|186384219.481|76001913.609|29025516.82|11568|0|0|0|2022-04-17 21:48:44.519486+02
1288|1650231011.220639|2022-04-17 23:30:11.220639+02|16385|test|34|1723789029|0|2863534|8805737679|2005745296|1988259715|273204534|263202946|690|0|1|200450048|0|||0|0|186416250.02|76018787.596|29034839.124|11570|0|0|0|2022-04-17 21:48:44.519486+02
1289|1650231012.246708|2022-04-17 23:30:12.246708+02|16385|test|34|1723906646|0|2864326|8807036727|2005981202|1988495153|273322147|263320559|690|0|1|200450048|0|||0|0|186461287.418|76042577.555|29047908.191|11572|0|0|0|2022-04-17 21:48:44.519486+02
1290|1650231013.273597|2022-04-17 23:30:13.273597+02|16385|test|34|1723996787|0|2864876|8808032541|2006162045|1988675639|273412284|263410696|690|0|1|200450048|0|||0|0|186495818.87|76060707.289|29058024.974|11574|0|0|0|2022-04-17 21:48:44.519486+02
1291|1650231014.300178|2022-04-17 23:30:14.300178+02|16385|test|34|1724081785|0|2865405|8808971311|2006332564|1988845839|273497278|263495690|690|0|1|200450048|0|||0|0|186528350.58|76077791.509|29067548.77|11576|0|0|0|2022-04-17 21:48:44.519486+02
1292|1650231015.326120|2022-04-17 23:30:15.32612+02|16385|test|34|1724164930|0|2866113|8809889933|2006499404|1989012333|273580419|263578831|690|0|1|200450048|0|||0|0|186560380.877|76094762.211|29076817.186|11578|0|0|0|2022-04-17 21:48:44.519486+02
1293|1650231016.352347|2022-04-17 23:30:16.352347+02|16385|test|34|1724247265|0|2866559|8810798981|2006664623|1989177207|273662750|263661162|690|0|1|200450048|0|||0|0|186592412.633|76111984.444|29085921.281|11580|0|0|0|2022-04-17 21:48:44.519486+02
1294|1650231017.378343|2022-04-17 23:30:17.378343+02|16385|test|34|1724330761|0|2867065|8811720893|2006832123|1989344403|273746242|263744654|690|0|1|200450048|0|||0|0|186624443.635|76128886.887|29095234.338|11582|0|0|0|2022-04-17 21:48:44.519486+02
1295|1650231018.402421|2022-04-17 23:30:18.402421+02|16385|test|34|1724392485|0|2867389|8812402426|2006956027|1989468055|273807962|263806374|690|0|1|200450048|0|||0|0|186656472.677|76149849.282|29102008.969|11584|0|0|0|2022-04-17 21:48:44.519486+02
1296|1650231019.428469|2022-04-17 23:30:19.428469+02|16385|test|34|1724476076|0|2868034|8813325688|2007123765|1989635441|273891549|263889961|690|0|1|200450048|0|||0|0|186688503.685|76166797.341|29111289.099|11586|0|0|0|2022-04-17 21:48:44.519486+02
1297|1650231020.454284|2022-04-17 23:30:20.454284+02|16385|test|34|1724559915|0|2868498|8814251051|2007291960|1989803323|273975384|263973796|690|0|1|200450048|0|||0|0|186720532.352|76183613.782|29120659.592|11588|0|0|0|2022-04-17 21:48:44.519486+02
1298|1650231021.480583|2022-04-17 23:30:21.480583+02|16385|test|34|1724643305|0|2869128|8815172414|2007459282|1989970307|274058770|264057182|690|0|1|200450048|0|||0|0|186752564.311|76200505.201|29129973.01|11590|0|0|0|2022-04-17 21:48:44.519486+02
1299|1650231022.507627|2022-04-17 23:30:22.507627+02|16385|test|34|1724727216|0|2869532|8816098564|2007627636|1990138333|274142677|264141089|690|0|1|200450048|0|||0|0|186784597.348|76217312.602|29139347.802|11592|0|0|0|2022-04-17 21:48:44.519486+02
1300|1650231023.534132|2022-04-17 23:30:23.534132+02|16385|test|34|1724798935|0|2870300|8816891163|2007771524|1990281975|274214392|264212804|690|0|1|200450048|0|||0|0|186819029.044|76238841.16|29147280.88|11594|0|0|0|2022-04-17 21:48:44.519486+02
1301|1650231024.560747|2022-04-17 23:30:24.560747+02|16385|test|34|1724882246|0|2870814|8817810540|2007938671|1990448801|274297699|264296111|690|0|1|200450048|0|||0|0|186851059.757|76255906.906|29156480.116|11596|0|0|0|2022-04-17 21:48:44.519486+02
1302|1650231025.588190|2022-04-17 23:30:25.58819+02|16385|test|34|1724965836|0|2871328|8818732970|2008106380|1990616185|274381285|264379697|690|0|1|200450048|0|||0|0|186883090.641|76272793.216|29165789.971|11598|0|0|0|2022-04-17 21:48:44.519486+02
1303|1650231026.614953|2022-04-17 23:30:26.614953+02|16385|test|34|1725049078|0|2871843|8819651621|2008273394|1990782873|274464523|264462935|690|0|1|200450048|0|||0|0|186915121.339|76289800.172|29175027.6|11600|0|0|0|2022-04-17 21:48:44.519486+02
1304|1650231027.641955|2022-04-17 23:30:27.641955+02|16385|test|34|1725132704|0|2872145|8820574485|2008441170|1990950329|274548145|264546557|690|0|1|200450048|0|||0|0|186947152.946|76306704.034|29184340.803|11602|0|0|0|2022-04-17 21:48:44.519486+02
1305|1650231028.669126|2022-04-17 23:30:28.669126+02|16385|test|34|1725216275|0|2872659|8821496653|2008608797|1991117675|274631712|264630124|690|0|1|200450048|0|||0|0|186979185.506|76323653.435|29193613.719|11604|0|0|0|2022-04-17 21:48:44.519486+02
1306|1650231029.695917|2022-04-17 23:30:29.695917+02|16385|test|34|1725299565|0|2873173|8822415748|2008775869|1991284459|274714998|264713410|690|0|1|200450048|0|||0|0|187011216.575|76340587.049|29202904.627|11606|0|0|0|2022-04-17 21:48:44.519486+02
1307|1650231030.722254|2022-04-17 23:30:30.722254+02|16385|test|34|1725382385|0|2873687|8823329625|2008941990|1991450303|274797814|264796226|690|0|1|200450048|0|||0|0|187043246.287|76357657.27|29212117.356|11608|0|0|0|2022-04-17 21:48:44.519486+02
1308|1650231031.748940|2022-04-17 23:30:31.74894+02|16385|test|34|1725465615|0|2874201|8824248033|2009108929|1991616967|274881040|264879452|690|0|1|200450048|0|||0|0|187075276.467|76374624.18|29221392.991|11610|0|0|0|2022-04-17 21:48:44.519486+02
1309|1650231032.776095|2022-04-17 23:30:32.776095+02|16385|test|34|1725548552|0|2875228|8825164052|2009275304|1991783045|274963973|264962385|690|0|1|200450048|0|||0|0|187107451.24|76391874.366|29230586.386|11612|0|0|0|2022-04-17 21:48:44.519486+02
1310|1650231033.802803|2022-04-17 23:30:33.802803+02|16385|test|34|1725631706|0|2875744|8826081661|2009442107|1991949557|275047123|265045535|690|0|1|200450048|0|||0|0|187139482.826|76408849.082|29239872.667|11614|0|0|0|2022-04-17 21:48:44.519486+02
1311|1650231034.829203|2022-04-17 23:30:34.829203+02|16385|test|34|1725725462|0|2876258|8827116361|2009630139|1992137273|275140875|265139287|690|0|1|200450048|0|||0|0|187175515.066|76427885.619|29250339.245|11616|0|0|0|2022-04-17 21:48:44.519486+02
1312|1650231035.855710|2022-04-17 23:30:35.85571+02|16385|test|34|1725839856|0|2876772|8828378140|2009859514|1992366265|275255265|265253677|690|0|1|200450048|0|||0|0|187219550.074|76451220.056|29263083.928|11618|0|0|0|2022-04-17 21:48:44.519486+02
1313|1650231036.882703|2022-04-17 23:30:36.882703+02|16385|test|34|1725923021|0|2877154|8829295779|2010026362|1992532799|275338426|265336838|690|0|1|200450048|0|||0|0|187251581.502|76468209.921|29272347.378|11620|0|0|0|2022-04-17 21:48:44.519486+02
1314|1650231037.909734|2022-04-17 23:30:37.909734+02|16385|test|34|1726005984|0|2878130|8830211979|2010192764|1992698929|275421385|265419797|690|0|1|200450048|0|||0|0|187283612.742|76485211.285|29281606.526|11622|0|0|0|2022-04-17 21:48:44.519486+02
1315|1650231038.936560|2022-04-17 23:30:38.93656+02|16385|test|34|1726088936|0|2878644|8831127280|2010359147|1992865037|275504333|265502745|690|0|1|200450048|0|||0|0|187315644.168|76502214.721|29290858.927|11624|0|0|0|2022-04-17 21:48:44.519486+02
1316|1650231039.963070|2022-04-17 23:30:39.96307+02|16385|test|34|1726172259|0|2879158|8832046778|2010526302|1993031887|275587652|265586064|690|0|1|200450048|0|||0|0|187347677.691|76519175.509|29300140.326|11626|0|0|0|2022-04-17 21:48:44.519486+02
1317|1650231040.989960|2022-04-17 23:30:40.98996+02|16385|test|34|1726254876|0|2879672|8832958407|2010692023|1993197325|275670265|265668677|690|0|1|200450048|0|||0|0|187379709.88|76536276.686|29309341.95|11628|0|0|0|2022-04-17 21:48:44.519486+02
1318|1650231042.016631|2022-04-17 23:30:42.016631+02|16385|test|34|1726338194|0|2880187|8833877787|2010859130|1993364165|275753579|265751991|690|0|1|200450048|0|||0|0|187411742.296|76553182.619|29318666.006|11630|0|0|0|2022-04-17 21:48:44.519486+02
1319|1650231043.043694|2022-04-17 23:30:43.043694+02|16385|test|34|1726421101|0|2880701|8834792858|2011025434|1993530183|275836482|265834894|690|0|1|200450048|0|||0|0|187443774.254|76570195.327|29327902.387|11632|0|0|0|2022-04-17 21:48:44.519486+02
1320|1650231044.070642|2022-04-17 23:30:44.070642+02|16385|test|34|1726504215|0|2881215|8835709978|2011192128|1993696615|275919592|265918004|690|0|1|200450048|0|||0|0|187475806.272|76587150.741|29337181.687|11634|0|0|0|2022-04-17 21:48:44.519486+02
1321|1650231045.097741|2022-04-17 23:30:45.097741+02|16385|test|34|1726587379|0|2881729|8836627533|2011358896|1993863147|276002752|266001164|690|0|1|200450048|0|||0|0|187507837.234|76604133.716|29346449.845|11636|0|0|0|2022-04-17 21:48:44.519486+02
1322|1650231046.124885|2022-04-17 23:30:46.124885+02|16385|test|34|1726670359|0|2882243|8837543155|2011525318|1994029311|276085728|266084140|690|0|1|200450048|0|||0|0|187539868.661|76621147.058|29355698.552|11638|0|0|0|2022-04-17 21:48:44.519486+02
1323|1650231047.151990|2022-04-17 23:30:47.15199+02|16385|test|34|1726753262|0|2882757|8838457868|2011691574|1994195321|276168627|266167039|690|0|1|200450048|0|||0|0|187571901.285|76638166.21|29364950.723|11640|0|0|0|2022-04-17 21:48:44.519486+02
1324|1650231048.178777|2022-04-17 23:30:48.178777+02|16385|test|34|1726836525|0|2883271|8839376573|2011858544|1994362051|276251886|266250298|690|0|1|200450048|0|||0|0|187603933.229|76655075.281|29374265.132|11642|0|0|0|2022-04-17 21:48:44.519486+02
1325|1650231049.205414|2022-04-17 23:30:49.205414+02|16385|test|34|1726917641|0|2883498|8840271829|2012021225|1994524487|276332998|266331410|690|0|1|200450048|0|||0|0|187636035.084|76672453.519|29383337.137|11644|0|0|0|2022-04-17 21:48:44.519486+02
1326|1650231050.232109|2022-04-17 23:30:50.232109+02|16385|test|34|1726986145|0|2883929|8841028909|2012158638|1994661699|276401498|266399910|690|0|1|200450048|0|||0|0|187668065.023|76692230.515|29390853.579|11646|0|0|0|2022-04-17 21:48:44.519486+02
1327|1650231051.258450|2022-04-17 23:30:51.25845+02|16385|test|34|1727070008|0|2884421|8841955477|2012326815|1994829629|276485357|266483769|690|0|1|200450048|0|||0|0|187700096.8|76709157.354|29400136.348|11648|0|0|0|2022-04-17 21:48:44.519486+02
1328|1650231052.285465|2022-04-17 23:30:52.285465+02|16385|test|34|1727153807|0|2884989|8842880979|2012494861|1994997431|276569152|266567564|690|0|1|200450048|0|||0|0|187732129.226|76726046.837|29409457.413|11650|0|0|0|2022-04-17 21:48:44.519486+02
1329|1650231053.312731|2022-04-17 23:30:53.312731+02|16385|test|35|1727236905|0|2885477|8843799597|2012661656|1995163831|276652246|266650658|690|0|1|200450048|0|||0|0|187764161.783|76742789.636|29418874.071|11652|0|0|0|2022-04-17 21:48:44.519486+02
1330|1650231054.339680|2022-04-17 23:30:54.33968+02|16385|test|35|1727330710|0|2886185|8844848781|2012851812|1995351645|276746047|266744459|690|0|1|200450048|0|||0|0|187800195.89|76761468.728|29429584.323|11654|0|0|0|2022-04-17 21:48:44.519486+02
1331|1650231055.366466|2022-04-17 23:30:55.366466+02|16385|test|35|1727445943|0|2887017|8846171016|2013090548|1995582315|276861276|266859688|690|0|1|200450048|0|||0|0|187844231.796|76784357.477|29442616.646|11656|0|0|0|2022-04-17 21:48:44.519486+02
1332|1650231056.393074|2022-04-17 23:30:56.393074+02|16385|test|35|1727529878|0|2887466|8847172455|2013270409|1995750389|276945207|266943619|690|0|1|200450048|0|||0|0|187876263.864|76800918.935|29452150.307|11658|0|0|0|2022-04-17 21:48:44.519486+02
1333|1650231057.419227|2022-04-17 23:30:57.419227+02|16385|test|34|1727613093|0|2887945|8848328855|2013447981|1995917879|277028423|267026830|699|0|1|200450048|0|||0|0|187908295.394|76817685.527|29461543.029|11660|0|0|0|2022-04-17 21:48:44.519486+02
1334|1650231058.445236|2022-04-17 23:30:58.445236+02|16385|test|34|1727695437|0|2888534|8849241047|2013613678|1996082771|277110763|267109170|699|0|1|200450048|0|||0|0|187940326.183|76834916.733|29470643.113|11662|0|0|0|2022-04-17 21:48:44.519486+02
1335|1650231059.470773|2022-04-17 23:30:59.470773+02|16385|test|34|1727778505|0|2889026|8850160718|2013780744|1996249111|277193827|267192234|699|0|1|200450048|0|||0|0|187972356.141|76851877.235|29479922.042|11664|0|0|0|2022-04-17 21:48:44.519486+02
1336|1650231060.497438|2022-04-17 23:31:00.497438+02|16385|test|34|1727861772|0|2889656|8851081927|2013948106|1996415849|277277090|267275497|699|0|1|200450048|0|||0|0|188004388.434|76868810.113|29489220.831|11666|0|0|0|2022-04-17 21:48:44.519486+02
1337|1650231061.524588|2022-04-17 23:31:01.524588+02|16385|test|34|1727944992|0|2890120|8852001384|2014115294|1996582493|277360306|267358713|699|0|1|200450048|0|||0|0|188036420.387|76885733.012|29498538.538|11668|0|0|0|2022-04-17 21:48:44.519486+02
1338|1650231062.551231|2022-04-17 23:31:02.551231+02|16385|test|34|1728027906|0|2890688|8852917989|2014281880|1996748525|277443216|267441623|699|0|1|200450048|0|||0|0|188068451.09|76902850.491|29507712.417|11670|0|0|0|2022-04-17 21:48:44.519486+02
1339|1650231063.578603|2022-04-17 23:31:03.578603+02|16385|test|34|1728110940|0|2891238|8853835896|2014448635|1996914797|277526246|267524653|699|0|1|200450048|0|||0|0|188100482.724|76919798.19|29517006.66|11672|0|0|0|2022-04-17 21:48:44.519486+02
1340|1650231064.604827|2022-04-17 23:31:04.604827+02|16385|test|34|1728194435|0|2891884|8854758401|2014616292|1997081991|277609737|267608144|699|0|1|200450048|0|||0|0|188132514.348|76936744.947|29526290.139|11674|0|0|0|2022-04-17 21:48:44.519486+02
1341|1650231065.631259|2022-04-17 23:31:05.631259+02|16385|test|34|1728278074|0|2892209|8855682117|2014784252|1997249473|277693372|267691779|699|0|1|200450048|0|||0|0|188164546.809|76953614.185|29535621.437|11676|0|0|0|2022-04-17 21:48:44.519486+02
1342|1650231066.658514|2022-04-17 23:31:06.658514+02|16385|test|34|1728361354|0|2892760|8856602555|2014951501|1997416237|277776648|267775055|699|0|1|200450048|0|||0|0|188196579.152|76970580.861|29544899.987|11678|0|0|0|2022-04-17 21:48:44.519486+02
1343|1650231067.685112|2022-04-17 23:31:07.685112+02|16385|test|34|1728444817|0|2893288|8857524625|2015119058|1997583367|277860107|267858514|699|0|1|200450048|0|||0|0|188228611.088|76987500.301|29554195.824|11680|0|0|0|2022-04-17 21:48:44.519486+02
1344|1650231068.711966|2022-04-17 23:31:08.711966+02|16385|test|34|1728528232|0|2893856|8858446245|2015286522|1997750401|277943518|267941925|699|0|1|200450048|0|||0|0|188260643.257|77004400.052|29563514.778|11682|0|0|0|2022-04-17 21:48:44.519486+02
1345|1650231069.737972|2022-04-17 23:31:09.737972+02|16385|test|34|1728609380|0|2894362|8859342627|2015449476|1997912901|278024662|268023069|699|0|1|200450048|0|||0|0|188292674.119|77021754.275|29572553.242|11684|0|0|0|2022-04-17 21:48:44.519486+02
1346|1650231070.765054|2022-04-17 23:31:10.765054+02|16385|test|34|1728693001|0|2894851|8860266398|2015617360|1998080347|278108279|268106686|699|0|1|200450048|0|||0|0|188324704.976|77038659.118|29581864.636|11686|0|0|0|2022-04-17 21:48:44.519486+02
1347|1650231071.790887|2022-04-17 23:31:11.790887+02|16385|test|34|1728776656|0|2895379|8861190540|2015785288|1998247861|278191930|268190337|699|0|1|200450048|0|||0|0|188356735.224|77055543.762|29591194.276|11688|0|0|0|2022-04-17 21:48:44.519486+02
1348|1650231072.817816|2022-04-17 23:31:12.817816+02|16385|test|34|1728859985|0|2895907|8862111202|2015952614|1998414723|278275255|268273662|699|0|1|200450048|0|||0|0|188388765.594|77072488.528|29600487.357|11690|0|0|0|2022-04-17 21:48:44.519486+02
1349|1650231073.844374|2022-04-17 23:31:13.844374+02|16385|test|34|1728952251|0|2896917|8863131140|2016137861|1998599459|278367517|268365924|699|0|1|200450048|0|||0|0|188424387.951|77091361.121|29610800.148|11692|0|0|0|2022-04-17 21:48:44.519486+02
1350|1650231074.871078|2022-04-17 23:31:14.871078+02|16385|test|34|1729068524|0|2897303|8864414493|2016371228|1998832209|278483786|268482193|699|0|1|200450048|0|||0|0|188468926.015|77114901.222|29623725.672|11694|0|0|0|2022-04-17 21:48:44.519486+02
1351|1650231075.898283|2022-04-17 23:31:15.898283+02|16385|test|34|1729151887|0|2898029|8865335451|2016538592|1998999139|278567145|268565552|699|0|1|200450048|0|||0|0|188500957.148|77131805.46|29633048.901|11696|0|0|0|2022-04-17 21:48:44.519486+02
1352|1650231076.925345|2022-04-17 23:31:16.925345+02|16385|test|34|1729233493|0|2898588|8866236497|2016702420|1999162555|278648747|268647154|699|0|1|200450048|0|||0|0|188532989.054|77149064.238|29642145.597|11698|0|0|0|2022-04-17 21:48:44.519486+02
1353|1650231077.951597|2022-04-17 23:31:17.951597+02|16385|test|34|1729314755|0|2898812|8867133398|2016865525|1999325283|278730005|268728412|699|0|1|200450048|0|||0|0|188565020.047|77166371.441|29651217.709|11700|0|0|0|2022-04-17 21:48:44.519486+02
1354|1650231078.978298|2022-04-17 23:31:18.978298+02|16385|test|34|1729394713|0|2899580|8868016968|2017026022|1999485403|278809959|268808366|699|0|1|200450048|0|||0|0|188597052.842|77183932.562|29660134.092|11702|0|0|0|2022-04-17 21:48:44.519486+02
1355|1650231080.004071|2022-04-17 23:31:20.004071+02|16385|test|34|1729472891|0|2899802|8868879572|2017182944|1999641963|278888133|268886540|699|0|1|200450048|0|||0|0|188629083.826|77201789.087|29668858.46|11704|0|0|0|2022-04-17 21:48:44.519486+02
1356|1650231081.030076|2022-04-17 23:31:21.030076+02|16385|test|34|1729553490|0|2900411|8869770352|2017344747|1999803365|278968728|268967135|699|0|1|200450048|0|||0|0|188661115.274|77219285.773|29677821.609|11706|0|0|0|2022-04-17 21:48:44.519486+02
1357|1650231082.057223|2022-04-17 23:31:22.057223+02|16385|test|34|1729632289|0|2900955|8870640441|2017502925|1999961167|279047523|269045930|699|0|1|200450048|0|||0|0|188693148.219|77237072.514|29686608.887|11708|0|0|0|2022-04-17 21:48:44.519486+02
1358|1650231083.084471|2022-04-17 23:31:23.084471+02|16385|test|34|1729713190|0|2901321|8871533807|2017665308|2000123173|279128420|269126827|699|0|1|200450048|0|||0|0|188725180.268|77254467.027|29695635.171|11710|0|0|0|2022-04-17 21:48:44.519486+02
1359|1650231084.110683|2022-04-17 23:31:24.110683+02|16385|test|34|1729793713|0|2901872|8872423523|2017826903|2000284423|279208939|269207346|699|0|1|200450048|0|||0|0|188757212.095|77271856.856|29704669.617|11712|0|0|0|2022-04-17 21:48:44.519486+02
1360|1650231085.137199|2022-04-17 23:31:25.137199+02|16385|test|34|1729863455|0|2902298|8873193866|2017966895|2000424111|279278677|269277084|699|0|1|200450048|0|||0|0|188789602.434|77291618.669|29712443.695|11714|0|0|0|2022-04-17 21:48:44.519486+02
1361|1650231086.163807|2022-04-17 23:31:26.163807+02|16385|test|34|1729925646|0|2902924|8873881248|2018091767|2000548697|279340864|269339271|699|0|1|200450048|0|||0|0|188821898.681|77312795.742|29719251.808|11716|0|0|0|2022-04-17 21:48:44.519486+02
1362|1650231087.189884|2022-04-17 23:31:27.189884+02|16385|test|34|1729993651|0|2903248|8874632116|2018228301|2000684911|279408865|269407272|699|0|1|200450048|0|||0|0|188854389.828|77332991.932|29726806.249|11718|0|0|0|2022-04-17 21:48:44.519486+02
1363|1650231088.217053|2022-04-17 23:31:28.217053+02|16385|test|34|1730066342|0|2903711|8875434713|2018374208|2000830497|279481552|269479959|699|0|1|200450048|0|||0|0|188886420.969|77351820.285|29734938.276|11720|0|0|0|2022-04-17 21:48:44.519486+02
1364|1650231089.243673|2022-04-17 23:31:29.243673+02|16385|test|34|1730148795|0|2904178|8876345372|2018539706|2000995607|279564001|269562408|699|0|1|200450048|0|||0|0|188918523.548|77368776.282|29744276.123|11722|0|0|0|2022-04-17 21:48:44.519486+02
1365|1650231090.270730|2022-04-17 23:31:30.27073+02|16385|test|34|1730230657|0|2904703|8877249504|2018703986|2001159535|279645859|269644266|699|0|1|200450048|0|||0|0|188950838.246|77385979.959|29753594.797|11724|0|0|0|2022-04-17 21:48:44.519486+02
1366|1650231091.297800|2022-04-17 23:31:31.2978+02|16385|test|34|1730312298|0|2905207|8878150889|2018867845|2001323021|279727496|269725903|699|0|1|200450048|0|||0|0|188982869.615|77402943.633|29762901.762|11726|0|0|0|2022-04-17 21:48:44.519486+02
1367|1650231092.325586|2022-04-17 23:31:32.325586+02|16385|test|34|1730394120|0|2905831|8879054390|2019032057|2001486869|279809314|269807721|699|0|1|200450048|0|||0|0|189014901.277|77419908.876|29772193.726|11728|0|0|0|2022-04-17 21:48:44.519486+02
1368|1650231093.352416|2022-04-17 23:31:33.352416+02|16385|test|34|1730485205|0|2906434|8880059783|2019214835|2001669243|279900395|269898802|699|0|1|200450048|0|||0|0|189050434.675|77438586.485|29782605.284|11730|0|0|0|2022-04-17 21:48:44.519486+02
1369|1650231094.379201|2022-04-17 23:31:34.379201+02|16385|test|34|1730569509|0|2906920|8880990725|2019383989|2001838055|279984695|269983102|699|0|1|200450048|0|||0|0|189083965.667|77456522.08|29792234.135|11732|0|0|0|2022-04-17 21:48:44.519486+02
1370|1650231095.406272|2022-04-17 23:31:35.406272+02|16385|test|34|1730647623|0|2907727|8881853882|2019540790|2001994487|280062805|270061212|699|0|1|200450048|0|||0|0|189116019.027|77474186.653|29801101.056|11734|0|0|0|2022-04-17 21:48:44.519486+02
1371|1650231096.433157|2022-04-17 23:31:36.433157+02|16385|test|34|1730733596|0|2907727|8882802289|2019713293|2002166637|280148774|270147181|699|0|1|200450048|0|||0|0|189150051.151|77492402.777|29810856.094|11736|0|0|0|2022-04-17 21:48:44.519486+02
1372|1650231097.460131|2022-04-17 23:31:37.460131+02|16385|test|34|1730838579|0|2908698|8883962178|2019923924|2002376807|280253753|270252160|699|0|1|200450048|0|||0|0|189191104.625|77514133.487|29822779.293|11738|0|0|0|2022-04-17 21:48:44.519486+02
1373|1650231098.486130|2022-04-17 23:31:38.48613+02|16385|test|34|1730918143|0|2909362|8884840874|2020083606|2002536139|280333313|270331720|699|0|1|200450048|0|||0|0|189223182.689|77531446.767|29831906.244|11740|0|0|0|2022-04-17 21:48:44.519486+02
1374|1650231099.513529|2022-04-17 23:31:39.513529+02|16385|test|34|1730999398|0|2909624|8885737490|2020246663|2002698853|280414564|270412971|699|0|1|200450048|0|||0|0|189255215.449|77548484.831|29841149.982|11742|0|0|0|2022-04-17 21:48:44.519486+02
1375|1650231100.540744|2022-04-17 23:31:40.540744+02|16385|test|34|1731082009|0|2910050|8886649799|2020412411|2002864279|280497171|270495578|699|0|1|200450048|0|||0|0|189287315.953|77565355.832|29850544.936|11744|0|0|0|2022-04-17 21:48:44.519486+02
1376|1650231101.567514|2022-04-17 23:31:41.567514+02|16385|test|34|1731164625|0|2910676|8887562150|2020578210|2003029715|280579783|270578190|699|0|1|200450048|0|||0|0|189319347.537|77582118.737|29859963.642|11746|0|0|0|2022-04-17 21:48:44.519486+02
1377|1650231102.595105|2022-04-17 23:31:42.595105+02|16385|test|34|1731244891|0|2911180|8888448244|2020739255|2003190451|280660045|270658452|699|0|1|200450048|0|||0|0|189351408.729|77599368.571|29869097.198|11748|0|0|0|2022-04-17 21:48:44.519486+02
1378|1650231103.621989|2022-04-17 23:31:43.621989+02|16385|test|34|1731326814|0|2911585|8889352820|2020903660|2003354501|280741964|270740371|699|0|1|200450048|0|||0|0|189383440.487|77616276.508|29878435.077|11750|0|0|0|2022-04-17 21:48:44.519486+02
1379|1650231104.649736|2022-04-17 23:31:44.649736+02|16385|test|34|1731408361|0|2912551|8890253623|2021067272|2003517799|280823507|270821914|699|0|1|200450048|0|||0|0|189415474.232|77633273.596|29887702.551|11752|0|0|0|2022-04-17 21:48:44.519486+02
1380|1650231105.676750|2022-04-17 23:31:45.67675+02|16385|test|34|1731488771|0|2912733|8891141022|2021228623|2003678823|280903913|270902320|699|0|1|200450048|0|||0|0|189447506.15|77650445.346|29896881.465|11754|0|0|0|2022-04-17 21:48:44.519486+02
1381|1650231106.702879|2022-04-17 23:31:46.702879+02|16385|test|34|1731570881|0|2913257|8892047587|2021393402|2003843247|280986019|270984426|699|0|1|200450048|0|||0|0|189479537.675|77667332.116|29906227.069|11756|0|0|0|2022-04-17 21:48:44.519486+02
1382|1650231107.729781|2022-04-17 23:31:47.729781+02|16385|test|34|1731652641|0|2914001|8892950381|2021557433|2004006971|281067775|271066182|699|0|1|200450048|0|||0|0|189511569.311|77684293.36|29915526.248|11758|0|0|0|2022-04-17 21:48:44.519486+02
1383|1650231108.756737|2022-04-17 23:31:48.756737+02|16385|test|34|1731734502|0|2914223|8893856356|2021722224|2004171185|281149632|271148039|699|0|1|200450048|0|||0|0|189543648.655|77701305.549|29924822.562|11760|0|0|0|2022-04-17 21:48:44.519486+02
1384|1650231109.783397|2022-04-17 23:31:49.783397+02|16385|test|34|1731817519|0|2914827|8894785857|2021890800|2004337423|281232645|271231052|699|0|1|200450048|0|||0|0|189575679.286|77718117.776|29934194.54|11762|0|0|0|2022-04-17 21:48:44.519486+02
1385|1650231110.810792|2022-04-17 23:31:50.810792+02|16385|test|34|1731901663|0|2915353|8895747531|2022064713|2004505915|281316785|271315192|699|0|1|200450048|0|||0|0|189607710.279|77734772.838|29943654.499|11764|0|0|0|2022-04-17 21:48:44.519486+02
1386|1650231111.836521|2022-04-17 23:31:51.836521+02|16385|test|34|1731985699|0|2916039|8896738602|2022243044|2004674191|281400817|271399224|699|0|1|200450048|0|||0|0|189639740.381|77751475.409|29953074.036|11766|0|0|0|2022-04-17 21:48:44.519486+02
1387|1650231112.861317|2022-04-17 23:31:52.861317+02|16385|test|35|1732039793|0|2916463|8897398949|2022361319|2004782571|281454908|271453315|699|0|1|200450048|0|||0|0|189660765.117|77762590.838|29959166.932|11767|0|0|0|2022-04-17 21:48:44.519486+02
1388|1650231113.878155|2022-04-17 23:31:53.878155+02|16385|test|35|1732163198|0|2916891|8898985894|2022643058|2005029597|281578308|271576715|699|0|1|200450048|0|||0|0|189708809.892|77787718.367|29973293.852|11770|0|0|0|2022-04-17 21:48:44.519486+02
1389|1650231114.904742|2022-04-17 23:31:54.904742+02|16385|test|35|1732243852|0|2917497|8900106650|2022839130|2005191109|281658958|271657365|699|0|1|200450048|0|||0|0|189740951.186|77804692.542|29982650.483|11772|0|0|0|2022-04-17 21:48:44.519486+02
1390|1650231115.931570|2022-04-17 23:31:55.93157+02|16385|test|34|1732329509|0|3245137|8903343074|2023041308|2005363200|281744625|271743021|720|0|1|200450048|0|||0|0|189774982.849|77822606.8|29992601.202|11774|0|0|0|2022-04-17 21:48:44.519486+02
1391|1650231116.958647|2022-04-17 23:31:56.958647+02|16385|test|34|1732434163|0|3245763|8904581264|2023265225|2005572712|281849275|271847671|720|0|1|200450048|0|||0|0|189816018.489|77844323.484|30004475.44|11776|0|0|0|2022-04-17 21:48:44.519486+02
1392|1650231117.985397|2022-04-17 23:31:57.985397+02|16385|test|33|1732517381|0|3246326|8905691871|2023436541|2005740208|281932494|271930885|729|0|1|200450048|0|||0|0|189848117.235|77861425.462|30013683.155|11778|0|0|0|2022-04-17 21:48:44.519486+02
1393|1650231119.011812|2022-04-17 23:31:59.011812+02|16385|test|33|1732601341|0|3246850|8906623312|2023606478|2005908332|282016450|272014841|729|0|1|200450048|0|||0|0|189880149.392|77878391.907|30022935.455|11780|0|0|0|2022-04-17 21:48:44.519486+02
1394|1650231120.038600|2022-04-17 23:32:00.0386+02|16385|test|33|1732685747|0|3247436|8907559153|2023777162|2006077348|282100852|272099243|729|0|1|200450048|0|||0|0|189912182.057|77895281.956|30032249.238|11782|0|0|0|2022-04-17 21:48:44.519486+02
1395|1650231121.064611|2022-04-17 23:32:01.064611+02|16385|test|33|1732770417|0|3247883|8908497853|2023948285|2006246892|282185518|272183909|729|0|1|200450048|0|||0|0|189944211.31|77912118.697|30041591.647|11784|0|0|0|2022-04-17 21:48:44.519486+02
1396|1650231122.090942|2022-04-17 23:32:02.090942+02|16385|test|33|1732853474|0|3248551|8909417966|2024116042|2006413210|282268571|272266962|729|0|1|200450048|0|||0|0|189976241.489|77929279.313|30050725.041|11786|0|0|0|2022-04-17 21:48:44.519486+02
1397|1650231123.117710|2022-04-17 23:32:03.11771+02|16385|test|33|1732938055|0|3249057|8910354214|2024286762|2006582576|282353148|272351539|729|0|1|200450048|0|||0|0|190008282.879|77946168.221|30060030.941|11788|0|0|0|2022-04-17 21:48:44.519486+02
1398|1650231124.144334|2022-04-17 23:32:04.144334+02|16385|test|33|1733022712|0|3249604|8911291375|2024457718|2006752094|282437801|272436192|729|0|1|200450048|0|||0|0|190040313.515|77962995.884|30069386.26|11790|0|0|0|2022-04-17 21:48:44.519486+02
1399|1650231125.171288|2022-04-17 23:32:05.171288+02|16385|test|33|1733105949|0|3250068|8912212237|2024625757|2006918772|282521034|272519425|729|0|1|200450048|0|||0|0|190072348.388|77980089.063|30078567.007|11792|0|0|0|2022-04-17 21:48:44.519486+02
1400|1650231126.198280|2022-04-17 23:32:06.19828+02|16385|test|33|1733185337|0|3250492|8913090834|2024786025|2007077752|282600418|272598809|729|0|1|200450048|0|||0|0|190104379.33|77997821.012|30087350.456|11794|0|0|0|2022-04-17 21:48:44.519486+02
1401|1650231127.224505|2022-04-17 23:32:07.224505+02|16385|test|33|1733270320|0|3251184|8914031665|2024957408|2007247922|282685397|272683788|729|0|1|200450048|0|||0|0|190136413.009|78014678.32|30096669.146|11796|0|0|0|2022-04-17 21:48:44.519486+02
1402|1650231128.251287|2022-04-17 23:32:08.251287+02|16385|test|33|1733355037|0|3251713|8914969406|2025128321|2007417560|282770110|272768501|729|0|1|200450048|0|||0|0|190168445.66|78031532.22|30105996.401|11798|0|0|0|2022-04-17 21:48:44.519486+02
1403|1650231129.277744|2022-04-17 23:32:09.277744+02|16385|test|33|1733437697|0|3252199|8915884237|2025295059|2007583084|282852766|272851157|729|0|1|200450048|0|||0|0|190200477.521|78048716.941|30115122.663|11800|0|0|0|2022-04-17 21:48:44.519486+02
1404|1650231130.303758|2022-04-17 23:32:10.303758+02|16385|test|33|1733522451|0|3252769|8916822472|2025466066|2007752796|282937516|272935907|729|0|1|200450048|0|||0|0|190232507.699|78065575.727|30124439.904|11802|0|0|0|2022-04-17 21:48:44.519486+02
1405|1650231131.330304|2022-04-17 23:32:11.330304+02|16385|test|33|1733607181|0|3253172|8917759690|2025637080|2007922460|283022242|273020633|729|0|1|200450048|0|||0|0|190264542.265|78082450.121|30133766.712|11804|0|0|0|2022-04-17 21:48:44.519486+02
1406|1650231132.357489|2022-04-17 23:32:12.357489+02|16385|test|33|1733690673|0|3253883|8918684175|2025805517|2008089648|283105730|273104121|729|0|1|200450048|0|||0|0|190296575.665|78099498.569|30142978.063|11806|0|0|0|2022-04-17 21:48:44.519486+02
1407|1650231133.383609|2022-04-17 23:32:13.383609+02|16385|test|33|1733780361|0|3254355|8919676994|2025986446|2008269228|283195414|273193805|729|0|1|200450048|0|||0|0|190330607.966|78117449.38|30152856.935|11808|0|0|0|2022-04-17 21:48:44.519486+02
1408|1650231134.410070|2022-04-17 23:32:14.41007+02|16385|test|33|1733872710|0|3254823|8920698763|2026172754|2008454130|283287759|273286150|729|0|1|200450048|0|||0|0|190365640.343|78135905.986|30163058.272|11810|0|0|0|2022-04-17 21:48:44.519486+02
1409|1650231135.437050|2022-04-17 23:32:15.43705+02|16385|test|33|1733957447|0|3255632|8921636657|2026343645|2008623808|283372492|273370883|729|0|1|200450048|0|||0|0|190397672.182|78152722.704|30172413.779|11812|0|0|0|2022-04-17 21:48:44.519486+02
1410|1650231136.464119|2022-04-17 23:32:16.464119+02|16385|test|33|1734070848|0|3256166|8922891588|2026572254|2008850814|283485889|273484280|729|0|1|200450048|0|||0|0|190440704.908|78175396.475|30184948.853|11814|0|0|0|2022-04-17 21:48:44.519486+02
1411|1650231137.491304|2022-04-17 23:32:17.491304+02|16385|test|33|1734154096|0|3256676|8923813201|2026740186|2009017514|283569133|273567524|729|0|1|200450048|0|||0|0|190472786.184|78192563.354|30194116.123|11816|0|0|0|2022-04-17 21:48:44.519486+02
1412|1650231138.517695|2022-04-17 23:32:18.517695+02|16385|test|33|1734238612|0|3257346|8924748670|2026910601|2009186750|283653645|273652036|729|0|1|200450048|0|||0|0|190504815.558|78209430.328|30203437.547|11818|0|0|0|2022-04-17 21:48:44.519486+02
1413|1650231139.543837|2022-04-17 23:32:19.543837+02|16385|test|33|1734323134|0|3257892|8925683665|2027081054|2009355998|283738163|273736554|729|0|1|200450048|0|||0|0|190536845.803|78226268.433|30212787.744|11820|0|0|0|2022-04-17 21:48:44.519486+02
1414|1650231140.569458|2022-04-17 23:32:20.569458+02|16385|test|33|1734408241|0|3258338|8926624986|2027252652|2009526416|283823266|273821657|729|0|1|200450048|0|||0|0|190568876.25|78243085.374|30222136.155|11822|0|0|0|2022-04-17 21:48:44.519486+02
1415|1650231141.595694|2022-04-17 23:32:21.595694+02|16385|test|33|1734491013|0|3259004|8927540801|2027419557|2009692164|283906034|273904425|729|0|1|200450048|0|||0|0|190600905.213|78260272.53|30231255.381|11824|0|0|0|2022-04-17 21:48:44.519486+02
1416|1650231142.622257|2022-04-17 23:32:22.622257+02|16385|test|33|1734575997|0|3259370|8928480620|2027590875|2009862336|283991014|273989405|729|0|1|200450048|0|||0|0|190632934.845|78277064.842|30240613.787|11826|0|0|0|2022-04-17 21:48:44.519486+02
1417|1650231143.648567|2022-04-17 23:32:23.648567+02|16385|test|33|1734660565|0|3260001|8929416718|2027761384|2010031676|284075578|274073969|729|0|1|200450048|0|||0|0|190664966.218|78293910.305|30249953.627|11828|0|0|0|2022-04-17 21:48:44.519486+02
1418|1650231144.675537|2022-04-17 23:32:24.675537+02|16385|test|33|1734743715|0|3260447|8930336327|2027928995|2010198180|284158724|274157115|729|0|1|200450048|0|||0|0|190696998.147|78311037.194|30259124.88|11830|0|0|0|2022-04-17 21:48:44.519486+02
1419|1650231145.701941|2022-04-17 23:32:25.701941+02|16385|test|33|1734828539|0|3260999|8931275323|2028099974|2010368032|284243544|274241935|729|0|1|200450048|0|||0|0|190729030.098|78327863.917|30268475.321|11832|0|0|0|2022-04-17 21:48:44.519486+02
1420|1650231146.728477|2022-04-17 23:32:26.728477+02|16385|test|33|1734912953|0|3261745|8932209181|2028270111|2010537064|284327954|274326345|729|0|1|200450048|0|||0|0|190761060.77|78344760.921|30277771.136|11834|0|0|0|2022-04-17 21:48:44.519486+02
1421|1650231147.755017|2022-04-17 23:32:27.755017+02|16385|test|33|1734997868|0|3262111|8933148035|2028441202|2010707098|284412865|274411256|729|0|1|200450048|0|||0|0|190793092.294|78361556.175|30287141.196|11836|0|0|0|2022-04-17 21:48:44.519486+02
1422|1650231148.782193|2022-04-17 23:32:28.782193+02|16385|test|33|1735080769|0|3262601|8934065435|2028608296|2010873104|284495762|274494153|729|0|1|200450048|0|||0|0|190825121.981|78378728.631|30296275.874|11838|0|0|0|2022-04-17 21:48:44.519486+02
1423|1650231149.808677|2022-04-17 23:32:29.808677+02|16385|test|33|1735165534|0|3263188|8935003024|2028779171|2011042838|284580523|274578914|729|0|1|200450048|0|||0|0|190857152.612|78395560.847|30305622.81|11840|0|0|0|2022-04-17 21:48:44.519486+02
1424|1650231150.833162|2022-04-17 23:32:30.833162+02|16385|test|33|1735250416|0|3263718|8935941951|2028950174|2011212806|284665401|274663792|729|0|1|200450048|0|||0|0|190889183.099|78412379.736|30314969.968|11842|0|0|0|2022-04-17 21:48:44.519486+02
1425|1650231151.860326|2022-04-17 23:32:31.860326+02|16385|test|33|1735333451|0|3264267|8936860946|2029117508|2011379080|284748432|274746823|729|0|1|200450048|0|||0|0|190921215.217|78429492.503|30324156.129|11844|0|0|0|2022-04-17 21:48:44.519486+02
1426|1650231152.887488|2022-04-17 23:32:32.887488+02|16385|test|33|1735418126|0|3264817|8937797777|2029288098|2011548634|284833103|274831494|729|0|1|200450048|0|||0|0|190953246.864|78446327.225|30333500.244|11846|0|0|0|2022-04-17 21:48:44.519486+02
1427|1650231153.914751|2022-04-17 23:32:33.914751+02|16385|test|33|1735516037|0|3265287|8938880947|2029485352|2011744660|284931010|274929401|729|0|1|200450048|0|||0|0|190990278.985|78465790.985|30344296.609|11848|0|0|0|2022-04-17 21:48:44.519486+02
1428|1650231154.940690|2022-04-17 23:32:34.94069+02|16385|test|33|1735600802|0|3266099|8939818948|2029656128|2011914394|285015771|275014162|729|0|1|200450048|0|||0|0|191022310.517|78482596.689|30353650.413|11850|0|0|0|2022-04-17 21:48:44.519486+02
1429|1650231155.967650|2022-04-17 23:32:35.96765+02|16385|test|33|1735714104|0|3266691|8941072214|2029884313|2012141202|285129069|275127460|729|0|1|200450048|0|||0|0|191065344.875|78505307.788|30366152.005|11852|0|0|0|2022-04-17 21:48:44.519486+02
1430|1650231156.994261|2022-04-17 23:32:36.994261+02|16385|test|33|1735792363|0|3267198|8941937878|2030042030|2012297924|285207324|275205715|729|0|1|200450048|0|||0|0|191097376.547|78523294.101|30374771.844|11854|0|0|0|2022-04-17 21:48:44.519486+02
1431|1650231158.021000|2022-04-17 23:32:38.021+02|16385|test|33|1735877207|0|3267884|8942876131|2030212947|2012467816|285292164|275290555|729|0|1|200450048|0|||0|0|191129409.445|78540153.419|30384092.335|11856|0|0|0|2022-04-17 21:48:44.519486+02
1432|1650231159.048103|2022-04-17 23:32:39.048103+02|16385|test|33|1735962064|0|3268251|8943814709|2030383899|2012637734|285377017|275375408|729|0|1|200450048|0|||0|0|191161441.044|78556980.173|30393437.185|11858|0|0|0|2022-04-17 21:48:44.519486+02
1433|1650231160.074610|2022-04-17 23:32:40.07461+02|16385|test|33|1736046763|0|3268718|8944751427|2030554535|2012807336|285461712|275460103|729|0|1|200450048|0|||0|0|191193694.097|78574065.455|30402762.55|11860|0|0|0|2022-04-17 21:48:44.519486+02
1434|1650231161.101372|2022-04-17 23:32:41.101372+02|16385|test|33|1736130211|0|3269649|8945675204|2030722610|2012974436|285545156|275543547|729|0|1|200450048|0|||0|0|191225725.778|78591114.358|30411984.933|11862|0|0|0|2022-04-17 21:48:44.519486+02
1435|1650231162.128700|2022-04-17 23:32:42.1287+02|16385|test|33|1736215029|0|3269853|8946612327|2030893400|2013144276|285629970|275628361|729|0|1|200450048|0|||0|0|191257757.318|78607918.756|30421341.628|11864|0|0|0|2022-04-17 21:48:44.519486+02
1436|1650231163.154718|2022-04-17 23:32:43.154718+02|16385|test|33|1736299712|0|3270322|8947548968|2031063949|2013313846|285714649|275713040|729|0|1|200450048|0|||0|0|191289787.784|78624770.734|30430672.783|11866|0|0|0|2022-04-17 21:48:44.519486+02
1437|1650231164.180885|2022-04-17 23:32:44.180885+02|16385|test|33|1736382720|0|3270871|8948467083|2031231047|2013480066|285797653|275796044|729|0|1|200450048|0|||0|0|191321819.487|78641927.327|30439806.92|11868|0|0|0|2022-04-17 21:48:44.519486+02
1438|1650231165.206751|2022-04-17 23:32:45.206751+02|16385|test|33|1736467475|0|3271500|8949404561|2031401731|2013649780|285882404|275880795|729|0|1|200450048|0|||0|0|191353852.732|78658777.894|30449137.891|11870|0|0|0|2022-04-17 21:48:44.519486+02
1439|1650231166.233366|2022-04-17 23:32:46.233366+02|16385|test|33|1736552264|0|3271967|8950342049|2031572439|2013819562|285967189|275965580|729|0|1|200450048|0|||0|0|191385903.387|78675599.788|30458502.891|11872|0|0|0|2022-04-17 21:48:44.519486+02
1440|1650231167.260072|2022-04-17 23:32:47.260072+02|16385|test|33|1736636260|0|3272475|8951271008|2031741545|2013987758|286051181|276049572|729|0|1|200450048|0|||0|0|191418028.077|78692678.508|30467746.937|11874|0|0|0|2022-04-17 21:48:44.519486+02
1441|1650231168.285663|2022-04-17 23:32:48.285663+02|16385|test|33|1736720182|0|3273064|8952199224|2031910538|2014155806|286135099|276133490|729|0|1|200450048|0|||0|0|191450057.46|78709647.955|30476994.971|11876|0|0|0|2022-04-17 21:48:44.519486+02
1442|1650231169.311156|2022-04-17 23:32:49.311156+02|16385|test|33|1736805010|0|3273636|8953137901|2032081360|2014325666|286219923|276218314|729|0|1|200450048|0|||0|0|191482086.823|78726473.864|30486344.237|11878|0|0|0|2022-04-17 21:48:44.519486+02
1443|1650231170.337690|2022-04-17 23:32:50.33769+02|16385|test|33|1736889690|0|3274082|8954074150|2032251828|2014495230|286304599|276302990|729|0|1|200450048|0|||0|0|191514116.364|78743349.371|30495659.605|11880|0|0|0|2022-04-17 21:48:44.519486+02
1444|1650231171.364108|2022-04-17 23:32:51.364108+02|16385|test|33|1736972995|0|3274754|8954995770|2032419504|2014662044|286387900|276386291|729|0|1|200450048|0|||0|0|191546147.722|78760458.18|30504831.783|11882|0|0|0|2022-04-17 21:48:44.519486+02
1445|1650231172.390851|2022-04-17 23:32:52.390851+02|16385|test|34|1737057709|0|3275242|8955932564|2032590067|2014831664|286472611|276471002|729|0|1|200450048|0|||0|0|191578179.973|78777283.031|30514180.406|11883|0|0|0|2022-04-17 21:48:44.519486+02
1446|1650231173.407018|2022-04-17 23:32:53.407018+02|16385|test|34|1737146744|0|3275774|8956920098|2032769698|2015009950|286561641|276560032|729|0|1|200450048|0|||0|0|191612275.718|78795166.972|30524164.925|11886|0|0|0|2022-04-17 21:48:44.519486+02
1447|1650231174.434107|2022-04-17 23:32:54.434107+02|16385|test|34|1737236885|0|3276483|8957935792|2032954049|2015190436|286651778|276650169|729|0|1|200450048|0|||0|0|191646808.966|78813153.114|30534355.352|11888|0|0|0|2022-04-17 21:48:44.519486+02
1448|1650231175.461056|2022-04-17 23:32:55.461056+02|16385|test|34|1737321058|0|3277091|8958907893|2033129927|2015358986|286735947|276734338|729|0|1|200450048|0|||0|0|191679357.87|78830286.079|30543853.482|11890|0|0|0|2022-04-17 21:48:44.519486+02
1449|1650231176.486795|2022-04-17 23:32:56.486795+02|16385|test|33|1737412013|0|3277423|8960152690|2033323996|2015541955|286826903|276825289|738|0|1|200450048|0|||0|0|191713889.745|78848149.632|30554131.874|11892|0|0|0|2022-04-17 21:48:44.519486+02
1450|1650231177.512523|2022-04-17 23:32:57.512523+02|16385|test|33|1737517963|0|3278095|8961327145|2033537730|2015754059|286932849|276931235|738|0|1|200450048|0|||0|0|191754426.37|78869673.548|30565800.743|11894|0|0|0|2022-04-17 21:48:44.519486+02
1451|1650231178.538645|2022-04-17 23:32:58.538645+02|16385|test|33|1737602738|0|3278645|8962266136|2033708672|2015923813|287017620|277016006|738|0|1|200450048|0|||0|0|191786457.302|78886508.245|30575144.552|11896|0|0|0|2022-04-17 21:48:44.519486+02
1452|1650231179.565453|2022-04-17 23:32:59.565453+02|16385|test|33|1737687278|0|3279292|8963202108|2033879124|2016093097|287102156|277100542|738|0|1|200450048|0|||0|0|191818490.344|78903350.944|30584501.015|11898|0|0|0|2022-04-17 21:48:44.519486+02
1453|1650231180.592343|2022-04-17 23:33:00.592343+02|16385|test|33|1737770681|0|3279880|8964125261|2034047201|2016260107|287185555|277183941|738|0|1|200450048|0|||0|0|191850573.286|78920474.15|30593697.088|11900|0|0|0|2022-04-17 21:48:44.519486+02
1454|1650231181.618809|2022-04-17 23:33:01.618809+02|16385|test|33|1737855224|0|3280345|8965060223|2034217515|2016429397|287270094|277268480|738|0|1|200450048|0|||0|0|191882602.94|78937354.919|30603010.146|11902|0|0|0|2022-04-17 21:48:44.519486+02
1455|1650231182.644629|2022-04-17 23:33:02.644629+02|16385|test|33|1737940148|0|3280796|8966000147|2034388633|2016599449|287355014|277353400|738|0|1|200450048|0|||0|0|191914671.104|78954210.13|30612363.664|11904|0|0|0|2022-04-17 21:48:44.519486+02
1456|1650231183.671861|2022-04-17 23:33:03.671861+02|16385|test|33|1738024922|0|3281381|8966937474|2034559381|2016769201|287439784|277438170|738|0|1|200450048|0|||0|0|191946703.166|78971008.384|30621735.797|11906|0|0|0|2022-04-17 21:48:44.519486+02
1457|1650231184.698664|2022-04-17 23:33:04.698664+02|16385|test|33|1738107789|0|3281949|8967854203|2034726331|2016935139|287522647|277521033|738|0|1|200450048|0|||0|0|191978733.123|78988165.889|30630869.141|11908|0|0|0|2022-04-17 21:48:44.519486+02
1458|1650231185.725201|2022-04-17 23:33:05.725201+02|16385|test|33|1738192611|0|3282575|8968792101|2034897136|2017104987|287607465|277605851|738|0|1|200450048|0|||0|0|192010764.502|79004971.209|30640232.843|11910|0|0|0|2022-04-17 21:48:44.519486+02
1459|1650231186.751478|2022-04-17 23:33:06.751478+02|16385|test|33|1738277428|0|3282959|8969729568|2035067943|2017274825|287692278|277690664|738|0|1|200450048|0|||0|0|192042794.913|79021820.826|30649570.657|11912|0|0|0|2022-04-17 21:48:44.519486+02
1460|1650231187.778179|2022-04-17 23:33:07.778179+02|16385|test|33|1738356388|0|3283469|8970603261|2035227012|2017432949|287771234|277769620|738|0|1|200450048|0|||0|0|192074862.495|79039726.786|30658261.58|11914|0|0|0|2022-04-17 21:48:44.519486+02
1461|1650231188.804470|2022-04-17 23:33:08.80447+02|16385|test|33|1738440823|0|3284017|8971537222|2035397100|2017602023|287855665|277854051|738|0|1|200450048|0|||0|0|192106893.349|79056679.823|30667510.521|11916|0|0|0|2022-04-17 21:48:44.519486+02
1462|1650231189.831160|2022-04-17 23:33:09.83116+02|16385|test|33|1738525341|0|3284910|8972472921|2035567267|2017771263|287940179|277938565|738|0|1|200450048|0|||0|0|192138924.334|79073564.356|30676817.711|11918|0|0|0|2022-04-17 21:48:44.519486+02
1463|1650231190.858233|2022-04-17 23:33:10.858233+02|16385|test|33|1738610091|0|3285095|8973409341|2035737904|2017940967|288024925|278023311|738|0|1|200450048|0|||0|0|192170958.091|79090369.335|30686185.75|11920|0|0|0|2022-04-17 21:48:44.519486+02
1464|1650231191.885435|2022-04-17 23:33:11.885435+02|16385|test|33|1738693112|0|3285623|8974327503|2035905064|2018107213|288107942|278106328|738|0|1|200450048|0|||0|0|192202987.998|79107497.668|30695352.457|11922|0|0|0|2022-04-17 21:48:44.519486+02
1465|1650231192.911524|2022-04-17 23:33:12.911524+02|16385|test|33|1738780338|0|3286389|8975291990|2036080650|2018281869|288195164|278193550|738|0|1|200450048|0|||0|0|192236019.196|79124903.959|30704959.91|11924|0|0|0|2022-04-17 21:48:44.519486+02
1466|1650231193.934588|2022-04-17 23:33:13.934588+02|16385|test|33|1738867545|0|3286751|8976255425|2036256213|2018456487|288282367|278280753|738|0|1|200450048|0|||0|0|192269082.627|79142302.873|30714598.842|11926|0|0|0|2022-04-17 21:48:44.519486+02
1467|1650231194.960887|2022-04-17 23:33:14.960887+02|16385|test|33|1738958851|0|3287364|8977265560|2036439980|2018639303|288373669|278372055|738|0|1|200450048|0|||0|0|192304113.759|79160931.536|30724686.3|11928|0|0|0|2022-04-17 21:48:44.519486+02
1468|1650231195.988101|2022-04-17 23:33:15.988101+02|16385|test|33|1739047530|0|3287913|8978246316|2036618477|2018816865|288462344|278460730|738|0|1|200450048|0|||0|0|192337646.58|79178562.526|30734454.668|11930|0|0|0|2022-04-17 21:48:44.519486+02
1469|1650231197.014552|2022-04-17 23:33:17.014552+02|16385|test|33|1739156251|0|3288687|8979448814|2036837229|2019034511|288571061|278569447|738|0|1|200450048|0|||0|0|192379182.606|79200628.177|30746411.353|11932|0|0|0|2022-04-17 21:48:44.519486+02
1470|1650231198.040681|2022-04-17 23:33:18.040681+02|16385|test|33|1739240847|0|3289091|8980383624|2037007491|2019203907|288655653|278654039|738|0|1|200450048|0|||0|0|192411212.949|79217513.777|30755713.683|11934|0|0|0|2022-04-17 21:48:44.519486+02
1471|1650231199.067232|2022-04-17 23:33:19.067232+02|16385|test|33|1739325605|0|3289779|8981320986|2037178098|2019373627|288740407|278738793|738|0|1|200450048|0|||0|0|192443245.66|79234347.841|30765060.606|11936|0|0|0|2022-04-17 21:48:44.519486+02
1472|1650231200.093812|2022-04-17 23:33:20.093812+02|16385|test|33|1739408898|0|3290165|8982241640|2037345740|2019540417|288823696|278822082|738|0|1|200450048|0|||0|0|192475312.887|79251480.236|30774247.354|11938|0|0|0|2022-04-17 21:48:44.519486+02
1473|1650231201.120438|2022-04-17 23:33:21.120438+02|16385|test|33|1739493617|0|3290833|8983178553|2037516261|2019710059|288908411|278906797|738|0|1|200450048|0|||0|0|192507342.731|79268317.834|30783589.362|11940|0|0|0|2022-04-17 21:48:44.519486+02
1474|1650231202.147361|2022-04-17 23:33:22.147361+02|16385|test|33|1739578758|0|3291362|8984120070|2037687597|2019880545|288993548|278991934|738|0|1|200450048|0|||0|0|192539387.364|79285121.456|30792959.194|11942|0|0|0|2022-04-17 21:48:44.519486+02
1475|1650231203.173847|2022-04-17 23:33:23.173847+02|16385|test|33|1739663435|0|3291909|8985056157|2037858010|2020050103|289078221|279076607|738|0|1|200450048|0|||0|0|192571419.056|79301979.985|30802287.723|11944|0|0|0|2022-04-17 21:48:44.519486+02
1476|1650231204.200635|2022-04-17 23:33:24.200635+02|16385|test|33|1739746353|0|3292536|8985972760|2038024799|2020216143|289161135|279159521|738|0|1|200450048|0|||0|0|192603450.239|79319139.049|30811425.065|11946|0|0|0|2022-04-17 21:48:44.519486+02
1477|1650231205.226633|2022-04-17 23:33:25.226633+02|16385|test|33|1739831336|0|3292862|8986912247|2038195818|2020386313|289246114|279244500|738|0|1|200450048|0|||0|0|192635480.924|79335933.896|30820795.587|11948|0|0|0|2022-04-17 21:48:44.519486+02
1478|1650231206.252561|2022-04-17 23:33:26.252561+02|16385|test|33|1739915939|0|3293369|8987847581|2038366078|2020555723|289330713|279329099|738|0|1|200450048|0|||0|0|192667511.445|79352840.903|30830085.419|11950|0|0|0|2022-04-17 21:48:44.519486+02
1479|1650231207.280275|2022-04-17 23:33:27.280275+02|16385|test|33|1739999110|0|3293956|8988766959|2038533392|2020722269|289413880|279412266|738|0|1|200450048|0|||0|0|192699543.513|79369940.225|30839267.652|11952|0|0|0|2022-04-17 21:48:44.519486+02
1480|1650231208.307003|2022-04-17 23:33:28.307003+02|16385|test|33|1740083880|0|3294570|8989704902|2038703911|2020892013|289498646|279497032|738|0|1|200450048|0|||0|0|192731573.343|79386802.608|30848597.101|11954|0|0|0|2022-04-17 21:48:44.519486+02
1481|1650231209.333874|2022-04-17 23:33:29.333874+02|16385|test|33|1740168719|0|3295018|8990642941|2038874629|2021061895|289583481|279581867|738|0|1|200450048|0|||0|0|192763603.104|79403645.645|30857932.277|11956|0|0|0|2022-04-17 21:48:44.519486+02
1482|1650231210.360169|2022-04-17 23:33:30.360169+02|16385|test|33|1740253291|0|3295688|8991578256|2039044771|2021231243|289668049|279666435|738|0|1|200450048|0|||0|0|192795633.175|79420499.196|30867274.996|11958|0|0|0|2022-04-17 21:48:44.519486+02
1483|1650231211.386315|2022-04-17 23:33:31.386315+02|16385|test|33|1740336470|0|3296134|8992497579|2039212081|2021397805|289751224|279749610|738|0|1|200450048|0|||0|0|192827665.05|79437614.883|30876454.161|11960|0|0|0|2022-04-17 21:48:44.519486+02
1484|1650231212.412241|2022-04-17 23:33:32.412241+02|16385|test|33|1740421115|0|3296607|8993434031|2039382326|2021567299|289835865|279834251|738|0|1|200450048|0|||0|0|192859704.516|79454446.239|30885816.78|11962|0|0|0|2022-04-17 21:48:44.519486+02
1485|1650231213.438917|2022-04-17 23:33:33.438917+02|16385|test|33|1740510851|0|3297539|8994426635|2039562772|2021746975|289925597|279923983|738|0|1|200450048|0|||0|0|192893761.662|79472456.048|30895681.132|11964|0|0|0|2022-04-17 21:48:44.519486+02
1486|1650231214.465325|2022-04-17 23:33:34.465325+02|16385|test|33|1740601058|0|3297723|8995422961|2039744199|2021927593|290015800|280014186|738|0|1|200450048|0|||0|0|192928292.879|79490782.703|30905645.545|11966|0|0|0|2022-04-17 21:48:44.519486+02
1487|1650231215.492293|2022-04-17 23:33:35.492293+02|16385|test|33|1740687104|0|3298394|8996374620|2039917289|2022099889|290101842|280100228|738|0|1|200450048|0|||0|0|192960874.727|79507921.329|30915141.695|11968|0|0|0|2022-04-17 21:48:44.519486+02
1488|1650231216.519239|2022-04-17 23:33:36.519239+02|16385|test|33|1740800085|0|3299105|8997623291|2040144414|2022326055|290214819|280213205|738|0|1|200450048|0|||0|0|193003908.47|79530676.611|30927607.281|11970|0|0|0|2022-04-17 21:48:44.519486+02
1489|1650231217.545900|2022-04-17 23:33:37.5459+02|16385|test|33|1740885614|0|3299655|8998569021|2040316405|2022497317|290300344|280298730|738|0|1|200450048|0|||0|0|193036208.526|79547636.243|30937047.341|11972|0|0|0|2022-04-17 21:48:44.519486+02
1490|1650231218.573019|2022-04-17 23:33:38.573019+02|16385|test|33|1740965406|0|3300145|8999451417|2040476896|2022657105|290380132|280378518|738|0|1|200450048|0|||0|0|193068240.033|79565363.574|30945835.064|11974|0|0|0|2022-04-17 21:48:44.519486+02
1491|1650231219.599289|2022-04-17 23:33:39.599289+02|16385|test|33|1741048709|0|3300636|9000372630|2040644357|2022823915|290463431|280461817|738|0|1|200450048|0|||0|0|193100271.132|79582537.658|30954959.199|11976|0|0|0|2022-04-17 21:48:44.519486+02
1492|1650231220.625603|2022-04-17 23:33:40.625603+02|16385|test|33|1741133344|0|3301384|9001308489|2040814594|2022993389|290548062|280546448|738|0|1|200450048|0|||0|0|193132303.642|79599422.383|30964272.37|11978|0|0|0|2022-04-17 21:48:44.519486+02
1493|1650231221.652238|2022-04-17 23:33:41.652238+02|16385|test|33|1741218146|0|3301792|9002245630|2040985084|2023163197|290632860|280631246|738|0|1|200450048|0|||0|0|193164335.563|79616237.282|30973637.004|11980|0|0|0|2022-04-17 21:48:44.519486+02
1494|1650231222.678855|2022-04-17 23:33:42.678855+02|16385|test|33|1741301857|0|3302238|9003170741|2041153427|2023330823|290716567|280714953|738|0|1|200450048|0|||0|0|193196400.01|79633296.093|30982863.92|11982|0|0|0|2022-04-17 21:48:44.519486+02
1495|1650231223.705302|2022-04-17 23:33:43.705302+02|16385|test|33|1741385868|0|3302824|9004099206|2041322363|2023499049|290800574|280798960|738|0|1|200450048|0|||0|0|193228430.675|79650286.157|30992107.687|11984|0|0|0|2022-04-17 21:48:44.519486+02
1496|1650231224.731538|2022-04-17 23:33:44.731538+02|16385|test|33|1741470744|0|3303330|9005037029|2041492987|2023669005|290885446|280883832|738|0|1|200450048|0|||0|0|193260461.347|79667090.636|31001463.014|11986|0|0|0|2022-04-17 21:48:44.519486+02
1497|1650231225.758039|2022-04-17 23:33:45.758039+02|16385|test|33|1741555564|0|3303878|9005974574|2041663487|2023838849|290970262|280968648|738|0|1|200450048|0|||0|0|193292491.674|79683930.629|31010801.296|11988|0|0|0|2022-04-17 21:48:44.519486+02
1498|1650231226.783939|2022-04-17 23:33:46.783939+02|16385|test|33|1741638290|0|3304366|9006888925|2041829811|2024004505|291052984|281051370|738|0|1|200450048|0|||0|0|193324523.963|79701118.574|31019936.931|11990|0|0|0|2022-04-17 21:48:44.519486+02
1499|1650231227.809755|2022-04-17 23:33:47.809755+02|16385|test|33|1741723087|0|3304913|9007826208|2042000294|2024174303|291137777|281136163|738|0|1|200450048|0|||0|0|193356560.264|79717969.073|31029265.185|11992|0|0|0|2022-04-17 21:48:44.519486+02
1500|1650231228.835917|2022-04-17 23:33:48.835917+02|16385|test|33|1741807874|0|3305503|9008763715|2042170802|2024344081|291222560|281220946|738|0|1|200450048|0|||0|0|193388591.493|79734846.529|31038579.3|11994|0|0|0|2022-04-17 21:48:44.519486+02
1501|1650231229.862094|2022-04-17 23:33:49.862094+02|16385|test|33|1741891143|0|3306109|9009683944|2042338195|2024510823|291305825|281304211|738|0|1|200450048|0|||0|0|193420621.802|79751926.06|31047795.278|11996|0|0|0|2022-04-17 21:48:44.519486+02
1502|1650231230.888075|2022-04-17 23:33:50.888075+02|16385|test|33|1741975104|0|3306635|9010611675|2042506962|2024678949|291389782|281388168|738|0|1|200450048|0|||0|0|193452653.755|79768910.268|31057047.398|11998|0|0|0|2022-04-17 21:48:44.519486+02
1503|1650231231.914763|2022-04-17 23:33:51.914763+02|16385|test|33|1742059782|0|3307101|9011547243|2042677197|2024848509|291474456|281472842|738|0|1|200450048|0|||0|0|193484684.793|79785751.826|31066394.689|12000|0|0|0|2022-04-17 21:48:44.519486+02
1504|1650231232.940981|2022-04-17 23:33:52.940981+02|16385|test|34|1742147058|0|3307609|9012511947|2042852658|2025023265|291561728|281560114|738|0|1|200450048|0|||0|0|193517716.84|79803134.466|31076007.566|12002|0|0|0|2022-04-17 21:48:44.519486+02
1505|1650231233.966899|2022-04-17 23:33:53.966899+02|16385|test|34|1742231299|0|3308295|9013450426|2043023165|2025191951|291645965|281644351|738|0|1|200450048|0|||0|0|193550749.762|79820711.422|31085542.552|12004|0|0|0|2022-04-17 21:48:44.519486+02
1506|1650231234.993349|2022-04-17 23:33:54.993349+02|16385|test|34|1742322933|0|3308742|9014490878|2043211713|2025375423|291737595|281735981|738|0|1|200450048|0|||0|0|193585781.738|79838978.727|31095859.808|12006|0|0|0|2022-04-17 21:48:44.519486+02
1507|1650231236.020768|2022-04-17 23:33:56.020768+02|16385|test|34|1742410578|0|3309412|9015518627|2043396958|2025550917|291825236|281823622|738|0|1|200450048|0|||0|0|193619315.678|79856457.789|31105751.941|12008|0|0|0|2022-04-17 21:48:44.519486+02
1508|1650231237.045565|2022-04-17 23:33:57.045565+02|16385|test|33|1742518677|0|3309985|9016930230|2043621690|2025768173|291933334|281931715|747|0|1|200450048|0|||0|0|193660848.698|79878433.687|31117784.857|12010|0|0|0|2022-04-17 21:48:44.519486+02
1509|1650231238.072927|2022-04-17 23:33:58.072927+02|16385|test|33|1742603051|0|3310593|9017864574|2043791634|2025937125|292017704|282016085|747|0|1|200450048|0|||0|0|193692881.477|79895355.07|31127078.051|12012|0|0|0|2022-04-17 21:48:44.519486+02
1510|1650231239.099825|2022-04-17 23:33:59.099825+02|16385|test|33|1742687484|0|3311059|9018798715|2043961617|2026106195|292102133|282100514|747|0|1|200450048|0|||0|0|193724912.522|79912286.571|31136359.305|12014|0|0|0|2022-04-17 21:48:44.519486+02
1511|1650231240.126949|2022-04-17 23:34:00.126949+02|16385|test|33|1742770200|0|3311687|9019713934|2044128089|2026271831|292184845|282183226|747|0|1|200450048|0|||0|0|193756943.855|79929522.501|31145461.834|12016|0|0|0|2022-04-17 21:48:44.519486+02
1512|1650231241.154288|2022-04-17 23:34:01.154288+02|16385|test|33|1742854799|0|3312173|9020649269|2044298296|2026441233|292269440|282267821|747|0|1|200450048|0|||0|0|193788976.431|79946388.766|31154779.173|12018|0|0|0|2022-04-17 21:48:44.519486+02
1513|1650231242.182188|2022-04-17 23:34:02.182188+02|16385|test|33|1742939373|0|3312699|9021584283|2044468439|2026610585|292354010|282352391|747|0|1|200450048|0|||0|0|193821009.673|79963272.097|31164090.443|12020|0|0|0|2022-04-17 21:48:44.519486+02
1514|1650231243.208836|2022-04-17 23:34:03.208836+02|16385|test|33|1743022651|0|3313406|9022505237|2044635970|2026777345|292437284|282435665|747|0|1|200450048|0|||0|0|193853059.806|79980413.937|31173249.244|12022|0|0|0|2022-04-17 21:48:44.519486+02
1515|1650231244.235429|2022-04-17 23:34:04.235429+02|16385|test|33|1743106690|0|3313752|9023433976|2044805036|2026945627|292521319|282519700|747|0|1|200450048|0|||0|0|193885090.507|79997426.147|31182473.942|12024|0|0|0|2022-04-17 21:48:44.519486+02
1516|1650231245.261773|2022-04-17 23:34:05.261773+02|16385|test|33|1743191496|0|3314363|9024371875|2044975623|2027115443|292606121|282604502|747|0|1|200450048|0|||0|0|193917120.209|80014322.225|31191765.464|12026|0|0|0|2022-04-17 21:48:44.519486+02
1517|1650231246.288470|2022-04-17 23:34:06.28847+02|16385|test|33|1743275826|0|3314849|9025303751|2045145206|2027284307|292690447|282688828|747|0|1|200450048|0|||0|0|193949152.338|80031266.599|31201042.532|12028|0|0|0|2022-04-17 21:48:44.519486+02
1518|1650231247.313649|2022-04-17 23:34:07.313649+02|16385|test|33|1743358880|0|3315477|9026221947|2045312206|2027450619|292773497|282771878|747|0|1|200450048|0|||0|0|193981181.61|80048442.039|31210184.148|12030|0|0|0|2022-04-17 21:48:44.519486+02
1519|1650231248.340654|2022-04-17 23:34:08.340654+02|16385|test|33|1743443541|0|3315901|9027157268|2045482474|2027620145|292858154|282856535|747|0|1|200450048|0|||0|0|194013213.315|80065302.449|31219511.589|12032|0|0|0|2022-04-17 21:48:44.519486+02
1520|1650231249.366914|2022-04-17 23:34:09.366914+02|16385|test|33|1743523088|0|3316491|9028037011|2045642467|2027779443|292937697|282936078|747|0|1|200450048|0|||0|0|194045289.09|80083149.46|31228247.885|12034|0|0|0|2022-04-17 21:48:44.519486+02
1521|1650231250.392728|2022-04-17 23:34:10.392728+02|16385|test|33|1743607832|0|3317000|9028974026|2045812892|2027949135|293022437|283020818|747|0|1|200450048|0|||0|0|194077319.8|80100042.936|31237551.984|12036|0|0|0|2022-04-17 21:48:44.519486+02
1522|1650231251.418873|2022-04-17 23:34:11.418873+02|16385|test|33|1743690523|0|3317564|9029887623|2045979139|2028114721|293105124|283103505|747|0|1|200450048|0|||0|0|194109349.363|80117308.989|31246632.107|12038|0|0|0|2022-04-17 21:48:44.519486+02
1523|1650231252.444735|2022-04-17 23:34:12.444735+02|16385|test|33|1743775176|0|3317990|9030822883|2046149296|2028284231|293189773|283188154|747|0|1|200450048|0|||0|0|194141381.365|80134210.943|31255936.931|12040|0|0|0|2022-04-17 21:48:44.519486+02
1524|1650231253.471426|2022-04-17 23:34:13.471426+02|16385|test|33|1743864900|0|3318660|9031815037|2046329700|2028463883|293279493|283277874|747|0|1|200450048|0|||0|0|194175412.239|80152192.781|31265798.011|12042|0|0|0|2022-04-17 21:48:44.519486+02
1525|1650231254.498115|2022-04-17 23:34:14.498115+02|16385|test|33|1743954718|0|3319124|9032807237|2046510258|2028643723|293369307|283367688|747|0|1|200450048|0|||0|0|194209943.466|80170667.852|31275672.346|12044|0|0|0|2022-04-17 21:48:44.519486+02
1526|1650231255.524206|2022-04-17 23:34:15.524206+02|16385|test|33|1744043426|0|3320235|9033788477|2046688619|2028821343|293458011|283456392|747|0|1|200450048|0|||0|0|194243474.51|80188318.472|31285433.941|12046|0|0|0|2022-04-17 21:48:44.519486+02
1527|1650231256.548265|2022-04-17 23:34:16.548265+02|16385|test|33|1744153416|0|3320440|9035003038|2046909726|2029041527|293567997|283566378|747|0|1|200450048|0|||0|0|194285613.771|80210749.642|31297549.013|12048|0|0|0|2022-04-17 21:48:44.519486+02
1528|1650231257.574990|2022-04-17 23:34:17.57499+02|16385|test|33|1744237993|0|3321067|9035938022|2047079778|2029210885|293652570|283650951|747|0|1|200450048|0|||0|0|194317645.241|80227641.601|31306847.307|12050|0|0|0|2022-04-17 21:48:44.519486+02
1529|1650231258.601326|2022-04-17 23:34:18.601326+02|16385|test|33|1744323055|0|3321533|9036877964|2047250826|2029381213|293737628|283736009|747|0|1|200450048|0|||0|0|194349676.418|80244553.757|31316130.174|12052|0|0|0|2022-04-17 21:48:44.519486+02
1530|1650231259.627213|2022-04-17 23:34:19.627213+02|16385|test|33|1744405711|0|3322063|9037791833|2047416988|2029546729|293820280|283818661|747|0|1|200450048|0|||0|0|194381707.345|80261748.859|31325245.561|12054|0|0|0|2022-04-17 21:48:44.519486+02
1531|1650231260.653434|2022-04-17 23:34:20.653434+02|16385|test|33|1744490441|0|3322672|9038728578|2047587315|2029716393|293905006|283903387|747|0|1|200450048|0|||0|0|194413739.192|80278638.162|31334547.636|12056|0|0|0|2022-04-17 21:48:44.519486+02
1532|1650231261.679969|2022-04-17 23:34:21.679969+02|16385|test|33|1744575073|0|3323201|9039663908|2047757422|2029885861|293989634|283988015|747|0|1|200450048|0|||0|0|194445769.12|80295558.577|31343829.673|12058|0|0|0|2022-04-17 21:48:44.519486+02
1533|1650231262.705928|2022-04-17 23:34:22.705928+02|16385|test|33|1744658764|0|3323607|9040588514|2047925608|2030053447|294073321|284071702|747|0|1|200450048|0|||0|0|194477798.657|80312594.508|31353039.509|12060|0|0|0|2022-04-17 21:48:44.519486+02
1534|1650231263.731949|2022-04-17 23:34:23.731949+02|16385|test|33|1744742792|0|3324237|9041517504|2048094516|2030221707|294157345|284155726|747|0|1|200450048|0|||0|0|194509829.968|80329596.958|31362284.134|12062|0|0|0|2022-04-17 21:48:44.519486+02
1535|1650231264.758202|2022-04-17 23:34:24.758202+02|16385|test|33|1744827100|0|3324745|9042449172|2048263944|2030390527|294241649|284240030|747|0|1|200450048|0|||0|0|194541860.444|80346544.123|31371558.061|12064|0|0|0|2022-04-17 21:48:44.519486+02
1536|1650231265.784942|2022-04-17 23:34:25.784942+02|16385|test|33|1744911763|0|3325230|9043384608|2048434118|2030560057|294326308|284324689|747|0|1|200450048|0|||0|0|194573890.906|80363434.046|31380855.985|12066|0|0|0|2022-04-17 21:48:44.519486+02
1537|1650231266.810826|2022-04-17 23:34:26.810826+02|16385|test|33|1744994440|0|3325836|9044298164|2048600271|2030725615|294408981|284407362|747|0|1|200450048|0|||0|0|194605919.942|80380642.625|31389964.289|12068|0|0|0|2022-04-17 21:48:44.519486+02
1538|1650231267.837375|2022-04-17 23:34:27.837375+02|16385|test|33|1745079067|0|3326384|9045233466|2048770377|2030895073|294493604|284491985|747|0|1|200450048|0|||0|0|194637952.296|80397543.356|31399263.141|12070|0|0|0|2022-04-17 21:48:44.519486+02
1539|1650231268.864243|2022-04-17 23:34:28.864243+02|16385|test|33|1745163916|0|3326910|9046170883|2048940898|2031064975|294578449|284576830|747|0|1|200450048|0|||0|0|194670001.537|80414464.193|31408553.35|12072|0|0|0|2022-04-17 21:48:44.519486+02
1540|1650231269.891318|2022-04-17 23:34:29.891318+02|16385|test|33|1745247543|0|3327398|9047094976|2049108950|2031232433|294662072|284660453|747|0|1|200450048|0|||0|0|194702077.977|80431587.574|31417737.117|12074|0|0|0|2022-04-17 21:48:44.519486+02
1541|1650231270.917614|2022-04-17 23:34:30.917614+02|16385|test|33|1745331451|0|3327885|9048022102|2049277544|2031400453|294745976|284744357|747|0|1|200450048|0|||0|0|194734107.987|80448600.096|31426974.575|12076|0|0|0|2022-04-17 21:48:44.519486+02
1542|1650231271.944422|2022-04-17 23:34:31.944422+02|16385|test|33|1745416023|0|3328468|9048956136|2049447527|2031569801|294830544|284828925|747|0|1|200450048|0|||0|0|194766138.012|80465501.798|31436261.19|12078|0|0|0|2022-04-17 21:48:44.519486+02
1543|1650231272.970910|2022-04-17 23:34:32.97091+02|16385|test|33|1745505790|0|3329138|9049948372|2049627868|2031749539|294920307|284918688|747|0|1|200450048|0|||0|0|194800169.407|80483434.514|31446149.162|12080|0|0|0|2022-04-17 21:48:44.519486+02
1544|1650231273.996732|2022-04-17 23:34:33.996732+02|16385|test|33|1745589044|0|3329545|9050868389|2049795158|2031916251|295003557|285001938|747|0|1|200450048|0|||0|0|194832200.092|80500522.349|31455341.96|12082|0|0|0|2022-04-17 21:48:44.519486+02
1545|1650231275.021915|2022-04-17 23:34:35.021915+02|16385|test|33|1745684072|0|3330174|9051918453|2049986041|2032106511|295098581|285096962|747|0|1|200450048|0|||0|0|194868247.722|80519573.249|31465787.344|12084|0|0|0|2022-04-17 21:48:44.519486+02
1546|1650231276.048225|2022-04-17 23:34:36.048225+02|16385|test|33|1745768525|0|3330661|9052851489|2050155712|2032275621|295183030|285181411|747|0|1|200450048|0|||0|0|194900277.041|80536465.534|31475088.093|12086|0|0|0|2022-04-17 21:48:44.519486+02
1547|1650231277.075075|2022-04-17 23:34:37.075075+02|16385|test|33|1745879222|0|3331393|9054074717|2050378059|2032497219|295293723|285292104|747|0|1|200450048|0|||0|0|194942338.89|80558701.713|31487278.193|12088|0|0|0|2022-04-17 21:48:44.519486+02
1548|1650231278.100070|2022-04-17 23:34:38.10007+02|16385|test|33|1745963856|0|3332081|9055010076|2050548075|2032666691|295378353|285376734|747|0|1|200450048|0|||0|0|194974369.469|80575590.057|31496585.694|12090|0|0|0|2022-04-17 21:48:44.519486+02
1549|1650231279.124738|2022-04-17 23:34:39.124738+02|16385|test|33|1746046792|0|3332687|9055926459|2050714720|2032832767|295461285|285459666|747|0|1|200450048|0|||0|0|195006397.877|80592780.426|31505699.075|12092|0|0|0|2022-04-17 21:48:44.519486+02
1550|1650231280.150204|2022-04-17 23:34:40.150204+02|16385|test|33|1746126374|0|3332971|9056805338|2050874660|2032992135|295540863|285539244|747|0|1|200450048|0|||0|0|195038428.405|80610556.964|31514459.453|12094|0|0|0|2022-04-17 21:48:44.519486+02
1551|1650231281.177306|2022-04-17 23:34:41.177306+02|16385|test|33|1746211247|0|3333560|9057743523|2051045177|2033162085|295625732|285624113|747|0|1|200450048|0|||0|0|195070471.359|80627447.691|31523757.608|12096|0|0|0|2022-04-17 21:48:44.519486+02
1552|1650231282.203737|2022-04-17 23:34:42.203737+02|16385|test|33|1746294930|0|3334068|9058668228|2051213299|2033329655|295709411|285707792|747|0|1|200450048|0|||0|0|195102507.54|80644497.122|31532979.619|12098|0|0|0|2022-04-17 21:48:44.519486+02
1553|1650231283.230558|2022-04-17 23:34:43.230558+02|16385|test|33|1746378917|0|3334618|9059596485|2051381986|2033497833|295793394|285791775|747|0|1|200450048|0|||0|0|195134537.999|80661467.007|31542236.07|12100|0|0|0|2022-04-17 21:48:44.519486+02
1554|1650231284.257489|2022-04-17 23:34:44.257489+02|16385|test|33|1746463575|0|3335106|9060532037|2051552043|2033667353|295878048|285876429|747|0|1|200450048|0|||0|0|195166569.792|80678310.26|31551575.977|12102|0|0|0|2022-04-17 21:48:44.519486+02
1555|1650231285.284296|2022-04-17 23:34:45.284296+02|16385|test|33|1746548436|0|3335658|9061469946|2051722455|2033837279|295962905|285961286|747|0|1|200450048|0|||0|0|195198603.316|80695167.098|31560900.639|12104|0|0|0|2022-04-17 21:48:44.519486+02
1556|1650231286.310587|2022-04-17 23:34:46.310587+02|16385|test|33|1746631523|0|3336290|9062388496|2051889349|2034003657|296045988|286044369|747|0|1|200450048|0|||0|0|195230633.645|80712287.813|31570061.439|12106|0|0|0|2022-04-17 21:48:44.519486+02
1557|1650231287.336290|2022-04-17 23:34:47.33629+02|16385|test|33|1746716331|0|3336776|9063325253|2052059673|2034173477|296130792|286129173|747|0|1|200450048|0|||0|0|195262664.187|80729138.776|31579400.446|12108|0|0|0|2022-04-17 21:48:44.519486+02
1558|1650231288.363346|2022-04-17 23:34:48.363346+02|16385|test|33|1746801178|0|3337303|9064262781|2052230096|2034343375|296215635|286214016|747|0|1|200450048|0|||0|0|195294696.934|80745983.686|31588737.149|12110|0|0|0|2022-04-17 21:48:44.519486+02
1559|1650231289.390464|2022-04-17 23:34:49.390464+02|16385|test|33|1746884528|0|3337894|9065183992|2052397506|2034510279|296298981|286297362|747|0|1|200450048|0|||0|0|195326729.318|80763049.052|31597942.644|12112|0|0|0|2022-04-17 21:48:44.519486+02
1560|1650231290.416992|2022-04-17 23:34:50.416992+02|16385|test|33|1746968626|0|3338362|9066113140|2052566433|2034678679|296383075|286381456|747|0|1|200450048|0|||0|0|195358760.325|80779980.036|31607219.693|12114|0|0|0|2022-04-17 21:48:44.519486+02
1561|1650231291.444144|2022-04-17 23:34:51.444144+02|16385|test|33|1747053507|0|3338811|9067051205|2052736899|2034848645|296467952|286466333|747|0|1|200450048|0|||0|0|195390791.87|80796780.802|31616577.65|12116|0|0|0|2022-04-17 21:48:44.519486+02
1562|1650231292.471431|2022-04-17 23:34:52.471431+02|16385|test|34|1747138285|0|3339541|9067988409|2052907154|2035018393|296552727|286551108|747|0|1|200450048|0|||0|0|195422822.021|80813616.233|31625923.444|12117|0|0|0|2022-04-17 21:48:44.519486+02
1563|1650231293.488420|2022-04-17 23:34:53.48842+02|16385|test|34|1747225636|0|3340010|9068955615|2053082921|2035193311|296640073|286638454|747|0|1|200450048|0|||0|0|195456851.994|80831728.558|31635723.103|12120|0|0|0|2022-04-17 21:48:44.519486+02
1564|1650231294.515559|2022-04-17 23:34:54.515559+02|16385|test|34|1747315525|0|3340519|9069965617|2053266025|2035373293|296729958|286728339|747|0|1|200450048|0|||0|0|195491382.817|80849769.758|31645881.545|12122|0|0|0|2022-04-17 21:48:44.519486+02
1565|1650231295.540163|2022-04-17 23:34:55.540163+02|16385|test|34|1747400569|0|3341071|9070944538|2053442848|2035543585|296814998|286813379|747|0|1|200450048|0|||0|0|195523913.908|80866738.75|31655454.505|12124|0|0|0|2022-04-17 21:48:44.519486+02
1566|1650231296.566417|2022-04-17 23:34:56.566417+02|16385|test|33|1747512754|0|3341760|9072423118|2053679140|2035769174|296927184|286925560|756|0|1|200450048|0|||0|0|195566983.469|80889364.58|31668034.797|12126|0|0|0|2022-04-17 21:48:44.519486+02
1567|1650231297.592510|2022-04-17 23:34:57.59251+02|16385|test|33|1747597713|0|3342350|9073363909|2053850114|2035939296|297012139|287010515|756|0|1|200450048|0|||0|0|195599014.9|80906189.807|31677377.736|12128|0|0|0|2022-04-17 21:48:44.519486+02
1568|1650231298.618851|2022-04-17 23:34:58.618851+02|16385|test|33|1747682570|0|3342919|9074302847|2054020810|2036109214|297096992|287095368|756|0|1|200450048|0|||0|0|195631046.426|80923018.38|31686721.367|12130|0|0|0|2022-04-17 21:48:44.519486+02
1569|1650231299.645240|2022-04-17 23:34:59.64524+02|16385|test|33|1747765554|0|3343449|9075221099|2054187752|2036275386|297179972|287178348|756|0|1|200450048|0|||0|0|195663078.398|80940137.283|31695879.537|12132|0|0|0|2022-04-17 21:48:44.519486+02
1570|1650231300.671705|2022-04-17 23:35:00.671705+02|16385|test|33|1747850010|0|3344055|9076154748|2054357525|2036444502|297264424|287262800|756|0|1|200450048|0|||0|0|195695108.776|80957072.539|31705159.87|12134|0|0|0|2022-04-17 21:48:44.519486+02
1571|1650231301.698345|2022-04-17 23:35:01.698345+02|16385|test|33|1747935061|0|3344587|9077095258|2054528500|2036614808|297349471|287347847|756|0|1|200450048|0|||0|0|195727202.143|80973958.564|31714508.926|12136|0|0|0|2022-04-17 21:48:44.519486+02
1572|1650231302.725249|2022-04-17 23:35:02.725249+02|16385|test|33|1748018654|0|3345073|9078019011|2054696513|2036782198|297433060|287431436|756|0|1|200450048|0|||0|0|195759300.894|80991123.745|31723681.501|12138|0|0|0|2022-04-17 21:48:44.519486+02
1573|1650231303.751296|2022-04-17 23:35:03.751296+02|16385|test|33|1748103189|0|3345543|9078953696|2054866421|2036951472|297517591|287515967|756|0|1|200450048|0|||0|0|195791331.323|81008007.454|31732984.346|12140|0|0|0|2022-04-17 21:48:44.519486+02
1574|1650231304.777997|2022-04-17 23:35:04.777997+02|16385|test|33|1748188879|0|3346130|9079900590|2055038642|2037123056|297603277|287601653|756|0|1|200450048|0|||0|0|195823700.971|81025002.912|31742434.652|12142|0|0|0|2022-04-17 21:48:44.519486+02
1575|1650231305.804952|2022-04-17 23:35:05.804952+02|16385|test|33|1748273665|0|3346760|9080838087|2055209053|2037292832|297688059|287686435|756|0|1|200450048|0|||0|0|195855733.504|81041848.133|31751776.856|12144|0|0|0|2022-04-17 21:48:44.519486+02
1576|1650231306.831433|2022-04-17 23:35:06.831433+02|16385|test|33|1748356813|0|3347190|9081756995|2055376128|2037459332|297771203|287769579|756|0|1|200450048|0|||0|0|195887765.054|81058959.875|31760944.148|12146|0|0|0|2022-04-17 21:48:44.519486+02
1577|1650231307.857654|2022-04-17 23:35:07.857654+02|16385|test|33|1748441740|0|3347822|9082696179|2055546787|2037629390|297856126|287854502|756|0|1|200450048|0|||0|0|195919795.925|81075764.345|31770304.384|12148|0|0|0|2022-04-17 21:48:44.519486+02
1578|1650231308.884304|2022-04-17 23:35:08.884304+02|16385|test|33|1748526590|0|3348332|9083634082|2055717278|2037799294|297940972|287939348|756|0|1|200450048|0|||0|0|195951827.625|81092554.367|31779678.859|12150|0|0|0|2022-04-17 21:48:44.519486+02
1579|1650231309.911009|2022-04-17 23:35:09.911009+02|16385|test|33|1748610088|0|3348756|9084556400|2055885061|2037966494|298024466|288022842|756|0|1|200450048|0|||0|0|195983856.478|81109634.95|31788865.422|12152|0|0|0|2022-04-17 21:48:44.519486+02
1580|1650231310.937308|2022-04-17 23:35:10.937308+02|16385|test|33|1748689830|0|3349343|9085437509|2056045264|2038126182|298104204|288102580|756|0|1|200450048|0|||0|0|196015890.065|81127347.894|31797664.013|12154|0|0|0|2022-04-17 21:48:44.519486+02
1581|1650231311.964140|2022-04-17 23:35:11.96414+02|16385|test|33|1748774625|0|3349952|9086374575|2056215625|2038295976|298188995|288187371|756|0|1|200450048|0|||0|0|196047924.766|81144258.764|31806951.641|12156|0|0|0|2022-04-17 21:48:44.519486+02
1582|1650231312.990836|2022-04-17 23:35:12.990836+02|16385|test|33|1748864560|0|3350459|9087367905|2056396292|2038476050|298278926|288277302|756|0|1|200450048|0|||0|0|196081958.331|81162223.218|31816821.922|12158|0|0|0|2022-04-17 21:48:44.519486+02
1583|1650231314.017203|2022-04-17 23:35:14.017203+02|16385|test|33|1748947919|0|3350947|9088289015|2056563766|2038642972|298362281|288360657|756|0|1|200450048|0|||0|0|196113988.528|81179326.176|31825993.555|12160|0|0|0|2022-04-17 21:48:44.519486+02
1584|1650231315.042414|2022-04-17 23:35:15.042414+02|16385|test|33|1749040362|0|3351518|9089310893|2056749448|2038828062|298454720|288453096|756|0|1|200450048|0|||0|0|196149019.498|81197777.091|31836186.964|12162|0|0|0|2022-04-17 21:48:44.519486+02
1585|1650231316.068641|2022-04-17 23:35:16.068641+02|16385|test|33|1749127062|0|3352208|9090269418|2056923660|2039001666|298541416|288539792|756|0|1|200450048|0|||0|0|196182051.913|81215234.683|31845770.019|12164|0|0|0|2022-04-17 21:48:44.519486+02
1586|1650231317.094759|2022-04-17 23:35:17.094759+02|16385|test|33|1749237530|0|3352877|9091489694|2057145489|2039222806|298651880|288650256|756|0|1|200450048|0|||0|0|196224106.862|81237480.043|31857945.241|12166|0|0|0|2022-04-17 21:48:44.519486+02
1587|1650231318.120738|2022-04-17 23:35:18.120738+02|16385|test|33|1749322183|0|3353387|9092425284|2057315499|2039392316|298736529|288734905|756|0|1|200450048|0|||0|0|196256139.521|81254329.119|31867281.226|12168|0|0|0|2022-04-17 21:48:44.519486+02
1588|1650231319.146840|2022-04-17 23:35:19.14684+02|16385|test|33|1749405443|0|3353834|9093345179|2057482776|2039559040|298819785|288818161|756|0|1|200450048|0|||0|0|196288168.671|81271468.486|31876435.336|12170|0|0|0|2022-04-17 21:48:44.519486+02
1589|1650231320.172810|2022-04-17 23:35:20.17281+02|16385|test|33|1749490166|0|3354441|9094281182|2057652975|2039728690|298904504|288902880|756|0|1|200450048|0|||0|0|196320199.328|81288293.033|31885781.912|12172|0|0|0|2022-04-17 21:48:44.519486+02
1590|1650231321.199885|2022-04-17 23:35:21.199885+02|16385|test|33|1749575027|0|3355009|9095218794|2057823405|2039898616|298989361|288987737|756|0|1|200450048|0|||0|0|196352231.589|81305130.996|31895113.316|12174|0|0|0|2022-04-17 21:48:44.519486+02
1591|1650231322.225931|2022-04-17 23:35:22.225931+02|16385|test|33|1749658269|0|3355493|9096138180|2057990631|2040065304|299072599|289070975|756|0|1|200450048|0|||0|0|196384260.235|81322226.723|31904296.915|12176|0|0|0|2022-04-17 21:48:44.519486+02
1592|1650231323.252120|2022-04-17 23:35:23.25212+02|16385|test|33|1749742754|0|3356123|9097072044|2058160341|2040234478|299157080|289155456|756|0|1|200450048|0|||0|0|196416290.35|81339057.637|31913646.919|12178|0|0|0|2022-04-17 21:48:44.519486+02
1593|1650231324.278825|2022-04-17 23:35:24.278825+02|16385|test|33|1749827612|0|3356591|9098009524|2058330759|2040404398|299241934|289240310|756|0|1|200450048|0|||0|0|196448332.846|81355883.846|31923009.086|12180|0|0|0|2022-04-17 21:48:44.519486+02
1594|1650231325.305565|2022-04-17 23:35:25.305565+02|16385|test|33|1749912471|0|3357140|9098947297|2058501214|2040574320|299326789|289325165|756|0|1|200450048|0|||0|0|196480366.886|81372684.751|31932378.087|12182|0|0|0|2022-04-17 21:48:44.519486+02
1595|1650231326.331765|2022-04-17 23:35:26.331765+02|16385|test|33|1749994931|0|3357650|9099858552|2058666795|2040739444|299409245|289407621|756|0|1|200450048|0|||0|0|196512397.446|81389902.981|31941480.853|12184|0|0|0|2022-04-17 21:48:44.519486+02
1596|1650231327.358439|2022-04-17 23:35:27.358439+02|16385|test|33|1750079668|0|3358115|9100794436|2058836967|2040909122|299493978|289492354|756|0|1|200450048|0|||0|0|196544431.315|81406745.197|31950812.063|12186|0|0|0|2022-04-17 21:48:44.519486+02
1597|1650231328.384500|2022-04-17 23:35:28.3845+02|16385|test|33|1750164517|0|3358742|9101731708|2059007354|2041079024|299578823|289577199|756|0|1|200450048|0|||0|0|196576462.552|81423568.269|31960166.291|12188|0|0|0|2022-04-17 21:48:44.519486+02
1598|1650231329.410853|2022-04-17 23:35:29.410853+02|16385|test|33|1750247718|0|3359390|9102651102|2059174462|2041245630|299662020|289660396|756|0|1|200450048|0|||0|0|196608562.947|81440755.325|31969327.726|12190|0|0|0|2022-04-17 21:48:44.519486+02
1599|1650231330.436776|2022-04-17 23:35:30.436776+02|16385|test|33|1750332570|0|3359754|9103588044|2059344864|2041415538|299746868|289745244|756|0|1|200450048|0|||0|0|196640593.243|81457566.206|31978672.736|12192|0|0|0|2022-04-17 21:48:44.519486+02
1600|1650231331.463501|2022-04-17 23:35:31.463501+02|16385|test|33|1750417443|0|3360326|9104526192|2059515306|2041585488|299831737|289830113|756|0|1|200450048|0|||0|0|196672640.88|81474396.959|31988026.643|12194|0|0|0|2022-04-17 21:48:44.519486+02
1601|1650231332.490428|2022-04-17 23:35:32.490428+02|16385|test|33|1750502381|0|3360940|9105465380|2059685867|2041755568|299916671|289915047|756|0|1|200450048|0|||0|0|196704711.512|81491203.759|31997417.426|12196|0|0|0|2022-04-17 21:48:44.519486+02
1602|1650231333.517055|2022-04-17 23:35:33.517055+02|16385|test|33|1750591133|0|3361345|9106445556|2059864063|2041933276|300005419|290003795|756|0|1|200450048|0|||0|0|196738743.422|81509395.176|32007137.309|12198|0|0|0|2022-04-17 21:48:44.519486+02
1603|1650231334.544251|2022-04-17 23:35:34.544251+02|16385|test|33|1750680945|0|3362176|9107438341|2060044440|2042113104|300095227|290093603|756|0|1|200450048|0|||0|0|196772775.297|81527334.459|32017039.036|12200|0|0|0|2022-04-17 21:48:44.519486+02
1604|1650231335.570346|2022-04-17 23:35:35.570346+02|16385|test|33|1750768141|0|3362605|9108401514|2060219541|2042287700|300182419|290180795|756|0|1|200450048|0|||0|0|196805805.546|81544758.3|32026636.532|12202|0|0|0|2022-04-17 21:48:44.519486+02
1605|1650231336.597309|2022-04-17 23:35:36.597309+02|16385|test|33|1750875733|0|3363378|9109590725|2060435517|2042503088|300290007|290288383|756|0|1|200450048|0|||0|0|196846838.4|81566472.543|32038512.084|12204|0|0|0|2022-04-17 21:48:44.519486+02
1606|1650231337.624147|2022-04-17 23:35:37.624147+02|16385|test|33|1750964796|0|3363785|9110574370|2060614328|2042681418|300379066|290377442|756|0|1|200450048|0|||0|0|196880899.883|81584555.196|32048340.691|12206|0|0|0|2022-04-17 21:48:44.519486+02
1607|1650231338.650824|2022-04-17 23:35:38.650824+02|16385|test|33|1751045256|0|3364313|9111463266|2060775870|2042842542|300459522|290457898|756|0|1|200450048|0|||0|0|196912956.729|81602006.773|32057320.471|12208|0|0|0|2022-04-17 21:48:44.519486+02
1608|1650231339.677334|2022-04-17 23:35:39.677334+02|16385|test|33|1751131371|0|3364899|9112414354|2060948735|2043014976|300545633|290544009|756|0|1|200450048|0|||0|0|196944988.683|81618763.115|32066694.927|12210|0|0|0|2022-04-17 21:48:44.519486+02
1609|1650231340.703993|2022-04-17 23:35:40.703993+02|16385|test|33|1751217026|0|3365728|9113360999|2061120751|2043186490|300631284|290629660|756|0|1|200450048|0|||0|0|196977020.449|81635435.503|32076141.742|12212|0|0|0|2022-04-17 21:48:44.519486+02
1610|1650231341.730952|2022-04-17 23:35:41.730952+02|16385|test|33|1751302609|0|3365952|9114305942|2061292551|2043357860|300716863|290715239|756|0|1|200450048|0|||0|0|197009052.162|81652005.021|32085662.742|12214|0|0|0|2022-04-17 21:48:44.519486+02
1611|1650231342.756687|2022-04-17 23:35:42.756687+02|16385|test|33|1751388123|0|3366561|9115250693|2061464217|2043529092|300802373|290800749|756|0|1|200450048|0|||0|0|197041083.66|81668748.315|32095072.846|12216|0|0|0|2022-04-17 21:48:44.519486+02
1612|1650231343.783200|2022-04-17 23:35:43.7832+02|16385|test|33|1751474339|0|3367227|9116202909|2061637304|2043701728|300888585|290886961|756|0|1|200450048|0|||0|0|197073117.437|81685241.003|32104645.485|12218|0|0|0|2022-04-17 21:48:44.519486+02
1613|1650231344.809239|2022-04-17 23:35:44.809239+02|16385|test|33|1751560197|0|3367611|9117150733|2061809644|2043873648|300974439|290972815|756|0|1|200450048|0|||0|0|197105148.733|81701808.915|32114175.413|12220|0|0|0|2022-04-17 21:48:44.519486+02
1614|1650231345.834897|2022-04-17 23:35:45.834897+02|16385|test|33|1751645085|0|3368180|9118088551|2061980048|2044043628|301059323|291057699|756|0|1|200450048|0|||0|0|197137179.001|81718734.681|32123474.679|12222|0|0|0|2022-04-17 21:48:44.519486+02
1615|1650231346.860715|2022-04-17 23:35:46.860715+02|16385|test|33|1751730941|0|3368766|9119036781|2062152386|2044215544|301145175|291143551|756|0|1|200450048|0|||0|0|197169208.548|81735345.95|32132956.105|12224|0|0|0|2022-04-17 21:48:44.519486+02
1616|1650231347.887722|2022-04-17 23:35:47.887722+02|16385|test|33|1751817141|0|3369173|9119988729|2062325411|2044388148|301231371|291229747|756|0|1|200450048|0|||0|0|197201239.681|81751853.67|32142510.459|12226|0|0|0|2022-04-17 21:48:44.519486+02
1617|1650231348.913877|2022-04-17 23:35:48.913877+02|16385|test|33|1751903406|0|3369825|9120942315|2062498553|2044560882|301317632|291316008|756|0|1|200450048|0|||0|0|197233271.149|81768390.712|32152040.075|12228|0|0|0|2022-04-17 21:48:44.519486+02
1618|1650231349.940862|2022-04-17 23:35:49.940862+02|16385|test|33|1751989859|0|3370351|9121896990|2062672071|2044733992|301404081|291402457|756|0|1|200450048|0|||0|0|197265300.724|81784820.388|32161653.197|12230|0|0|0|2022-04-17 21:48:44.519486+02
1619|1650231350.967624|2022-04-17 23:35:50.967624+02|16385|test|33|1752076231|0|3370861|9122851491|2062845443|2044906940|301490449|291488825|756|0|1|200450048|0|||0|0|197297336.513|81801295.442|32171228.924|12232|0|0|0|2022-04-17 21:48:44.519486+02
1620|1650231351.994744|2022-04-17 23:35:51.994744+02|16385|test|33|1752162288|0|3371550|9123802341|2063018191|2045079258|301576502|291574878|756|0|1|200450048|0|||0|0|197329367.919|81817839.895|32180768.695|12234|0|0|0|2022-04-17 21:48:44.519486+02
1621|1650231353.021705|2022-04-17 23:35:53.021705+02|16385|test|34|1752252565|0|3371934|9124799094|2063199440|2045260016|301666775|291665151|756|0|1|200450048|0|||0|0|197363399.027|81835634.61|32190769.174|12236|0|0|0|2022-04-17 21:48:44.519486+02
1622|1650231354.048704|2022-04-17 23:35:54.048704+02|16385|test|34|1752339253|0|3372664|9125764750|2063374658|2045433596|301753459|291751835|756|0|1|200450048|0|||0|0|197396429.997|81852811.964|32200559.384|12238|0|0|0|2022-04-17 21:48:44.519486+02
1623|1650231355.074764|2022-04-17 23:35:55.074764+02|16385|test|34|1752429530|0|3373435|9126790587|2063560223|2045614354|301843732|291842108|756|0|1|200450048|0|||0|0|197430462.128|81870309.91|32210748.99|12240|0|0|0|2022-04-17 21:48:44.519486+02
1624|1650231356.101591|2022-04-17 23:35:56.101591+02|16385|test|34|1752521684|0|3373919|9127870277|2063754771|2045798866|301935882|291934258|756|0|1|200450048|0|||0|0|197464994.366|81887973.586|32221126.125|12242|0|0|0|2022-04-17 21:48:44.519486+02
1625|1650231357.128641|2022-04-17 23:35:57.128641+02|16385|test|33|1752630506|0|3374428|9129280737|2063979461|2046017569|302044705|292043076|765|0|1|200450048|0|||0|0|197505529.25|81908791.94|32233260.036|12244|0|0|0|2022-04-17 21:48:44.519486+02
1626|1650231358.154910|2022-04-17 23:35:58.15491+02|16385|test|33|1752716657|0|3374996|9130234174|2064152716|2046190075|302130852|292129223|765|0|1|200450048|0|||0|0|197537558.309|81925315.412|32242802.509|12246|0|0|0|2022-04-17 21:48:44.519486+02
1627|1650231359.181780|2022-04-17 23:35:59.18178+02|16385|test|33|1752802694|0|3375604|9131185749|2064325684|2046362353|302216885|292215256|765|0|1|200450048|0|||0|0|197569590.319|81941870.323|32252321.877|12248|0|0|0|2022-04-17 21:48:44.519486+02
1628|1650231360.208336|2022-04-17 23:36:00.208336+02|16385|test|33|1752888881|0|3376068|9132138233|2064498902|2046534931|302303068|292301439|765|0|1|200450048|0|||0|0|197601620.851|81958361.293|32261888.584|12250|0|0|0|2022-04-17 21:48:44.519486+02
1629|1650231361.235221|2022-04-17 23:36:01.235221+02|16385|test|33|1752975091|0|3376816|9133091396|2064672094|2046707555|302389274|292387645|765|0|1|200450048|0|||0|0|197633651.464|81974911.43|32271407.315|12252|0|0|0|2022-04-17 21:48:44.519486+02
1630|1650231362.261207|2022-04-17 23:36:02.261207+02|16385|test|33|1753060793|0|3377222|9134038082|2064844239|2046879163|302474972|292473343|765|0|1|200450048|0|||0|0|197665683.349|81991537.864|32280889.682|12254|0|0|0|2022-04-17 21:48:44.519486+02
1631|1650231363.287446|2022-04-17 23:36:03.287446+02|16385|test|33|1753146213|0|3377668|9134981942|2065015855|2047050207|302560388|292558759|765|0|1|200450048|0|||0|0|197697712.073|82008266.415|32290311.093|12256|0|0|0|2022-04-17 21:48:44.519486+02
1632|1650231364.314216|2022-04-17 23:36:04.314216+02|16385|test|33|1753232376|0|3378321|9135934730|2065188909|2047222737|302646547|292644918|765|0|1|200450048|0|||0|0|197729744.866|82024770.894|32299870.564|12258|0|0|0|2022-04-17 21:48:44.519486+02
1633|1650231365.340695|2022-04-17 23:36:05.340695+02|16385|test|33|1753318090|0|3378867|9136881597|2065361063|2047394369|302732257|292730628|765|0|1|200450048|0|||0|0|197761775.388|82041397.559|32309351.162|12260|0|0|0|2022-04-17 21:48:44.519486+02
1634|1650231366.367521|2022-04-17 23:36:06.367521+02|16385|test|33|1753404420|0|3379355|9137835476|2065534472|2047567233|302818583|292816954|765|0|1|200450048|0|||0|0|197793805.493|82057856.443|32318932.995|12262|0|0|0|2022-04-17 21:48:44.519486+02
1635|1650231367.393767|2022-04-17 23:36:07.393767+02|16385|test|33|1753490752|0|3379947|9138789903|2065707864|2047740101|302904911|292903282|765|0|1|200450048|0|||0|0|197825834.997|82074383.55|32328466.038|12264|0|0|0|2022-04-17 21:48:44.519486+02
1636|1650231368.420742|2022-04-17 23:36:08.420742+02|16385|test|33|1753576780|0|3380533|9139740235|2065880638|2047912361|302990935|292989306|765|0|1|200450048|0|||0|0|197857867.112|82090873.453|32338033.336|12266|0|0|0|2022-04-17 21:48:44.519486+02
1637|1650231369.446883|2022-04-17 23:36:09.446883+02|16385|test|33|1753663002|0|3381041|9140692719|2066053774|2048085009|303077153|293075524|765|0|1|200450048|0|||0|0|197889897.491|82107362.085|32347586.447|12268|0|0|0|2022-04-17 21:48:44.519486+02
1638|1650231370.473365|2022-04-17 23:36:10.473365+02|16385|test|33|1753748441|0|3381634|9141637280|2066225374|2048256091|303162588|293160959|765|0|1|200450048|0|||0|0|197921930.056|82124055.829|32357027.053|12270|0|0|0|2022-04-17 21:48:44.519486+02
1639|1650231371.500070|2022-04-17 23:36:11.50007+02|16385|test|33|1753833153|0|3382243|9142573490|2066395434|2048425719|303247296|293245667|765|0|1|200450048|0|||0|0|197953961.977|82140951.565|32366360.436|12272|0|0|0|2022-04-17 21:48:44.519486+02
1640|1650231372.526534|2022-04-17 23:36:12.526534+02|16385|test|33|1753916221|0|3382589|9143490856|2066562240|2048592059|303330360|293328731|765|0|1|200450048|0|||0|0|197986493.028|82158561.355|32375524.329|12274|0|0|0|2022-04-17 21:48:44.519486+02
1641|1650231373.553201|2022-04-17 23:36:13.553201+02|16385|test|33|1754009344|0|3383157|9144519577|2066749227|2048778509|303423479|293421850|765|0|1|200450048|0|||0|0|198021025.632|82176433.808|32385775.626|12276|0|0|0|2022-04-17 21:48:44.519486+02
1642|1650231374.579667|2022-04-17 23:36:14.579667+02|16385|test|33|1754099642|0|3383786|9145517221|2066930539|2048959309|303513773|293512144|765|0|1|200450048|0|||0|0|198054556.758|82193665.855|32395818.968|12278|0|0|0|2022-04-17 21:48:44.519486+02
1643|1650231375.605685|2022-04-17 23:36:15.605685+02|16385|test|33|1754189680|0|3384235|9146512167|2067111334|2049139589|303603807|293602178|765|0|1|200450048|0|||0|0|198088091.21|82210944.069|32405829.608|12280|0|0|0|2022-04-17 21:48:44.519486+02
1644|1650231376.631874|2022-04-17 23:36:16.631874+02|16385|test|33|1754299667|0|3385065|9147727035|2067332179|2049359767|303713790|293712161|765|0|1|200450048|0|||0|0|198129126.913|82232195.574|32418002.785|12282|0|0|0|2022-04-17 21:48:44.519486+02
1645|1650231377.657821|2022-04-17 23:36:17.657821+02|16385|test|33|1754388666|0|3385716|9148710868|2067510896|2049537969|303802785|293801156|765|0|1|200450048|0|||0|0|198162158.943|82249201.044|32427866.191|12284|0|0|0|2022-04-17 21:48:44.519486+02
1646|1650231378.684231|2022-04-17 23:36:18.684231+02|16385|test|33|1754474076|0|3386286|9149654561|2067682346|2049708993|303888191|293886562|765|0|1|200450048|0|||0|0|198194189.951|82266009.853|32437232.416|12286|0|0|0|2022-04-17 21:48:44.519486+02
1647|1650231379.710992|2022-04-17 23:36:19.710992+02|16385|test|33|1754560215|0|3386773|9150606157|2067855283|2049881475|303974326|293972697|765|0|1|200450048|0|||0|0|198226221.607|82282570.481|32446748.638|12288|0|0|0|2022-04-17 21:48:44.519486+02
1648|1650231380.737576|2022-04-17 23:36:20.737576+02|16385|test|33|1754646509|0|3387225|9151559901|2068028547|2050054267|304060616|294058987|765|0|1|200450048|0|||0|0|198258253.109|82299030.812|32456345.824|12290|0|0|0|2022-04-17 21:48:44.519486+02
1649|1650231381.764295|2022-04-17 23:36:21.764295+02|16385|test|33|1754732453|0|3387872|9152509199|2068201064|2050226359|304146556|294144927|765|0|1|200450048|0|||0|0|198290285.19|82315596.415|32465872.443|12292|0|0|0|2022-04-17 21:48:44.519486+02
1650|1650231382.790800|2022-04-17 23:36:22.7908+02|16385|test|33|1754818940|0|3388382|9153464830|2068374703|2050399537|304233039|294231410|765|0|1|200450048|0|||0|0|198322315.154|82332036.111|32475462.581|12294|0|0|0|2022-04-17 21:48:44.519486+02
1651|1650231383.817511|2022-04-17 23:36:23.817511+02|16385|test|33|1754904613|0|3388912|9154411462|2068546679|2050571087|304318708|294317079|765|0|1|200450048|0|||0|0|198354345.711|82348728.254|32484900.065|12296|0|0|0|2022-04-17 21:48:44.519486+02
1652|1650231384.844243|2022-04-17 23:36:24.844243+02|16385|test|33|1754991098|0|3389460|9155366797|2068720274|2050744261|304405189|294403560|765|0|1|200450048|0|||0|0|198386377.264|82365152.166|32494514.655|12298|0|0|0|2022-04-17 21:48:44.519486+02
1653|1650231385.871062|2022-04-17 23:36:25.871062+02|16385|test|33|1755077243|0|3390175|9156319293|2068893206|2050916755|304491330|294489701|765|0|1|200450048|0|||0|0|198418409.892|82381681.687|32504058.105|12300|0|0|0|2022-04-17 21:48:44.519486+02
1654|1650231386.898132|2022-04-17 23:36:26.898132+02|16385|test|33|1755163446|0|3390861|9157271749|2069066271|2051089365|304577529|294575900|765|0|1|200450048|0|||0|0|198450441.298|82398181.632|32513619.394|12302|0|0|0|2022-04-17 21:48:44.519486+02
1655|1650231387.924027|2022-04-17 23:36:27.924027+02|16385|test|33|1755249928|0|3391085|9158226173|2069239835|2051262533|304664007|294662378|765|0|1|200450048|0|||0|0|198482470.873|82414590.434|32523238.033|12304|0|0|0|2022-04-17 21:48:44.519486+02
1656|1650231388.950500|2022-04-17 23:36:28.9505+02|16385|test|33|1755336169|0|3391796|9159179312|2069412974|2051435219|304750244|294748615|765|0|1|200450048|0|||0|0|198514500.914|82431088.26|32532799.78|12306|0|0|0|2022-04-17 21:48:44.519486+02
1657|1650231389.977304|2022-04-17 23:36:29.977304+02|16385|test|33|1755422499|0|3392306|9160133126|2069586260|2051608083|304836570|294834941|765|0|1|200450048|0|||0|0|198546531.361|82447561.641|32542372.034|12308|0|0|0|2022-04-17 21:48:44.519486+02
1658|1650231391.004286|2022-04-17 23:36:31.004286+02|16385|test|33|1755508362|0|3392894|9161081743|2069758610|2051780013|304922429|294920800|765|0|1|200450048|0|||0|0|198578561.67|82464187.291|32551847.893|12310|0|0|0|2022-04-17 21:48:44.519486+02
1659|1650231392.030275|2022-04-17 23:36:32.030275+02|16385|test|33|1755594825|0|3393402|9162036894|2069932153|2051953143|305008888|295007259|765|0|1|200450048|0|||0|0|198610591.602|82480659.877|32561415.824|12312|0|0|0|2022-04-17 21:48:44.519486+02
1660|1650231393.056425|2022-04-17 23:36:33.056425+02|16385|test|33|1755688347|0|3393851|9163069748|2070119841|2052140391|305102406|295100777|765|0|1|200450048|0|||0|0|198645621.891|82499000.976|32571692.404|12314|0|0|0|2022-04-17 21:48:44.519486+02
1661|1650231394.083254|2022-04-17 23:36:34.083254+02|16385|test|33|1755777679|0|3394681|9164057073|2070299158|2052319259|305191734|295190105|765|0|1|200450048|0|||0|0|198679152.837|82516533.581|32581551.554|12316|0|0|0|2022-04-17 21:48:44.519486+02
1662|1650231395.109593|2022-04-17 23:36:35.109593+02|16385|test|33|1755868265|0|3395269|9165057892|2070480998|2052500635|305282316|295280687|765|0|1|200450048|0|||0|0|198712684.644|82533769.009|32591580.991|12318|0|0|0|2022-04-17 21:48:44.519486+02
1663|1650231396.136186|2022-04-17 23:36:36.136186+02|16385|test|33|1755979063|0|3395717|9166281305|2070703294|2052722435|305393110|295391481|765|0|1|200450048|0|||0|0|198753719.589|82554828.841|32603869.54|12320|0|0|0|2022-04-17 21:48:44.519486+02
1664|1650231397.162249|2022-04-17 23:36:37.162249+02|16385|test|33|1756067966|0|3396429|9167263788|2070881742|2052900445|305482009|295480380|765|0|1|200450048|0|||0|0|198786749.934|82571818.907|32613753.716|12322|0|0|0|2022-04-17 21:48:44.519486+02
1665|1650231398.189074|2022-04-17 23:36:38.189074+02|16385|test|33|1756154186|0|3397017|9168216159|2071054797|2053073089|305568225|295566596|765|0|1|200450048|0|||0|0|198818781.455|82588317.533|32623312.927|12324|0|0|0|2022-04-17 21:48:44.519486+02
1666|1650231399.215806|2022-04-17 23:36:39.215806+02|16385|test|33|1756240424|0|3397421|9169168218|2071227888|2053245769|305654459|295652830|765|0|1|200450048|0|||0|0|198850812.157|82604842.603|32632863.404|12326|0|0|0|2022-04-17 21:48:44.519486+02
1667|1650231400.242676|2022-04-17 23:36:40.242676+02|16385|test|33|1756326581|0|3398012|9170120445|2071400820|2053418287|305740612|295738983|765|0|1|200450048|0|||0|0|198882842.497|82621349.063|32642414.979|12328|0|0|0|2022-04-17 21:48:44.519486+02
1668|1650231401.269492|2022-04-17 23:36:41.269492+02|16385|test|33|1756412541|0|3398620|9171070031|2071573331|2053590411|305826568|295824939|765|0|1|200450048|0|||0|0|198914873.352|82637905.611|32651931.426|12330|0|0|0|2022-04-17 21:48:44.519486+02
1669|1650231402.296417|2022-04-17 23:36:42.296417+02|16385|test|33|1756497117|0|3399149|9172004177|2071743052|2053759767|305911140|295909511|765|0|1|200450048|0|||0|0|198947004.293|82654790.947|32661309.7|12332|0|0|0|2022-04-17 21:48:44.519486+02
1670|1650231403.322353|2022-04-17 23:36:43.322353+02|16385|test|33|1756580572|0|3399597|9172925998|2071910534|2053926881|305994591|295992962|765|0|1|200450048|0|||0|0|198979036.507|82671925.175|32670463.253|12334|0|0|0|2022-04-17 21:48:44.519486+02
1671|1650231404.349459|2022-04-17 23:36:44.349459+02|16385|test|33|1756666741|0|3400165|9173877844|2072083463|2054099423|306080756|296079127|765|0|1|200450048|0|||0|0|199011069.026|82688559.206|32679929.266|12336|0|0|0|2022-04-17 21:48:44.519486+02
1672|1650231405.375591|2022-04-17 23:36:45.375591+02|16385|test|33|1756752518|0|3400671|9174825038|2072255620|2054271181|306166529|296164900|765|0|1|200450048|0|||0|0|199043101.366|82705256.272|32689369.298|12338|0|0|0|2022-04-17 21:48:44.519486+02
1673|1650231406.402362|2022-04-17 23:36:46.402362+02|16385|test|33|1756838813|0|3401299|9175778331|2072428809|2054443975|306252820|296251191|765|0|1|200450048|0|||0|0|199075134.103|82721742.646|32698945.248|12340|0|0|0|2022-04-17 21:48:44.519486+02
1674|1650231407.428960|2022-04-17 23:36:47.42896+02|16385|test|33|1756924899|0|3401847|9176729250|2072601556|2054616351|306338902|296337273|765|0|1|200450048|0|||0|0|199107165.071|82738264.92|32708506.455|12342|0|0|0|2022-04-17 21:48:44.519486+02
1675|1650231408.455844|2022-04-17 23:36:48.455844+02|16385|test|33|1757010935|0|3402297|9177679897|2072774216|2054788627|306424934|296423305|765|0|1|200450048|0|||0|0|199139195.937|82754853.862|32718005.787|12344|0|0|0|2022-04-17 21:48:44.519486+02
1676|1650231409.482289|2022-04-17 23:36:49.482289+02|16385|test|33|1757097413|0|3402844|9178635022|2072947721|2054961787|306511408|296509779|765|0|1|200450048|0|||0|0|199171225.844|82771297.881|32727600.158|12346|0|0|0|2022-04-17 21:48:44.519486+02
1677|1650231410.509045|2022-04-17 23:36:50.509045+02|16385|test|33|1757183762|0|3403399|9179589383|2073120959|2055134689|306597753|296596124|765|0|1|200450048|0|||0|0|199203263.42|82787791.473|32737172.442|12348|0|0|0|2022-04-17 21:48:44.519486+02
1678|1650231411.535440|2022-04-17 23:36:51.53544+02|16385|test|33|1757269898|0|3404125|9180540637|2073293797|2055307165|306683885|296682256|765|0|1|200450048|0|||0|0|199235293.398|82804303.169|32746728.01|12350|0|0|0|2022-04-17 21:48:44.519486+02
1679|1650231412.562448|2022-04-17 23:36:52.562448+02|16385|test|34|1757355935|0|3404573|9181490794|2073466437|2055479431|306769919|296768290|765|0|1|200450048|0|||0|0|199267322.442|82820817.485|32756293.574|12351|0|0|0|2022-04-17 21:48:44.519486+02
1680|1650231413.578732|2022-04-17 23:36:53.578732+02|16385|test|34|1757448898|0|3405081|9182520422|2073653413|2055665573|306862877|296861248|765|0|1|200450048|0|||0|0|199302345.662|82838845.849|32766777.259|12354|0|0|0|2022-04-17 21:48:44.519486+02
1681|1650231414.604515|2022-04-17 23:36:54.604515+02|16385|test|34|1757539288|0|3405730|9183535992|2073837403|2055846557|306953263|296951634|765|0|1|200450048|0|||0|0|199336876.635|82856918.549|32776921.182|12356|0|0|0|2022-04-17 21:48:44.519486+02
1682|1650231415.631110|2022-04-17 23:36:55.63111+02|16385|test|34|1757639567|0|3406393|9184691807|2074046175|2056047319|307053538|297051909|765|0|1|200450048|0|||0|0|199374409.339|82876130.49|32788188.863|12358|0|0|0|2022-04-17 21:48:44.519486+02
1683|1650231416.657483|2022-04-17 23:36:56.657483+02|16385|test|33|1757732808|0|3406964|9185941407|2074241149|2056234860|307146780|297145146|774|0|1|200450048|0|||0|0|199409440.703|82894253.242|32798601.106|12360|0|0|0|2022-04-17 21:48:44.519486+02
1684|1650231417.683519|2022-04-17 23:36:57.683519+02|16385|test|33|1757823490|0|3407614|9186945400|2074423513|2056416428|307237458|297235824|774|0|1|200450048|0|||0|0|199443470.803|82912054.232|32808594.528|12362|0|0|0|2022-04-17 21:48:44.519486+02
1685|1650231418.710000|2022-04-17 23:36:58.71+02|16385|test|33|1757909995|0|3408161|9187901708|2074597359|2056589642|307323959|297322325|774|0|1|200450048|0|||0|0|199475502.179|82928472.279|32818207.816|12364|0|0|0|2022-04-17 21:48:44.519486+02
1686|1650231419.738716|2022-04-17 23:36:59.738716+02|16385|test|33|1757996469|0|3408590|9188857821|2074771069|2056762794|307410429|297408795|774|0|1|200450048|0|||0|0|199507535.131|82944907.953|32827811.292|12366|0|0|0|2022-04-17 21:48:44.519486+02
1687|1650231420.765282|2022-04-17 23:37:00.765282+02|16385|test|33|1758082422|0|3409079|9189808115|2074943697|2056934904|307496378|297494744|774|0|1|200450048|0|||0|0|199539565.283|82961401.334|32837389.175|12368|0|0|0|2022-04-17 21:48:44.519486+02
1688|1650231421.792206|2022-04-17 23:37:01.792206+02|16385|test|33|1758168582|0|3409730|9190760529|2075116724|2057107428|307582534|297580900|774|0|1|200450048|0|||0|0|199571595.639|82977888.761|32846961.468|12370|0|0|0|2022-04-17 21:48:44.519486+02
1689|1650231422.819237|2022-04-17 23:37:02.819237+02|16385|test|33|1758254800|0|3410338|9191713344|2075289858|2057280068|307668748|297667114|774|0|1|200450048|0|||0|0|199603627.506|82994393.16|32856528.901|12372|0|0|0|2022-04-17 21:48:44.519486+02
1690|1650231423.846013|2022-04-17 23:37:03.846013+02|16385|test|33|1758340975|0|3410869|9192665871|2075462862|2057452622|307754919|297753285|774|0|1|200450048|0|||0|0|199635659.271|83010893.356|32866103.017|12374|0|0|0|2022-04-17 21:48:44.519486+02
1691|1650231424.872658|2022-04-17 23:37:04.872658+02|16385|test|33|1758426978|0|3411377|9193615969|2075635541|2057624832|307840918|297839284|774|0|1|200450048|0|||0|0|199667690.877|83027365.791|32875696.073|12376|0|0|0|2022-04-17 21:48:44.519486+02
1692|1650231425.898539|2022-04-17 23:37:05.898539+02|16385|test|33|1758513360|0|3411925|9194570271|2075808973|2057797800|307927296|297925662|774|0|1|200450048|0|||0|0|199699721.954|83043803.248|32885309.244|12378|0|0|0|2022-04-17 21:48:44.519486+02
1693|1650231426.925233|2022-04-17 23:37:06.925233+02|16385|test|33|1758599597|0|3412534|9195523044|2075982109|2057970478|308013529|298011895|774|0|1|200450048|0|||0|0|199731753.043|83060268.246|32894888.215|12380|0|0|0|2022-04-17 21:48:44.519486+02
1694|1650231427.952053|2022-04-17 23:37:07.952053+02|16385|test|33|1758685869|0|3413000|9196475864|2076155337|2058143226|308099797|298098163|774|0|1|200450048|0|||0|0|199763782.831|83076799.395|32904417.058|12382|0|0|0|2022-04-17 21:48:44.519486+02
1695|1650231428.977845|2022-04-17 23:37:08.977845+02|16385|test|33|1758771767|0|3413511|9197425174|2076327803|2058315226|308185691|298184057|774|0|1|200450048|0|||0|0|199795815.222|83093334.486|32913970.967|12384|0|0|0|2022-04-17 21:48:44.519486+02
1696|1650231430.003346|2022-04-17 23:37:10.003346+02|16385|test|33|1758825691|0|3414056|9198021178|2076436122|2058423278|308239611|298237977|774|0|1|200450048|0|||0|0|199827853.112|83116242.886|32919504.548|12386|0|0|0|2022-04-17 21:48:44.519486+02
1697|1650231431.029178|2022-04-17 23:37:11.029178+02|16385|test|33|1758884620|0|3414399|9198671959|2076554461|2058541340|308298536|298296902|774|0|1|200450048|0|||0|0|199859890.622|83138240.31|32925649.291|12388|0|0|0|2022-04-17 21:48:44.519486+02
1698|1650231432.053996|2022-04-17 23:37:12.053996+02|16385|test|33|1758956131|0|3414867|9199462209|2076698085|2058684566|308370043|298368409|774|0|1|200450048|0|||0|0|199893926.429|83159890.525|32933318.878|12390|0|0|0|2022-04-17 21:48:44.519486+02
1699|1650231433.080880|2022-04-17 23:37:13.08088+02|16385|test|33|1759033156|0|3415229|9200312473|2076852756|2058838820|308447064|298445430|774|0|1|200450048|0|||0|0|199926959.931|83179396.015|32941710.867|12392|0|0|0|2022-04-17 21:48:44.519486+02
1700|1650231434.108082|2022-04-17 23:37:14.108082+02|16385|test|33|1759116410|0|3415756|9201231949|2077019862|2059005532|308530314|298528680|774|0|1|200450048|0|||0|0|199960998.286|83198754.119|32950781.124|12394|0|0|0|2022-04-17 21:48:44.519486+02
1701|1650231435.134464|2022-04-17 23:37:15.134464+02|16385|test|33|1759204514|0|3416462|9202204935|2077196701|2059181944|308618414|298616780|774|0|1|200450048|0|||0|0|199995030.466|83217170.546|32960409.692|12396|0|0|0|2022-04-17 21:48:44.519486+02
1702|1650231436.161396|2022-04-17 23:37:16.161396+02|16385|test|33|1759307992|0|3416991|9203347771|2077404366|2059389104|308721888|298720254|774|0|1|200450048|0|||0|0|200034064.314|83237762.733|32971752.324|12398|0|0|0|2022-04-17 21:48:44.519486+02
1703|1650231437.187697|2022-04-17 23:37:17.187697+02|16385|test|33|1759397495|0|3417485|9204337129|2077584001|2059568314|308811387|298809753|774|0|1|200450048|0|||0|0|200068094.864|83255819.912|32981603.76|12400|0|0|0|2022-04-17 21:48:44.519486+02
1704|1650231438.214180|2022-04-17 23:37:18.21418+02|16385|test|33|1759481647|0|3418172|9205266654|2077752904|2059736822|308895535|298893901|774|0|1|200450048|0|||0|0|200100127.516|83272899.879|32990809.688|12402|0|0|0|2022-04-17 21:48:44.519486+02
1705|1650231439.240851|2022-04-17 23:37:19.240851+02|16385|test|33|1759567411|0|3418761|9206214325|2077925056|2059908554|308981295|298979661|774|0|1|200450048|0|||0|0|200132159.791|83289582.35|33000255.67|12404|0|0|0|2022-04-17 21:48:44.519486+02
1706|1650231440.266920|2022-04-17 23:37:20.26692+02|16385|test|33|1759653087|0|3419231|9207160874|2078097000|2060080110|309066967|299065333|774|0|1|200450048|0|||0|0|200164189.001|83306183.335|33009755.636|12406|0|0|0|2022-04-17 21:48:44.519486+02
1707|1650231441.294006|2022-04-17 23:37:21.294006+02|16385|test|33|1759739063|0|3419659|9208110351|2078269556|2060252266|309152939|299151305|774|0|1|200450048|0|||0|0|200196219.463|83322767.474|33019263.631|12408|0|0|0|2022-04-17 21:48:44.519486+02
1708|1650231442.319931|2022-04-17 23:37:22.319931+02|16385|test|33|1759823498|0|3420249|9209043092|2078439018|2060421340|309237370|299235736|774|0|1|200450048|0|||0|0|200228250.672|83339731.445|33028553.153|12410|0|0|0|2022-04-17 21:48:44.519486+02
1709|1650231443.346104|2022-04-17 23:37:23.346104+02|16385|test|33|1759908542|0|3420838|9209982633|2078609697|2060591632|309322410|299320776|774|0|1|200450048|0|||0|0|200260281.306|83356591.749|33037889.344|12412|0|0|0|2022-04-17 21:48:44.519486+02
1710|1650231444.372606|2022-04-17 23:37:24.372606+02|16385|test|33|1759993557|0|3421364|9210921482|2078780325|2060761866|309407421|299405787|774|0|1|200450048|0|||0|0|200292313.207|83373442.483|33047242.932|12414|0|0|0|2022-04-17 21:48:44.519486+02
1711|1650231445.399024|2022-04-17 23:37:25.399024+02|16385|test|33|1760079643|0|3421894|9211872613|2078953087|2060934242|309493503|299491869|774|0|1|200450048|0|||0|0|200324343.728|83390012.249|33056759.54|12416|0|0|0|2022-04-17 21:48:44.519486+02
1712|1650231446.426059|2022-04-17 23:37:26.426059+02|16385|test|33|1760165874|0|3422422|9212825118|2079126142|2061106908|309579730|299578096|774|0|1|200450048|0|||0|0|200356373.986|83406572.475|33066279.907|12418|0|0|0|2022-04-17 21:48:44.519486+02
1713|1650231447.452534|2022-04-17 23:37:27.452534+02|16385|test|33|1760251767|0|3422993|9213774153|2079298522|2061278898|309665619|299663985|774|0|1|200450048|0|||0|0|200388403.927|83423126.961|33075807.668|12420|0|0|0|2022-04-17 21:48:44.519486+02
1714|1650231448.479058|2022-04-17 23:37:28.479058+02|16385|test|33|1760337936|0|3423581|9214725926|2079471428|2061451440|309751784|299750150|774|0|1|200450048|0|||0|0|200420435.963|83439653.173|33085359.51|12422|0|0|0|2022-04-17 21:48:44.519486+02
1715|1650231449.506481|2022-04-17 23:37:29.506481+02|16385|test|33|1760423230|0|3424051|9215668264|2079642608|2061622232|309837074|299835440|774|0|1|200450048|0|||0|0|200452466.673|83456408.355|33094769.602|12424|0|0|0|2022-04-17 21:48:44.519486+02
1716|1650231450.532573|2022-04-17 23:37:30.532573+02|16385|test|33|1760509081|0|3424622|9216616899|2079814884|2061794138|309922921|299921287|774|0|1|200450048|0|||0|0|200484498.686|83473005.685|33104273.866|12426|0|0|0|2022-04-17 21:48:44.519486+02
1717|1650231451.559237|2022-04-17 23:37:31.559237+02|16385|test|33|1760599430|0|3425114|9217615292|2079996166|2061975040|310013266|300011632|774|0|1|200450048|0|||0|0|200518029.277|83490312.815|33114256.409|12428|0|0|0|2022-04-17 21:48:44.519486+02
1718|1650231452.584943|2022-04-17 23:37:32.584943+02|16385|test|33|1760689663|0|3425943|9218611906|2080177204|2062155710|310103495|300101861|774|0|1|200450048|0|||0|0|200551559.907|83507585.296|33124241.553|12430|0|0|0|2022-04-17 21:48:44.519486+02
1719|1650231453.610953|2022-04-17 23:37:33.610953+02|16385|test|33|1760779608|0|3426268|9219604885|2080357684|2062335804|310193436|300191802|774|0|1|200450048|0|||0|0|200585092.956|83524863.344|33134264.988|12432|0|0|0|2022-04-17 21:48:44.519486+02
1720|1650231454.636787|2022-04-17 23:37:34.636787+02|16385|test|33|1760868808|0|3427377|9220590669|2080536669|2062514408|310282632|300280998|774|0|1|200450048|0|||0|0|200618624.66|83542368.866|33144145.583|12434|0|0|0|2022-04-17 21:48:44.519486+02
1721|1650231455.663375|2022-04-17 23:37:35.663375+02|16385|test|33|1760976183|0|3427622|9221775607|2080752089|2062729362|310390003|300388369|774|0|1|200450048|0|||0|0|200658657.721|83563137.585|33156014.318|12436|0|0|0|2022-04-17 21:48:44.519486+02
1722|1650231456.689409|2022-04-17 23:37:36.689409+02|16385|test|33|1761067572|0|3428206|9222784525|2080935479|2062912344|310481388|300479754|774|0|1|200450048|0|||0|0|200692687.586|83580678.415|33166177.962|12438|0|0|0|2022-04-17 21:48:44.519486+02
1723|1650231457.715173|2022-04-17 23:37:37.715173+02|16385|test|33|1761153966|0|3428840|9223739506|2081108827|2063085336|310567778|300566144|774|0|1|200450048|0|||0|0|200724717.079|83597175.97|33175725.244|12440|0|0|0|2022-04-17 21:48:44.519486+02
1724|1650231458.741674|2022-04-17 23:37:38.741674+02|16385|test|33|1761240234|0|3429207|9224692126|2081281915|2063258076|310654042|300652408|774|0|1|200450048|0|||0|0|200756747.948|83613668.374|33185285.032|12442|0|0|0|2022-04-17 21:48:44.519486+02
1725|1650231459.768209|2022-04-17 23:37:39.768209+02|16385|test|33|1761326562|0|3429775|9225645580|2081455120|2063430936|310740366|300738732|774|0|1|200450048|0|||0|0|200788778.541|83630126.092|33194871.56|12444|0|0|0|2022-04-17 21:48:44.519486+02
1726|1650231460.794757|2022-04-17 23:37:40.794757+02|16385|test|33|1761411290|0|3430624|9226581741|2081625098|2063600596|310825090|300823456|774|0|1|200450048|0|||0|0|200820807.926|83647060.889|33204160.66|12446|0|0|0|2022-04-17 21:48:44.519486+02
1727|1650231461.821076|2022-04-17 23:37:41.821076+02|16385|test|33|1761497199|0|3430891|9227530084|2081797441|2063772618|310910995|300909361|774|0|1|200450048|0|||0|0|200852837.999|83663638.329|33213672.442|12448|0|0|0|2022-04-17 21:48:44.519486+02
1728|1650231462.847894|2022-04-17 23:37:42.847894+02|16385|test|33|1761582506|0|3431459|9228472300|2081968573|2063943436|310996298|300994664|774|0|1|200450048|0|||0|0|200884868.925|83680390.391|33223075.626|12450|0|0|0|2022-04-17 21:48:44.519486+02
1729|1650231463.874035|2022-04-17 23:37:43.874035+02|16385|test|33|1761663793|0|3431930|9229370524|2082131646|2064106214|311077581|301075947|774|0|1|200450048|0|||0|0|200916906.815|83697826.992|33232062.593|12452|0|0|0|2022-04-17 21:48:44.519486+02
1730|1650231464.899692|2022-04-17 23:37:44.899692+02|16385|test|33|1761749749|0|3432500|9230319931|2082304055|2064278330|311163533|301161899|774|0|1|200450048|0|||0|0|200948935.74|83714517.361|33241490.633|12454|0|0|0|2022-04-17 21:48:44.519486+02
1731|1650231465.926505|2022-04-17 23:37:45.926505+02|16385|test|33|1761835307|0|3433108|9231264987|2082475705|2064449650|311249087|301247453|774|0|1|200450048|0|||0|0|200980967.303|83731254.771|33250907.84|12456|0|0|0|2022-04-17 21:48:44.519486+02
1732|1650231466.952500|2022-04-17 23:37:46.9525+02|16385|test|33|1761920686|0|3433634|9232207692|2082646994|2064620612|311334462|301332828|774|0|1|200450048|0|||0|0|201012996.969|83747966.966|33260337.512|12458|0|0|0|2022-04-17 21:48:44.519486+02
1733|1650231467.978740|2022-04-17 23:37:47.97874+02|16385|test|33|1762006689|0|3434360|9233157389|2082819492|2064792822|311420461|301418827|774|0|1|200450048|0|||0|0|201045028.754|83764532.702|33269855.826|12460|0|0|0|2022-04-17 21:48:44.519486+02
1734|1650231469.004740|2022-04-17 23:37:49.00474+02|16385|test|33|1762091533|0|3434825|9234093839|2082989691|2064962714|311505301|301503667|774|0|1|200450048|0|||0|0|201077059.777|83781460|33279157.541|12462|0|0|0|2022-04-17 21:48:44.519486+02
1735|1650231470.030691|2022-04-17 23:37:50.030691+02|16385|test|33|1762176962|0|3435253|9235037399|2083161090|2065133776|311590726|301589092|774|0|1|200450048|0|||0|0|201109090.678|83798155.251|33288601.505|12464|0|0|0|2022-04-17 21:48:44.519486+02
1736|1650231471.059454|2022-04-17 23:37:51.059454+02|16385|test|33|1762263139|0|3435859|9235988935|2083333967|2065306334|311676899|301675265|774|0|1|200450048|0|||0|0|201141123.48|83814734.061|33298112.64|12466|0|0|0|2022-04-17 21:48:44.519486+02
1737|1650231472.085963|2022-04-17 23:37:52.085963+02|16385|test|33|1762357209|0|3436451|9237028273|2083522655|2065494678|311770965|301769331|774|0|1|200450048|0|||0|0|201176156.145|83832826.758|33308541.338|12468|0|0|0|2022-04-17 21:48:44.519486+02
1738|1650231473.112852|2022-04-17 23:37:53.112852+02|16385|test|34|1762446583|0|3436995|9238014794|2083701927|2065673630|311860335|301858701|774|0|1|200450048|0|||0|0|201209688.656|83850050.984|33318609.337|12470|0|0|0|2022-04-17 21:48:44.519486+02
1739|1650231474.140166|2022-04-17 23:37:54.140166+02|16385|test|34|1762534883|0|3437742|9238990236|2083879043|2065850434|311948631|301946997|774|0|1|200450048|0|||0|0|201243237.757|83867292.706|33328680.259|12472|0|0|0|2022-04-17 21:48:44.519486+02
1740|1650231475.167063|2022-04-17 23:37:55.167063+02|16385|test|34|1762640824|0|3438228|9240160847|2084091460|2066062520|312054568|302052934|774|0|1|200450048|0|||0|0|201283274.299|83887796.837|33340735.833|12474|0|0|0|2022-04-17 21:48:44.519486+02
1741|1650231476.193699|2022-04-17 23:37:56.193699+02|16385|test|34|1762730956|0|3438796|9241157980|2084272246|2066242988|312144696|302143062|774|0|1|200450048|0|||0|0|201317305.813|83905130.238|33351060.154|12476|0|0|0|2022-04-17 21:48:44.519486+02
1742|1650231477.220279|2022-04-17 23:37:57.220279+02|16385|test|34|1762815808|0|3439283|9242097438|2084442442|2066412896|312229544|302227910|774|0|1|200450048|0|||0|0|201349337.419|83921544.292|33360685.47|12478|0|0|0|2022-04-17 21:48:44.519486+02
1743|1650231478.246678|2022-04-17 23:37:58.246678+02|16385|test|34|1762898495|0|3439871|9243013026|2084608292|2066578474|312312227|302310593|774|0|1|200450048|0|||0|0|201381368.206|83938454.175|33370009.773|12480|0|0|0|2022-04-17 21:48:44.519486+02
1744|1650231479.273237|2022-04-17 23:37:59.273237+02|16385|test|34|1762979218|0|3440477|9243905651|2084770053|2066740124|312392946|302391312|774|0|1|200450048|0|||0|0|201413400.356|83955870.231|33379020.435|12482|0|0|0|2022-04-17 21:48:44.519486+02
1745|1650231480.299648|2022-04-17 23:38:00.299648+02|16385|test|34|1763061428|0|3440943|9244813877|2084934694|2066904748|312475152|302473518|774|0|1|200450048|0|||0|0|201445432.519|83973055.689|33388182.045|12484|0|0|0|2022-04-17 21:48:44.519486+02
1746|1650231481.326093|2022-04-17 23:38:01.326093+02|16385|test|34|1763146180|0|3441370|9245750320|2085104405|2067074456|312559900|302558266|774|0|1|200450048|0|||0|0|201477464.174|83989712.95|33397654.9|12486|0|0|0|2022-04-17 21:48:44.519486+02
1747|1650231482.352528|2022-04-17 23:38:02.352528+02|16385|test|34|1763230418|0|3441959|9246684355|2085273733|2067243456|312644134|302642500|774|0|1|200450048|0|||0|0|201509495.83|84006201.75|33407256.385|12488|0|0|0|2022-04-17 21:48:44.519486+02
1748|1650231483.378925|2022-04-17 23:38:03.378925+02|16385|test|34|1763314225|0|3442572|9247624738|2085443754|2067411274|312727937|302726303|774|0|1|200450048|0|||0|0|201541526.83|84023021.413|33416621.164|12490|0|0|0|2022-04-17 21:48:44.519486+02
1749|1650231484.405849|2022-04-17 23:38:04.405849+02|16385|test|34|1763398934|0|3443138|9248595450|2085618847|2067580896|312812642|302811008|774|0|1|200450048|0|||0|0|201573559.506|84039607.744|33426119.604|12492|0|0|0|2022-04-17 21:48:44.519486+02
1750|1650231485.432299|2022-04-17 23:38:05.432299+02|16385|test|34|1763483966|0|3443709|9249589616|2085798042|2067751836|312897670|302896036|774|0|1|200450048|0|||0|0|201605591.943|84055909.504|33435809.735|12494|0|0|0|2022-04-17 21:48:44.519486+02
1751|1650231486.458896|2022-04-17 23:38:06.458896+02|16385|test|34|1763568462|0|3444075|9250531286|2085968731|2067921032|312982162|302980528|774|0|1|200450048|0|||0|0|201637621.743|84072361.691|33445433.754|12496|0|0|0|2022-04-17 21:48:44.519486+02
1752|1650231487.486191|2022-04-17 23:38:07.486191+02|16385|test|34|1763653644|0|3444705|9251497061|2086143265|2068091588|313067341|303065707|774|0|1|200450048|0|||0|0|201669650.515|84088769.129|33455051.164|12497|0|0|0|2022-04-17 21:48:44.519486+02
1753|1650231488.502803|2022-04-17 23:38:08.502803+02|16385|test|34|1763739237|0|3445235|9252494662|2086323602|2068263001|313152927|303151293|774|0|1|200450048|0|||0|0|201701672.528|84105098.175|33464706.513|12500|0|0|0|2022-04-17 21:48:44.519486+02
1754|1650231489.528139|2022-04-17 23:38:09.528139+02|16385|test|2|1763820335|0|3445735|9253477300|2086499773|2068425910|313234011|303232377|774|0|1|200450048|0|||0|0|201732099.236|84120583.128|33473899.027|12507|0|0|0|2022-04-17 21:48:44.519486+02
