run|epoch|ts|datid|datname|numbackends|xact_commit|xact_rollback|blks_read|blks_hit|tup_returned|tup_fetched|tup_inserted|tup_updated|tup_deleted|conflicts|temp_files|temp_bytes|deadlocks|checksum_failures|checksum_last_failure|blk_read_time|blk_write_time|session_time|active_time|idle_in_transaction_time|sessions|sessions_abandoned|sessions_fatal|sessions_killed|stats_reset
1|1650456671.006317|2022-04-20 14:11:11.006317+02|16385|test|1|111480107|0|2261806|668629019|116774999|111690750|5000709|13|0|0|1|101588992|0|||0|0|14439564.004|1338232.826|4.633|1688|0|0|0|2022-04-20 13:54:59.705696+02
1|1650456672.115474|2022-04-20 14:11:12.115474+02|16385|test|17|111584787|0|2261806|669261558|116881600|111797259|5000709|13|0|0|1|101588992|0|||0|0|14455650.339|1339959.307|4.633|1708|0|0|0|2022-04-20 13:54:59.705696+02
2|1650456673.226246|2022-04-20 14:11:13.226246+02|16385|test|17|111701283|0|2261806|669961130|116998345|111914002|5000709|13|0|0|1|101588992|0|||0|0|14471687.619|1341478.96|4.633|1710|0|0|0|2022-04-20 13:54:59.705696+02
3|1650456674.343711|2022-04-20 14:11:14.343711+02|16385|test|17|111821778|0|2261806|670684696|117119089|112034744|5000709|13|0|0|1|101588992|0|||0|0|14487718.507|1342924.894|4.633|1712|0|0|0|2022-04-20 13:54:59.705696+02
4|1650456675.462076|2022-04-20 14:11:15.462076+02|16385|test|17|111944875|0|2261806|671423874|117242435|112158088|5000709|13|0|0|1|101588992|0|||0|0|14503765.519|1344326.987|4.633|1714|0|0|0|2022-04-20 13:54:59.705696+02
5|1650456676.570473|2022-04-20 14:11:16.570473+02|16385|test|17|112131685|0|2261806|672545330|117429494|112345145|5000709|13|0|0|1|101588992|0|||0|0|14527801.215|1346412.365|4.633|1716|0|0|0|2022-04-20 13:54:59.705696+02
6|1650456677.691660|2022-04-20 14:11:17.69166+02|16385|test|17|112255362|0|2261806|673287988|117553420|112469069|5000709|13|0|0|1|101588992|0|||0|0|14543833.441|1347791.691|4.633|1718|0|0|0|2022-04-20 13:54:59.705696+02
7|1650456678.812682|2022-04-20 14:11:18.812682+02|16385|test|17|112379168|0|2261806|674031420|117677475|112593122|5000709|13|0|0|1|101588992|0|||0|0|14559873.387|1349169.271|4.633|1720|0|0|0|2022-04-20 13:54:59.705696+02
8|1650456679.930110|2022-04-20 14:11:19.93011+02|16385|test|17|112503995|0|2261806|674780978|117802551|112718196|5000709|13|0|0|1|101588992|0|||0|0|14575908.541|1350561.522|4.633|1722|0|0|0|2022-04-20 13:54:59.705696+02
9|1650456681.044183|2022-04-20 14:11:21.044183+02|16385|test|17|112691589|0|2261806|675907138|117990394|112906037|5000709|13|0|0|1|101588992|0|||0|0|14599944.549|1352636.624|4.633|1724|0|0|0|2022-04-20 13:54:59.705696+02
10|1650456682.146588|2022-04-20 14:11:22.146588+02|16385|test|17|112813897|0|2261806|676641582|118112951|113028592|5000709|13|0|0|1|101588992|0|||0|0|14615983.246|1354096.218|4.633|1726|0|0|0|2022-04-20 13:54:59.705696+02
11|1650456683.229798|2022-04-20 14:11:23.229798+02|16385|test|17|112938553|0|2261806|677390114|118237856|113153495|5000709|13|0|0|1|101588992|0|||0|0|14632021.539|1355531.664|4.633|1728|0|0|0|2022-04-20 13:54:59.705696+02
12|1650456684.356832|2022-04-20 14:11:24.356832+02|16385|test|17|113062660|0|2261806|678135352|118362212|113277849|5000709|13|0|0|1|101588992|0|||0|0|14648062.261|1357001.855|4.633|1730|0|0|0|2022-04-20 13:54:59.705696+02
13|1650456685.473750|2022-04-20 14:11:25.47375+02|16385|test|17|113188698|0|2261806|678892176|118488499|113404134|5000709|13|0|0|1|101588992|0|||0|0|14664097.541|1358386.032|4.633|1732|0|0|0|2022-04-20 13:54:59.705696+02
14|1650456686.559308|2022-04-20 14:11:26.559308+02|16385|test|17|113374256|0|2261806|680006120|118674306|113589939|5000709|13|0|0|1|101588992|0|||0|0|14688137.357|1360616.369|4.633|1734|0|0|0|2022-04-20 13:54:59.705696+02
15|1650456687.649608|2022-04-20 14:11:27.649608+02|16385|test|17|113500334|0|2261806|680763184|118800633|113716264|5000709|13|0|0|1|101588992|0|||0|0|14704171.525|1362022.492|4.633|1736|0|0|0|2022-04-20 13:54:59.705696+02
16|1650456688.778664|2022-04-20 14:11:28.778664+02|16385|test|17|113626117|0|2261806|681518478|118926665|113842294|5000709|13|0|0|1|101588992|0|||0|0|14720201.974|1363437.224|4.633|1738|0|0|0|2022-04-20 13:54:59.705696+02
17|1650456689.869652|2022-04-20 14:11:29.869652+02|16385|test|17|113749260|0|2261806|682257932|119050057|113965684|5000709|13|0|0|1|101588992|0|||0|0|14736254.796|1364949.206|4.633|1740|0|0|0|2022-04-20 13:54:59.705696+02
18|1650456690.922014|2022-04-20 14:11:30.922014+02|16385|test|17|113872686|0|2261806|682999622|119175025|114089369|5000709|13|0|0|1|101588992|0|||0|0|14752277.113|1366331.721|4.633|1742|0|0|0|2022-04-20 13:54:59.705696+02
19|1650456692.004829|2022-04-20 14:11:32.004829+02|16385|test|17|113997452|0|2261806|683748814|119300040|114214382|5000709|13|0|0|1|101588992|0|||0|0|14768305.131|1367739.291|4.633|1744|0|0|0|2022-04-20 13:54:59.705696+02
20|1650456693.121558|2022-04-20 14:11:33.121558+02|16385|test|17|114181499|0|2261806|684853692|119484336|114398676|5000709|13|0|0|1|101588992|0|||0|0|14792345.782|1370117.641|4.633|1746|0|0|0|2022-04-20 13:54:59.705696+02
21|1650456694.215295|2022-04-20 14:11:34.215295+02|16385|test|17|114303522|0|2261806|685586426|119606608|114520946|5000709|13|0|0|1|101588992|0|||0|0|14808389.802|1371673.005|4.633|1748|0|0|0|2022-04-20 13:54:59.705696+02
22|1650456695.328216|2022-04-20 14:11:35.328216+02|16385|test|17|114427219|0|2261806|686329204|119730554|114644890|5000709|13|0|0|1|101588992|0|||0|0|14824421.194|1373088.736|4.633|1750|0|0|0|2022-04-20 13:54:59.705696+02
23|1650456696.410077|2022-04-20 14:11:36.410077+02|16385|test|17|114548834|0|2261806|687059490|119852418|114766752|5000709|13|0|0|1|101588992|0|||0|0|14840462.558|1374744.89|4.633|1752|0|0|0|2022-04-20 13:54:59.705696+02
24|1650456697.472875|2022-04-20 14:11:37.472875+02|16385|test|17|114673440|0|2261806|687807722|119977273|114891605|5000709|13|0|0|1|101588992|0|||0|0|14856486.414|1376144.817|4.633|1754|0|0|0|2022-04-20 13:54:59.705696+02
25|1650456698.564332|2022-04-20 14:11:38.564332+02|16385|test|17|114859706|0|2261806|688925914|120163788|115078118|5000709|13|0|0|1|101588992|0|||0|0|14880517.731|1378265.674|4.633|1756|0|0|0|2022-04-20 13:54:59.705696+02
26|1650456699.696892|2022-04-20 14:11:39.696892+02|16385|test|17|114981906|0|2261806|689659710|120286237|115200565|5000709|13|0|0|1|101588992|0|||0|0|14896561.906|1379761.419|4.633|1758|0|0|0|2022-04-20 13:54:59.705696+02
27|1650456700.792214|2022-04-20 14:11:40.792214+02|16385|test|17|115106577|0|2261806|690408332|120411157|115325483|5000709|13|0|0|1|101588992|0|||0|0|14912595.666|1381146.065|4.633|1760|0|0|0|2022-04-20 13:54:59.705696+02
28|1650456701.888661|2022-04-20 14:11:41.888661+02|16385|test|17|115231020|0|2261806|691155586|120535849|115450173|5000709|13|0|0|1|101588992|0|||0|0|14928640.097|1382538.253|4.633|1762|0|0|0|2022-04-20 13:54:59.705696+02
29|1650456703.006311|2022-04-20 14:11:43.006311+02|16385|test|17|115353180|0|2261806|691889142|120658258|115572580|5000709|13|0|0|1|101588992|0|||0|0|14944685.582|1384053.09|4.633|1764|0|0|0|2022-04-20 13:54:59.705696+02
30|1650456704.063585|2022-04-20 14:11:44.063585+02|16385|test|17|115540246|0|2261806|693012134|120845573|115759893|5000709|13|0|0|1|101588992|0|||0|0|14968756.237|1386177.239|4.633|1766|0|0|0|2022-04-20 13:54:59.705696+02
31|1650456705.159441|2022-04-20 14:11:45.159441+02|16385|test|17|115663042|0|2261806|693749506|120968618|115882936|5000709|13|0|0|1|101588992|0|||0|0|14984793.985|1387659.014|4.633|1768|0|0|0|2022-04-20 13:54:59.705696+02
32|1650456706.256633|2022-04-20 14:11:46.256633+02|16385|test|17|115786388|0|2261806|694490178|121092213|116006529|5000709|13|0|0|1|101588992|0|||0|0|15000832.2|1389041.839|4.633|1770|0|0|0|2022-04-20 13:54:59.705696+02
33|1650456707.350383|2022-04-20 14:11:47.350383+02|16385|test|17|115909868|0|2261806|695231654|121215942|116130256|5000709|13|0|0|1|101588992|0|||0|0|15016883.434|1390470.797|4.633|1772|0|0|0|2022-04-20 13:54:59.705696+02
34|1650456708.440590|2022-04-20 14:11:48.44059+02|16385|test|17|116033309|0|2261806|695972896|121339632|116253944|5000709|13|0|0|1|101588992|0|||0|0|15032908.946|1392003.696|4.633|1774|0|0|0|2022-04-20 13:54:59.705696+02
35|1650456709.511602|2022-04-20 14:11:49.511602+02|16385|test|17|116158159|0|2261806|696722592|121464731|116379041|5000709|13|0|0|1|101588992|0|||0|0|15048938.763|1393454.436|4.633|1776|0|0|0|2022-04-20 13:54:59.705696+02
36|1650456710.604902|2022-04-20 14:11:50.604902+02|16385|test|17|116345369|0|2261806|697846448|121652190|116566498|5000709|13|0|0|1|101588992|0|||0|0|15072986.643|1395525.537|4.633|1778|0|0|0|2022-04-20 13:54:59.705696+02
37|1650456711.710752|2022-04-20 14:11:51.710752+02|16385|test|17|116469901|0|2261806|698594236|121776971|116691277|5000709|13|0|0|1|101588992|0|||0|0|15089009.601|1397127.187|4.633|1780|0|0|0|2022-04-20 13:54:59.705696+02
38|1650456712.829114|2022-04-20 14:11:52.829114+02|16385|test|17|116591607|0|2261806|699325068|121898926|116813230|5000709|13|0|0|1|101588992|0|||0|0|15105045.718|1398835.605|4.633|1782|0|0|0|2022-04-20 13:54:59.705696+02
39|1650456713.936127|2022-04-20 14:11:53.936127+02|16385|test|17|116716333|0|2261806|700074020|122023901|116938203|5000709|13|0|0|1|101588992|0|||0|0|15121087.511|1400215.166|4.633|1784|0|0|0|2022-04-20 13:54:59.705696+02
40|1650456715.054986|2022-04-20 14:11:55.054986+02|16385|test|17|116902333|0|2261806|701190616|122210150|117124450|5000709|13|0|0|1|101588992|0|||0|0|15145123.957|1402280.674|4.633|1786|0|0|0|2022-04-20 13:54:59.705696+02
41|1650456716.161321|2022-04-20 14:11:56.161321+02|16385|test|17|117026700|0|2261806|701937414|122334766|117249064|5000709|13|0|0|1|101588992|0|||0|0|15161162.777|1403663.756|4.633|1788|0|0|0|2022-04-20 13:54:59.705696+02
42|1650456717.278427|2022-04-20 14:11:57.278427+02|16385|test|17|117149685|0|2261806|702675920|122458000|117372296|5000709|13|0|0|1|101588992|0|||0|0|15177197.587|1405234.172|4.633|1790|0|0|0|2022-04-20 13:54:59.705696+02
43|1650456718.367246|2022-04-20 14:11:58.367246+02|16385|test|17|117272521|0|2261806|703413532|122581085|117495379|5000709|13|0|0|1|101588992|0|||0|0|15193237.215|1406687.411|4.633|1792|0|0|0|2022-04-20 13:54:59.705696+02
44|1650456719.468100|2022-04-20 14:11:59.4681+02|16385|test|17|117396701|0|2261806|704159208|122705514|117619806|5000709|13|0|0|1|101588992|0|||0|0|15209269.463|1408124.67|4.633|1794|0|0|0|2022-04-20 13:54:59.705696+02
45|1650456720.561926|2022-04-20 14:12:00.561926+02|16385|test|17|117582059|0|2261806|705271952|122891121|117805411|5000709|13|0|0|1|101588992|0|||0|0|15233305.268|1410347.111|4.633|1796|0|0|0|2022-04-20 13:54:59.705696+02
46|1650456721.622615|2022-04-20 14:12:01.622615+02|16385|test|17|117706537|0|2261806|706019416|123015848|117930136|5000709|13|0|0|1|101588992|0|||0|0|15249326.686|1411887.894|4.633|1798|0|0|0|2022-04-20 13:54:59.705696+02
47|1650456722.722019|2022-04-20 14:12:02.722019+02|16385|test|17|117829973|0|2261806|706760628|123139533|118053819|5000709|13|0|0|1|101588992|0|||0|0|15265367.516|1413387.064|4.633|1800|0|0|0|2022-04-20 13:54:59.705696+02
48|1650456723.840366|2022-04-20 14:12:03.840366+02|16385|test|17|117954103|0|2261806|707506004|123263912|118178196|5000709|13|0|0|1|101588992|0|||0|0|15281405.114|1414865.073|4.633|1802|0|0|0|2022-04-20 13:54:59.705696+02
49|1650456724.973937|2022-04-20 14:12:04.973937+02|16385|test|17|118078470|0|2261806|708252802|123388528|118302810|5000709|13|0|0|1|101588992|0|||0|0|15297458.088|1416290.266|4.633|1804|0|0|0|2022-04-20 13:54:59.705696+02
50|1650456726.097191|2022-04-20 14:12:06.097191+02|16385|test|17|118266665|0|2261806|709382568|123576972|118491252|5000709|13|0|0|1|101588992|0|||0|0|15321493.704|1418478.178|4.633|1806|0|0|0|2022-04-20 13:54:59.705696+02
51|1650456727.177764|2022-04-20 14:12:07.177764+02|16385|test|17|118390174|0|2261806|710124218|123700730|118615008|5000709|13|0|0|1|101588992|0|||0|0|15337526.108|1419878.347|4.633|1808|0|0|0|2022-04-20 13:54:59.705696+02
52|1650456728.254263|2022-04-20 14:12:08.254263+02|16385|test|17|118514689|0|2261806|710871904|123825494|118739770|5000709|13|0|0|1|101588992|0|||0|0|15353557.751|1421313.043|4.633|1810|0|0|0|2022-04-20 13:54:59.705696+02
53|1650456729.359810|2022-04-20 14:12:09.35981+02|16385|test|17|118638034|0|2261806|711612570|123949088|118863362|5000709|13|0|0|1|101588992|0|||0|0|15369588.958|1422835.05|4.633|1812|0|0|0|2022-04-20 13:54:59.705696+02
54|1650456730.439121|2022-04-20 14:12:10.439121+02|16385|test|17|118762174|0|2261806|712358006|124073477|118987749|5000709|13|0|0|1|101588992|0|||0|0|15385638.372|1424227.051|4.633|1814|0|0|0|2022-04-20 13:54:59.705696+02
55|1650456731.510205|2022-04-20 14:12:11.510205+02|16385|test|17|118886364|0|2261806|713103742|124197916|119112186|5000709|13|0|0|1|101588992|0|||0|0|15401661.524|1425617.402|4.633|1816|0|0|0|2022-04-20 13:54:59.705696+02
56|1650456732.556591|2022-04-20 14:12:12.556591+02|16385|test|17|119074090|0|2261806|714230694|124385891|119300159|5000709|13|0|0|1|101588992|0|||0|0|15425689.868|1427779.848|4.633|1818|0|0|0|2022-04-20 13:54:59.705696+02
57|1650456733.655769|2022-04-20 14:12:13.655769+02|16385|test|17|119197290|0|2261806|714970490|124509340|119423606|5000709|13|0|0|1|101588992|0|||0|0|15441719.798|1429301.071|4.633|1820|0|0|0|2022-04-20 13:54:59.705696+02
58|1650456734.700456|2022-04-20 14:12:14.700456+02|16385|test|17|119322316|0|2261806|715721242|124634615|119548879|5000709|13|0|0|1|101588992|0|||0|0|15457762.672|1430716.508|4.633|1822|0|0|0|2022-04-20 13:54:59.705696+02
59|1650456735.799282|2022-04-20 14:12:15.799282+02|16385|test|17|119446708|0|2261806|716468190|124759256|119673518|5000709|13|0|0|1|101588992|0|||0|0|15473798.341|1432133.41|4.633|1824|0|0|0|2022-04-20 13:54:59.705696+02
60|1650456736.871566|2022-04-20 14:12:16.871566+02|16385|test|17|119570564|0|2261806|717211922|124883361|119797621|5000709|13|0|0|1|101588992|0|||0|0|15489824.942|1433517.833|4.633|1826|0|0|0|2022-04-20 13:54:59.705696+02
61|1650456737.908992|2022-04-20 14:12:17.908992+02|16385|test|17|119694726|0|2261806|717957490|125007772|119922030|5000709|13|0|0|1|101588992|0|||0|0|15505845.415|1434922.448|4.633|1828|0|0|0|2022-04-20 13:54:59.705696+02
62|1650456739.019563|2022-04-20 14:12:19.019563+02|16385|test|17|119819595|0|2261806|718707300|125132890|120047146|5000709|13|0|0|1|101588992|0|||0|0|15521870.385|1436306.809|4.633|1830|0|0|0|2022-04-20 13:54:59.705696+02
63|1650456740.103978|2022-04-20 14:12:20.103978+02|16385|test|17|120006732|0|2261806|719830718|125320276|120234530|5000709|13|0|0|1|101588992|0|||0|0|15545907.538|1438396.434|4.633|1832|0|0|0|2022-04-20 13:54:59.705696+02
64|1650456741.211945|2022-04-20 14:12:21.211945+02|16385|test|17|120128796|0|2261806|720563698|125442589|120356841|5000709|13|0|0|1|101588992|0|||0|0|15561955.359|1439878.314|4.633|1834|0|0|0|2022-04-20 13:54:59.705696+02
65|1650456742.329638|2022-04-20 14:12:22.329638+02|16385|test|17|120251061|0|2261806|721297884|125565103|120479353|5000709|13|0|0|1|101588992|0|||0|0|15577989.535|1441434.229|4.633|1836|0|0|0|2022-04-20 13:54:59.705696+02
66|1650456743.416729|2022-04-20 14:12:23.416729+02|16385|test|17|120373033|0|2261806|722030312|125687324|120601572|5000709|13|0|0|1|101588992|0|||0|0|15594025.609|1442911.75|4.633|1838|0|0|0|2022-04-20 13:54:59.705696+02
67|1650456744.521723|2022-04-20 14:12:24.521723+02|16385|test|17|120494584|0|2261806|722760214|125809124|120723370|5000709|13|0|0|1|101588992|0|||0|0|15610055.982|1444461.556|4.633|1840|0|0|0|2022-04-20 13:54:59.705696+02
68|1650456745.599446|2022-04-20 14:12:25.599446+02|16385|test|17|120677752|0|2261806|723859818|125992541|120906785|5000709|13|0|0|1|101588992|0|||0|0|15634100.504|1446897.728|4.633|1842|0|0|0|2022-04-20 13:54:59.705696+02
69|1650456746.675672|2022-04-20 14:12:26.675672+02|16385|test|17|120802430|0|2261806|724608482|126117468|121031710|5000709|13|0|0|1|101588992|0|||0|0|15650128.106|1448272.491|4.633|1844|0|0|0|2022-04-20 13:54:59.705696+02
70|1650456747.779359|2022-04-20 14:12:27.779359+02|16385|test|17|120926416|0|2261806|725352994|126241703|121155943|5000709|13|0|0|1|101588992|0|||0|0|15666156.496|1449769.642|4.633|1846|0|0|0|2022-04-20 13:54:59.705696+02
71|1650456748.850333|2022-04-20 14:12:28.850333+02|16385|test|17|121049959|0|2261806|726094848|126365495|121279733|5000709|13|0|0|1|101588992|0|||0|0|15682189.523|1451218.842|4.633|1848|0|0|0|2022-04-20 13:54:59.705696+02
72|1650456749.934051|2022-04-20 14:12:29.934051+02|16385|test|17|121174115|0|2261806|726840380|126489900|121404136|5000709|13|0|0|1|101588992|0|||0|0|15698239.1|1452595.034|4.633|1850|0|0|0|2022-04-20 13:54:59.705696+02
73|1650456750.998524|2022-04-20 14:12:30.998524+02|16385|test|17|121298210|0|2261806|727586084|126615537|121528490|5000709|13|0|0|1|101588992|0|||0|0|15714269.118|1454028.435|4.633|1852|0|0|0|2022-04-20 13:54:59.705696+02
74|1650456752.099499|2022-04-20 14:12:32.099499+02|16385|test|17|121485673|0|2261806|728711458|126803249|121716200|5000709|13|0|0|1|101588992|0|||0|0|15738309.658|1456154.612|4.633|1854|0|0|0|2022-04-20 13:54:59.705696+02
75|1650456753.194935|2022-04-20 14:12:33.194935+02|16385|test|17|121608008|0|2261806|729446064|126925833|121838782|5000709|13|0|0|1|101588992|0|||0|0|15754339.09|1457923.818|4.633|1856|0|0|0|2022-04-20 13:54:59.705696+02
76|1650456754.289858|2022-04-20 14:12:34.289858+02|16385|test|17|121731445|0|2261806|730187282|127049519|121962466|5000709|13|0|0|1|101588992|0|||0|0|15770366.62|1459331.283|4.633|1858|0|0|0|2022-04-20 13:54:59.705696+02
77|1650456755.389972|2022-04-20 14:12:35.389972+02|16385|test|17|121853953|0|2261806|730922926|127172276|122085221|5000709|13|0|0|1|101588992|0|||0|0|15786421.776|1460937.434|4.633|1860|0|0|0|2022-04-20 13:54:59.705696+02
78|1650456756.486274|2022-04-20 14:12:36.486274+02|16385|test|17|121978515|0|2261806|731670894|127297087|122210030|5000709|13|0|0|1|101588992|0|||0|0|15802445.814|1462322.283|4.633|1862|0|0|0|2022-04-20 13:54:59.705696+02
79|1650456757.622428|2022-04-20 14:12:37.622428+02|16385|test|17|122161042|0|2261806|732766652|127479863|122392804|5000709|13|0|0|1|101588992|0|||0|0|15826480.087|1464592.771|4.633|1864|0|0|0|2022-04-20 13:54:59.705696+02
80|1650456758.721573|2022-04-20 14:12:38.721573+02|16385|test|17|122284254|0|2261806|733506520|127603324|122516263|5000709|13|0|0|1|101588992|0|||0|0|15842507.671|1466007.754|4.633|1866|0|0|0|2022-04-20 13:54:59.705696+02
81|1650456759.814828|2022-04-20 14:12:39.814828+02|16385|test|17|122408460|0|2261806|734252352|127727779|122640716|5000709|13|0|0|1|101588992|0|||0|0|15858543.253|1467388.903|4.633|1868|0|0|0|2022-04-20 13:54:59.705696+02
82|1650456760.922079|2022-04-20 14:12:40.922079+02|16385|test|17|122532478|0|2261806|734997056|127852046|122764981|5000709|13|0|0|1|101588992|0|||0|0|15874582.774|1468774.058|4.633|1870|0|0|0|2022-04-20 13:54:59.705696+02
83|1650456761.966166|2022-04-20 14:12:41.966166+02|16385|test|17|122656182|0|2261806|735739876|127975999|122888932|5000709|13|0|0|1|101588992|0|||0|0|15890617.898|1470269.993|4.633|1872|0|0|0|2022-04-20 13:54:59.705696+02
84|1650456763.048430|2022-04-20 14:12:43.04843+02|16385|test|17|122840612|0|2261806|736847052|128160678|123073609|5000709|13|0|0|1|101588992|0|||0|0|15914640.434|1472539.496|4.633|1874|0|0|0|2022-04-20 13:54:59.705696+02
85|1650456764.130840|2022-04-20 14:12:44.13084+02|16385|test|17|122963935|0|2261806|737587586|128284250|123197179|5000709|13|0|0|1|101588992|0|||0|0|15930682.794|1473986.111|4.633|1876|0|0|0|2022-04-20 13:54:59.705696+02
86|1650456765.237542|2022-04-20 14:12:45.237542+02|16385|test|17|123086001|0|2261806|738320578|128406565|123319492|5000709|13|0|0|1|101588992|0|||0|0|15946729.467|1475597.542|4.633|1878|0|0|0|2022-04-20 13:54:59.705696+02
87|1650456766.309918|2022-04-20 14:12:46.309918+02|16385|test|17|123209568|0|2261806|739062576|128530381|123443306|5000709|13|0|0|1|101588992|0|||0|0|15962766.406|1477075.721|4.633|1880|0|0|0|2022-04-20 13:54:59.705696+02
88|1650456767.410366|2022-04-20 14:12:47.410366+02|16385|test|17|123332378|0|2261806|739800032|128653440|123566363|5000709|13|0|0|1|101588992|0|||0|0|15978795.148|1478614.541|4.633|1882|0|0|0|2022-04-20 13:54:59.705696+02
89|1650456768.513818|2022-04-20 14:12:48.513818+02|16385|test|17|123457033|0|2261806|740548558|128778344|123691265|5000709|13|0|0|1|101588992|0|||0|0|15994834.561|1480013.727|4.633|1884|0|0|0|2022-04-20 13:54:59.705696+02
90|1650456769.610353|2022-04-20 14:12:49.610353+02|16385|test|17|123642676|0|2261806|741663012|128964236|123877155|5000709|13|0|0|1|101588992|0|||0|0|16018866.732|1482183.287|4.633|1886|0|0|0|2022-04-20 13:54:59.705696+02
91|1650456770.715040|2022-04-20 14:12:50.71504+02|16385|test|17|123768135|0|2261806|742416362|129089944|124002861|5000709|13|0|0|1|101588992|0|||0|0|16034905.068|1483563.454|4.633|1888|0|0|0|2022-04-20 13:54:59.705696+02
92|1650456771.792334|2022-04-20 14:12:51.792334+02|16385|test|17|123891741|0|2261806|743158594|129213799|124126714|5000709|13|0|0|1|101588992|0|||0|0|16050940.771|1484997.383|4.633|1890|0|0|0|2022-04-20 13:54:59.705696+02
93|1650456772.836787|2022-04-20 14:12:52.836787+02|16385|test|17|124016516|0|2261806|743907840|129338823|124251736|5000709|13|0|0|1|101588992|0|||0|0|16066974.033|1486397.811|4.633|1892|0|0|0|2022-04-20 13:54:59.705696+02
94|1650456773.923870|2022-04-20 14:12:53.92387+02|16385|test|17|124141569|0|2261806|744658754|129464125|124377036|5000709|13|0|0|1|101588992|0|||0|0|16083003.14|1487835.318|4.633|1894|0|0|0|2022-04-20 13:54:59.705696+02
95|1650456775.042889|2022-04-20 14:12:55.042889+02|16385|test|17|124326229|0|2261806|745767310|129649034|124561943|5000709|13|0|0|1|101588992|0|||0|0|16107043.82|1490076.937|4.633|1896|0|0|0|2022-04-20 13:54:59.705696+02
96|1650456776.141653|2022-04-20 14:12:56.141653+02|16385|test|17|124451045|0|2261806|746516802|129774099|124687006|5000709|13|0|0|1|101588992|0|||0|0|16123079.399|1491575.821|4.633|1898|0|0|0|2022-04-20 13:54:59.705696+02
97|1650456777.239224|2022-04-20 14:12:57.239224+02|16385|test|17|124575781|0|2261806|747265814|129899084|124811989|5000709|13|0|0|1|101588992|0|||0|0|16139100.873|1492991.062|4.633|1900|0|0|0|2022-04-20 13:54:59.705696+02
98|1650456778.338449|2022-04-20 14:12:58.338449+02|16385|test|17|124700489|0|2261806|748014658|130024041|124936944|5000709|13|0|0|1|101588992|0|||0|0|16155144.255|1494390.129|4.633|1902|0|0|0|2022-04-20 13:54:59.705696+02
99|1650456779.400332|2022-04-20 14:12:59.400332+02|16385|test|17|124825508|0|2261806|748765368|130149309|125062210|5000709|13|0|0|1|101588992|0|||0|0|16171183.098|1495795.779|4.633|1904|0|0|0|2022-04-20 13:54:59.705696+02
100|1650456780.499995|2022-04-20 14:13:00.499995+02|16385|test|17|124950272|0|2261806|749514548|130274322|125187221|5000709|13|0|0|1|101588992|0|||0|0|16187217.524|1497186.497|4.633|1906|0|0|0|2022-04-20 13:54:59.705696+02
101|1650456781.606205|2022-04-20 14:13:01.606205+02|16385|test|17|125133115|0|2261806|750612202|130457414|125370311|5000709|13|0|0|1|101588992|0|||0|0|16211256.136|1499481.174|4.633|1908|0|0|0|2022-04-20 13:54:59.705696+02
102|1650456782.675260|2022-04-20 14:13:02.67526+02|16385|test|17|125256477|0|2261806|751352970|130581025|125493920|5000709|13|0|0|1|101588992|0|||0|0|16227277.389|1500961.522|4.633|1910|0|0|0|2022-04-20 13:54:59.705696+02
103|1650456783.797743|2022-04-20 14:13:03.797743+02|16385|test|17|125379329|0|2261806|752090678|130704126|125617019|5000709|13|0|0|1|101588992|0|||0|0|16243312.663|1502588.647|4.633|1912|0|0|0|2022-04-20 13:54:59.705696+02
104|1650456784.898772|2022-04-20 14:13:04.898772+02|16385|test|17|125503216|0|2261806|752834596|130828262|125741153|5000709|13|0|0|1|101588992|0|||0|0|16259343.625|1504001.34|4.633|1914|0|0|0|2022-04-20 13:54:59.705696+02
105|1650456785.997777|2022-04-20 14:13:05.997777+02|16385|test|17|125625922|0|2261806|753571428|130951217|125864106|5000709|13|0|0|1|101588992|0|||0|0|16275383.978|1505480.104|4.633|1916|0|0|0|2022-04-20 13:54:59.705696+02
106|1650456787.078001|2022-04-20 14:13:07.078001+02|16385|test|17|125812527|0|2261806|754691654|131138071|126050958|5000709|13|0|0|1|101588992|0|||0|0|16299415.383|1507587.151|4.633|1918|0|0|0|2022-04-20 13:54:59.705696+02
107|1650456788.166186|2022-04-20 14:13:08.166186+02|16385|test|17|125937127|0|2261806|755439850|131262920|126175805|5000709|13|0|0|1|101588992|0|||0|0|16315442.385|1508961.848|4.633|1920|0|0|0|2022-04-20 13:54:59.705696+02
108|1650456789.272123|2022-04-20 14:13:09.272123+02|16385|test|17|126058745|0|2261806|756170154|131384787|126297670|5000709|13|0|0|1|101588992|0|||0|0|16331496.347|1510450.415|4.633|1922|0|0|0|2022-04-20 13:54:59.705696+02
109|1650456790.364126|2022-04-20 14:13:10.364126+02|16385|test|17|126180688|0|2261806|756902408|131506979|126419860|5000709|13|0|0|1|101588992|0|||0|0|16347529.907|1511938.625|4.633|1924|0|0|0|2022-04-20 13:54:59.705696+02
110|1650456791.458720|2022-04-20 14:13:11.45872+02|16385|test|17|126302704|0|2261806|757635100|131629244|126542123|5000709|13|0|0|1|101588992|0|||0|0|16363564.869|1513572.084|4.633|1926|0|0|0|2022-04-20 13:54:59.705696+02
111|1650456792.564496|2022-04-20 14:13:12.564496+02|16385|test|17|126486082|0|2261806|758735964|131812871|126725748|5000709|13|0|0|1|101588992|0|||0|0|16387594.26|1515938.21|4.633|1928|0|0|0|2022-04-20 13:54:59.705696+02
112|1650456793.620067|2022-04-20 14:13:13.620067+02|16385|test|17|126608783|0|2261806|759472766|131935821|126848696|5000709|13|0|0|1|101588992|0|||0|0|16403623.304|1517565.618|4.633|1930|0|0|0|2022-04-20 13:54:59.705696+02
113|1650456794.702024|2022-04-20 14:13:14.702024+02|16385|test|17|126730184|0|2261806|760201768|132057471|126970344|5000709|13|0|0|1|101588992|0|||0|0|16419656.44|1519192.977|4.633|1932|0|0|0|2022-04-20 13:54:59.705696+02
114|1650456795.786042|2022-04-20 14:13:15.786042+02|16385|test|17|126855114|0|2261806|760951944|132182650|127095521|5000709|13|0|0|1|101588992|0|||0|0|16435689.218|1520573.713|4.633|1934|0|0|0|2022-04-20 13:54:59.705696+02
115|1650456796.901144|2022-04-20 14:13:16.901144+02|16385|test|17|126979022|0|2261806|761695988|132306807|127219676|5000709|13|0|0|1|101588992|0|||0|0|16451728.638|1522237.228|4.633|1936|0|0|0|2022-04-20 13:54:59.705696+02
116|1650456797.966991|2022-04-20 14:13:17.966991+02|16385|test|17|127103567|0|2261806|762443854|132431601|127344468|5000709|13|0|0|1|101588992|0|||0|0|16467759.955|1523712.732|4.633|1938|0|0|0|2022-04-20 13:54:59.705696+02
117|1650456799.070042|2022-04-20 14:13:19.070042+02|16385|test|17|127290260|0|2261806|763564608|132618543|127531408|5000709|13|0|0|1|101588992|0|||0|0|16491802.546|1525834.965|4.633|1940|0|0|0|2022-04-20 13:54:59.705696+02
118|1650456800.180448|2022-04-20 14:13:20.180448+02|16385|test|17|127412310|0|2261806|764297504|132740842|127653705|5000709|13|0|0|1|101588992|0|||0|0|16507849.651|1527484.586|4.633|1942|0|0|0|2022-04-20 13:54:59.705696+02
119|1650456801.276525|2022-04-20 14:13:21.276525+02|16385|test|17|127536695|0|2261806|765044410|132865476|127778337|5000709|13|0|0|1|101588992|0|||0|0|16523887.771|1528858.191|4.633|1944|0|0|0|2022-04-20 13:54:59.705696+02
120|1650456802.389403|2022-04-20 14:13:22.389403+02|16385|test|17|127660528|0|2261806|765788004|132989558|127902417|5000709|13|0|0|1|101588992|0|||0|0|16539936.993|1530266.001|4.633|1946|0|0|0|2022-04-20 13:54:59.705696+02
121|1650456803.489263|2022-04-20 14:13:23.489263+02|16385|test|17|127784093|0|2261806|766529990|133113372|128026229|5000709|13|0|0|1|101588992|0|||0|0|16555975.913|1531688.556|4.633|1948|0|0|0|2022-04-20 13:54:59.705696+02
122|1650456804.544876|2022-04-20 14:13:24.544876+02|16385|test|17|127954779|0|2261806|767554702|133284307|128197162|5000709|13|0|0|1|101588992|0|||0|0|16578013.485|1533580.914|4.633|1950|0|0|0|2022-04-20 13:54:59.705696+02
123|1650456805.665098|2022-04-20 14:13:25.665098+02|16385|test|17|128093941|0|2261806|768390270|133423718|128336571|5000709|13|0|0|1|101588992|0|||0|0|16596048.096|1535308.482|4.633|1952|0|0|0|2022-04-20 13:54:59.705696+02
124|1650456806.762080|2022-04-20 14:13:26.76208+02|16385|test|17|128217242|0|2261806|769130672|133547268|128460119|5000709|13|0|0|1|101588992|0|||0|0|16612083.21|1536882.435|4.633|1954|0|0|0|2022-04-20 13:54:59.705696+02
125|1650456807.840849|2022-04-20 14:13:27.840849+02|16385|test|17|128341981|0|2261806|769879702|133672256|128585105|5000709|13|0|0|1|101588992|0|||0|0|16628128.985|1538286.991|4.633|1956|0|0|0|2022-04-20 13:54:59.705696+02
126|1650456808.955374|2022-04-20 14:13:28.955374+02|16385|test|17|128466142|0|2261806|770625264|133796666|128709513|5000709|13|0|0|1|101588992|0|||0|0|16644172.976|1539798.305|4.633|1958|0|0|0|2022-04-20 13:54:59.705696+02
127|1650456810.051360|2022-04-20 14:13:30.05136+02|16385|test|17|128651777|0|2261806|771739670|133982550|128895395|5000709|13|0|0|1|101588992|0|||0|0|16668213.286|1541971.93|4.633|1960|0|0|0|2022-04-20 13:54:59.705696+02
128|1650456811.185543|2022-04-20 14:13:31.185543+02|16385|test|17|128776168|0|2261806|772487150|134108483|129020045|5000709|13|0|0|1|101588992|0|||0|0|16684249.064|1543378.194|4.633|1962|0|0|0|2022-04-20 13:54:59.705696+02
129|1650456812.310032|2022-04-20 14:13:32.310032+02|16385|test|17|128898041|0|2261806|773218984|134230605|129142165|5000709|13|0|0|1|101588992|0|||0|0|16700284.513|1544931.799|4.633|1964|0|0|0|2022-04-20 13:54:59.705696+02
130|1650456813.407647|2022-04-20 14:13:33.407647+02|16385|test|17|129022336|0|2261806|773965350|134355149|129266707|5000709|13|0|0|1|101588992|0|||0|0|16716314.779|1546318.619|4.633|1966|0|0|0|2022-04-20 13:54:59.705696+02
131|1650456814.537744|2022-04-20 14:13:34.537744+02|16385|test|17|129174779|0|2261806|774880604|134507841|129419397|5000709|13|0|0|1|101588992|0|||0|0|16735863.43|1547994.902|4.633|1968|0|0|0|2022-04-20 13:54:59.705696+02
132|1650456815.633604|2022-04-20 14:13:35.633604+02|16385|test|17|129333888|0|2261806|775835854|134667199|129578753|5000709|13|0|0|1|101588992|0|||0|0|16756403.195|1549766.292|4.633|1970|0|0|0|2022-04-20 13:54:59.705696+02
133|1650456816.713246|2022-04-20 14:13:36.713246+02|16385|test|17|129457247|0|2261806|776576604|134790807|129702359|5000709|13|0|0|1|101588992|0|||0|0|16772441.707|1551205.769|4.633|1972|0|0|0|2022-04-20 13:54:59.705696+02
134|1650456817.780347|2022-04-20 14:13:37.780347+02|16385|test|17|129579441|0|2261806|777310364|134913250|129824800|5000709|13|0|0|1|101588992|0|||0|0|16788471.318|1552763.695|4.633|1974|0|0|0|2022-04-20 13:54:59.705696+02
135|1650456818.854414|2022-04-20 14:13:38.854414+02|16385|test|17|129703716|0|2261806|778056610|135037774|129949322|5000709|13|0|0|1|101588992|0|||0|0|16804501.519|1554148.15|4.633|1976|0|0|0|2022-04-20 13:54:59.705696+02
136|1650456819.973004|2022-04-20 14:13:39.973004+02|16385|test|17|129827990|0|2261806|778802850|135162297|130073843|5000709|13|0|0|1|101588992|0|||0|0|16820563.798|1555588.986|4.633|1978|0|0|0|2022-04-20 13:54:59.705696+02
137|1650456821.090781|2022-04-20 14:13:41.090781+02|16385|test|17|130013685|0|2261806|779917616|135348241|130259785|5000709|13|0|0|1|101588992|0|||0|0|16844601.043|1557777.59|4.633|1980|0|0|0|2022-04-20 13:54:59.705696+02
138|1650456822.186805|2022-04-20 14:13:42.186805+02|16385|test|17|130139622|0|2261806|780673834|135474427|130385969|5000709|13|0|0|1|101588992|0|||0|0|16860630.673|1559178.766|4.633|1982|0|0|0|2022-04-20 13:54:59.705696+02
139|1650456823.231754|2022-04-20 14:13:43.231754+02|16385|test|17|130262151|0|2261806|781409604|135597205|130508745|5000709|13|0|0|1|101588992|0|||0|0|16876654.605|1560705.86|4.633|1984|0|0|0|2022-04-20 13:54:59.705696+02
140|1650456824.325327|2022-04-20 14:13:44.325327+02|16385|test|17|130383779|0|2261806|782139968|135719082|130630620|5000709|13|0|0|1|101588992|0|||0|0|16892688.045|1562183.91|4.633|1986|0|0|0|2022-04-20 13:54:59.705696+02
141|1650456825.435250|2022-04-20 14:13:45.43525+02|16385|test|17|130506797|0|2261806|782878672|135842349|130753885|5000709|13|0|0|1|101588992|0|||0|0|16908716.811|1563586.701|4.633|1988|0|0|0|2022-04-20 13:54:59.705696+02
142|1650456826.540496|2022-04-20 14:13:46.540496+02|16385|test|17|130665024|0|2261806|783828630|136000825|130912359|5000709|13|0|0|1|101588992|0|||0|0|16929252.584|1565508.323|4.633|1990|0|0|0|2022-04-20 13:54:59.705696+02
143|1650456827.652807|2022-04-20 14:13:47.652807+02|16385|test|17|130817453|0|2261806|784743800|136153503|131065035|5000709|13|0|0|1|101588992|0|||0|0|16948799.658|1567204.224|4.633|1992|0|0|0|2022-04-20 13:54:59.705696+02
144|1650456828.734095|2022-04-20 14:13:48.734095+02|16385|test|17|130941267|0|2261806|785487280|136277566|131189096|5000709|13|0|0|1|101588992|0|||0|0|16964831.441|1568607.979|4.633|1994|0|0|0|2022-04-20 13:54:59.705696+02
145|1650456829.782482|2022-04-20 14:13:49.782482+02|16385|test|17|131065401|0|2261806|786232680|136401949|131313477|5000709|13|0|0|1|101588992|0|||0|0|16980862.485|1569984.822|4.633|1996|0|0|0|2022-04-20 13:54:59.705696+02
146|1650456830.893239|2022-04-20 14:13:50.893239+02|16385|test|17|131189366|0|2261806|786977066|136526163|131437689|5000709|13|0|0|1|101588992|0|||0|0|16996898.627|1571373.492|4.633|1998|0|0|0|2022-04-20 13:54:59.705696+02
147|1650456832.005446|2022-04-20 14:13:52.005446+02|16385|test|17|131312824|0|2261806|787718410|136649870|131561394|5000709|13|0|0|1|101588992|0|||0|0|17012938.425|1572892.67|4.633|2000|0|0|0|2022-04-20 13:54:59.705696+02
148|1650456833.111089|2022-04-20 14:13:53.111089+02|16385|test|17|131500196|0|2261806|788843238|136837491|131749013|5000709|13|0|0|1|101588992|0|||0|0|17036976.055|1575234.047|4.633|2002|0|0|0|2022-04-20 13:54:59.705696+02
149|1650456834.207217|2022-04-20 14:13:54.207217+02|16385|test|17|131623566|0|2261806|789584054|136961110|131872630|5000709|13|0|0|1|101588992|0|||0|0|17053003.03|1576735.269|4.633|2004|0|0|0|2022-04-20 13:54:59.705696+02
150|1650456835.274071|2022-04-20 14:13:55.274071+02|16385|test|17|131747104|0|2261806|790325878|137084897|131996415|5000709|13|0|0|1|101588992|0|||0|0|17069035.637|1578129.905|4.633|2006|0|0|0|2022-04-20 13:54:59.705696+02
151|1650456836.357792|2022-04-20 14:13:56.357792+02|16385|test|17|131869963|0|2261806|791063628|137208005|132119521|5000709|13|0|0|1|101588992|0|||0|0|17085081.537|1579563.593|4.633|2008|0|0|0|2022-04-20 13:54:59.705696+02
152|1650456837.459075|2022-04-20 14:13:57.459075+02|16385|test|17|131993923|0|2261806|791807984|137332214|132243728|5000709|13|0|0|1|101588992|0|||0|0|17101124.793|1581135.96|4.633|2010|0|0|0|2022-04-20 13:54:59.705696+02
153|1650456838.570225|2022-04-20 14:13:58.570225+02|16385|test|17|132182461|0|2261806|792939808|137521001|132432513|5000709|13|0|0|1|101588992|0|||0|0|17125159.948|1583208.254|4.633|2012|0|0|0|2022-04-20 13:54:59.705696+02
154|1650456839.665212|2022-04-20 14:13:59.665212+02|16385|test|17|132306060|0|2261806|793681998|137644849|132556359|5000709|13|0|0|1|101588992|0|||0|0|17141191.445|1584594.307|4.633|2014|0|0|0|2022-04-20 13:54:59.705696+02
155|1650456840.768313|2022-04-20 14:14:00.768313+02|16385|test|17|132430939|0|2261806|794431868|137769977|132681485|5000709|13|0|0|1|101588992|0|||0|0|17157233.655|1585988.068|4.633|2016|0|0|0|2022-04-20 13:54:59.705696+02
156|1650456841.858497|2022-04-20 14:14:01.858497+02|16385|test|17|132553570|0|2261806|795168250|137892857|132804363|5000709|13|0|0|1|101588992|0|||0|0|17173267.727|1587588.97|4.633|2018|0|0|0|2022-04-20 13:54:59.705696+02
157|1650456842.982956|2022-04-20 14:14:02.982956+02|16385|test|17|132676847|0|2261806|795908508|138016383|132927887|5000709|13|0|0|1|101588992|0|||0|0|17189325.276|1589011.131|4.633|2020|0|0|0|2022-04-20 13:54:59.705696+02
158|1650456844.058827|2022-04-20 14:14:04.058827+02|16385|test|17|132865325|0|2261806|797039972|138205110|133116612|5000709|13|0|0|1|101588992|0|||0|0|17213351.365|1591318.136|4.633|2022|0|0|0|2022-04-20 13:54:59.705696+02
159|1650456845.155360|2022-04-20 14:14:05.15536+02|16385|test|17|132989907|0|2261806|797788060|138329941|133241441|5000709|13|0|0|1|101588992|0|||0|0|17229391.066|1592851.092|4.633|2024|0|0|0|2022-04-20 13:54:59.705696+02
160|1650456846.266237|2022-04-20 14:14:06.266237+02|16385|test|17|133115377|0|2261806|798541476|138455660|133367158|5000709|13|0|0|1|101588992|0|||0|0|17245425.186|1594233.089|4.633|2026|0|0|0|2022-04-20 13:54:59.705696+02
161|1650456847.355473|2022-04-20 14:14:07.355473+02|16385|test|17|133239003|0|2261806|799283828|138579535|133491031|5000709|13|0|0|1|101588992|0|||0|0|17261456.7|1595629.73|4.633|2028|0|0|0|2022-04-20 13:54:59.705696+02
162|1650456848.445884|2022-04-20 14:14:08.445884+02|16385|test|17|133362920|0|2261806|800027926|138703701|133615195|5000709|13|0|0|1|101588992|0|||0|0|17277501.058|1597052.109|4.633|2030|0|0|0|2022-04-20 13:54:59.705696+02
163|1650456849.561961|2022-04-20 14:14:09.561961+02|16385|test|17|133551094|0|2261806|801157566|138892124|133803616|5000709|13|0|0|1|101588992|0|||0|0|17301530.138|1599162.769|4.633|2032|0|0|0|2022-04-20 13:54:59.705696+02
164|1650456850.595429|2022-04-20 14:14:10.595429+02|16385|test|17|133676762|0|2261806|801912170|139018041|133929531|5000709|13|0|0|1|101588992|0|||0|0|17317559.15|1600560.677|4.633|2034|0|0|0|2022-04-20 13:54:59.705696+02
165|1650456851.656525|2022-04-20 14:14:11.656525+02|16385|test|17|133800950|0|2261806|802657894|139142478|134053966|5000709|13|0|0|1|101588992|0|||0|0|17333595.569|1601954.864|4.633|2036|0|0|0|2022-04-20 13:54:59.705696+02
166|1650456852.758974|2022-04-20 14:14:12.758974+02|16385|test|17|133926631|0|2261806|803412576|139268408|134179894|5000709|13|0|0|1|101588992|0|||0|0|17349629.073|1603341.919|4.633|2038|0|0|0|2022-04-20 13:54:59.705696+02
167|1650456853.852489|2022-04-20 14:14:13.852489+02|16385|test|17|134050905|0|2261806|804158816|139392931|134304415|5000709|13|0|0|1|101588992|0|||0|0|17365684.294|1604753.916|4.633|2040|0|0|0|2022-04-20 13:54:59.705696+02
168|1650456854.956668|2022-04-20 14:14:14.956668+02|16385|test|17|134177350|0|2261806|804918082|139519625|134431107|5000709|13|0|0|1|101588992|0|||0|0|17381736.83|1606229.41|4.633|2042|0|0|0|2022-04-20 13:54:59.705696+02
169|1650456855.997730|2022-04-20 14:14:15.99773+02|16385|test|17|134302967|0|2261806|805672380|139645491|134556971|5000709|13|0|0|1|101588992|0|||0|0|17397771.667|1607624.613|4.633|2044|0|0|0|2022-04-20 13:54:59.705696+02
170|1650456857.098981|2022-04-20 14:14:17.098981+02|16385|test|17|134488829|0|2261806|806788148|139831602|134743080|5000709|13|0|0|1|101588992|0|||0|0|17421810.05|1609811.25|4.633|2046|0|0|0|2022-04-20 13:54:59.705696+02
171|1650456858.163990|2022-04-20 14:14:18.16399+02|16385|test|17|134612201|0|2261806|807528976|139955223|134866699|5000709|13|0|0|1|101588992|0|||0|0|17437836.314|1611258.895|4.633|2048|0|0|0|2022-04-20 13:54:59.705696+02
172|1650456859.255190|2022-04-20 14:14:19.25519+02|16385|test|17|134735797|0|2261806|808271148|140079068|134990542|5000709|13|0|0|1|101588992|0|||0|0|17453882.265|1612711.163|4.633|2050|0|0|0|2022-04-20 13:54:59.705696+02
173|1650456860.326188|2022-04-20 14:14:20.326188+02|16385|test|17|134861472|0|2261806|809025794|140204992|135116464|5000709|13|0|0|1|101588992|0|||0|0|17469907.814|1614105.029|4.633|2052|0|0|0|2022-04-20 13:54:59.705696+02
174|1650456861.432976|2022-04-20 14:14:21.432976+02|16385|test|17|134984602|0|2261806|809765170|140328371|135239841|5000709|13|0|0|1|101588992|0|||0|0|17485940.828|1615706.415|4.633|2054|0|0|0|2022-04-20 13:54:59.705696+02
175|1650456862.556506|2022-04-20 14:14:22.556506+02|16385|test|17|135159329|0|2261806|810814128|140503347|135414815|5000709|13|0|0|1|101588992|0|||0|0|17508478.292|1617663.72|4.633|2056|0|0|0|2022-04-20 13:54:59.705696+02
176|1650456863.669652|2022-04-20 14:14:23.669652+02|16385|test|17|135292349|0|2261806|811612844|140636616|135548082|5000709|13|0|0|1|101588992|0|||0|0|17526015.346|1619231.427|4.633|2058|0|0|0|2022-04-20 13:54:59.705696+02
177|1650456864.776414|2022-04-20 14:14:24.776414+02|16385|test|17|135415779|0|2261806|812354020|140760295|135671759|5000709|13|0|0|1|101588992|0|||0|0|17542052.73|1620604.51|4.633|2060|0|0|0|2022-04-20 13:54:59.705696+02
178|1650456865.871456|2022-04-20 14:14:25.871456+02|16385|test|17|135540725|0|2261806|813104292|140885490|135796952|5000709|13|0|0|1|101588992|0|||0|0|17558080.121|1621975.573|4.633|2062|0|0|0|2022-04-20 13:54:59.705696+02
179|1650456866.984703|2022-04-20 14:14:26.984703+02|16385|test|17|135666380|0|2261806|813858818|141011394|135922854|5000709|13|0|0|1|101588992|0|||0|0|17574116.534|1623361.188|4.633|2064|0|0|0|2022-04-20 13:54:59.705696+02
180|1650456868.068824|2022-04-20 14:14:28.068824+02|16385|test|17|135851430|0|2261806|814969714|141196693|136108151|5000709|13|0|0|1|101588992|0|||0|0|17598142.83|1625592.655|4.633|2066|0|0|0|2022-04-20 13:54:59.705696+02
181|1650456869.183815|2022-04-20 14:14:29.183815+02|16385|test|17|135972389|0|2261806|815696064|141317901|136229357|5000709|13|0|0|1|101588992|0|||0|0|17614180.615|1627112.573|4.633|2068|0|0|0|2022-04-20 13:54:59.705696+02
182|1650456870.299746|2022-04-20 14:14:30.299746+02|16385|test|17|136095132|0|2261806|816433086|141440879|136352334|5000709|13|0|0|1|101588992|0|||0|0|17630210.196|1628631.644|4.633|2069|0|0|0|2022-04-20 13:54:59.705696+02
183|1650456871.325618|2022-04-20 14:14:31.325618+02|16385|test|17|136219201|0|2261806|817178666|141566504|136476675|5000709|13|0|0|1|101588992|0|||0|0|17646230.424|1630054.22|4.633|2072|0|0|0|2022-04-20 13:54:59.705696+02
184|1650456872.435943|2022-04-20 14:14:32.435943+02|16385|test|17|136343508|0|2261806|817925104|141691060|136601229|5000709|13|0|0|1|101588992|0|||0|0|17662259.537|1631441.075|4.633|2074|0|0|0|2022-04-20 13:54:59.705696+02
185|1650456873.550049|2022-04-20 14:14:33.550049+02|16385|test|17|136508722|0|2261806|818916984|141856523|136766690|5000709|13|0|0|1|101588992|0|||0|0|17683812.982|1633444.308|4.633|2076|0|0|0|2022-04-20 13:54:59.705696+02
186|1650456874.652441|2022-04-20 14:14:34.652441+02|16385|test|17|136652960|0|2261806|819783008|142001010|136911175|5000709|13|0|0|1|101588992|0|||0|0|17702343.579|1635044.492|4.633|2078|0|0|0|2022-04-20 13:54:59.705696+02
187|1650456875.733743|2022-04-20 14:14:35.733743+02|16385|test|17|136778053|0|2261806|820534162|142126352|137036515|5000709|13|0|0|1|101588992|0|||0|0|17718389.116|1636462.95|4.633|2080|0|0|0|2022-04-20 13:54:59.705696+02
188|1650456876.806172|2022-04-20 14:14:36.806172+02|16385|test|17|136904477|0|2261806|821293302|142253025|137163186|5000709|13|0|0|1|101588992|0|||0|0|17734411.27|1637892.923|4.633|2082|0|0|0|2022-04-20 13:54:59.705696+02
189|1650456877.894584|2022-04-20 14:14:37.894584+02|16385|test|17|137028367|0|2261806|822037238|142377164|137287323|5000709|13|0|0|1|101588992|0|||0|0|17750440.401|1639308.78|4.633|2084|0|0|0|2022-04-20 13:54:59.705696+02
190|1650456879.027484|2022-04-20 14:14:39.027484+02|16385|test|17|137151943|0|2261806|822779290|142500989|137411146|5000709|13|0|0|1|101588992|0|||0|0|17766479.577|1640884.118|4.633|2086|0|0|0|2022-04-20 13:54:59.705696+02
191|1650456880.130185|2022-04-20 14:14:40.130185+02|16385|test|17|137336919|0|2261806|823889742|142686214|137596369|5000709|13|0|0|1|101588992|0|||0|0|17790514.982|1643211.28|4.633|2088|0|0|0|2022-04-20 13:54:59.705696+02
192|1650456881.224157|2022-04-20 14:14:41.224157+02|16385|test|17|137460324|0|2261806|824630768|142809868|137720021|5000709|13|0|0|1|101588992|0|||0|0|17806539.061|1644666.912|4.633|2090|0|0|0|2022-04-20 13:54:59.705696+02
193|1650456882.311094|2022-04-20 14:14:42.311094+02|16385|test|17|137584682|0|2261806|825377512|142934475|137844626|5000709|13|0|0|1|101588992|0|||0|0|17822567.337|1646056.835|4.633|2092|0|0|0|2022-04-20 13:54:59.705696+02
194|1650456883.378057|2022-04-20 14:14:43.378057+02|16385|test|17|137708683|0|2261806|826122114|143058725|137968874|5000709|13|0|0|1|101588992|0|||0|0|17838606.741|1647464.965|4.633|2094|0|0|0|2022-04-20 13:54:59.705696+02
195|1650456884.454351|2022-04-20 14:14:44.454351+02|16385|test|17|137832873|0|2261806|826867850|143183164|138093311|5000709|13|0|0|1|101588992|0|||0|0|17854654.202|1648960.88|4.633|2096|0|0|0|2022-04-20 13:54:59.705696+02
196|1650456885.539114|2022-04-20 14:14:45.539114+02|16385|test|17|137956365|0|2261806|827609398|143306905|138217050|5000709|13|0|0|1|101588992|0|||0|0|17870686.329|1650503.122|4.633|2098|0|0|0|2022-04-20 13:54:59.705696+02
197|1650456886.627798|2022-04-20 14:14:46.627798+02|16385|test|17|138143915|0|2261806|828735294|143494704|138404847|5000709|13|0|0|1|101588992|0|||0|0|17894717.385|1652665.875|4.633|2100|0|0|0|2022-04-20 13:54:59.705696+02
198|1650456887.726560|2022-04-20 14:14:47.72656+02|16385|test|17|138267049|0|2261806|829474694|143618087|138528228|5000709|13|0|0|1|101588992|0|||0|0|17910750.996|1654105.185|4.633|2102|0|0|0|2022-04-20 13:54:59.705696+02
199|1650456888.800451|2022-04-20 14:14:48.800451+02|16385|test|17|138392044|0|2261806|830225260|143743331|138653470|5000709|13|0|0|1|101588992|0|||0|0|17926778.682|1655660.522|4.633|2104|0|0|0|2022-04-20 13:54:59.705696+02
200|1650456889.915086|2022-04-20 14:14:49.915086+02|16385|test|17|138515017|0|2261806|830963694|143866553|138776690|5000709|13|0|0|1|101588992|0|||0|0|17942806.126|1657353.785|4.633|2106|0|0|0|2022-04-20 13:54:59.705696+02
201|1650456890.984442|2022-04-20 14:14:50.984442+02|16385|test|17|138640526|0|2261806|831717344|143992311|138902446|5000709|13|0|0|1|101588992|0|||0|0|17958835.378|1658880.768|4.633|2108|0|0|0|2022-04-20 13:54:59.705696+02
202|1650456892.052318|2022-04-20 14:14:52.052318+02|16385|test|17|138806028|0|2261806|832710952|144158062|139068195|5000709|13|0|0|1|101588992|0|||0|0|17980376.026|1660922.422|4.633|2110|0|0|0|2022-04-20 13:54:59.705696+02
203|1650456893.176631|2022-04-20 14:14:53.176631+02|16385|test|17|138950001|0|2261806|833575386|144302284|139212415|5000709|13|0|0|1|101588992|0|||0|0|17998913.464|1662683.532|4.633|2112|0|0|0|2022-04-20 13:54:59.705696+02
204|1650456894.293457|2022-04-20 14:14:54.293457+02|16385|test|17|139074691|0|2261806|834324122|144427223|139337352|5000709|13|0|0|1|101588992|0|||0|0|18014968.364|1664089.647|4.633|2114|0|0|0|2022-04-20 13:54:59.705696+02
205|1650456895.393858|2022-04-20 14:14:55.393858+02|16385|test|17|139199630|0|2261806|835074352|144552411|139462538|5000709|13|0|0|1|101588992|0|||0|0|18031008.563|1665575.985|4.633|2116|0|0|0|2022-04-20 13:54:59.705696+02
206|1650456896.504263|2022-04-20 14:14:56.504263+02|16385|test|17|139324672|0|2261806|835825200|144677702|139587827|5000709|13|0|0|1|101588992|0|||0|0|18047049.824|1667099.864|4.633|2118|0|0|0|2022-04-20 13:54:59.705696+02
207|1650456897.593779|2022-04-20 14:14:57.593779+02|16385|test|17|139511554|0|2261806|836947088|144864833|139774956|5000709|13|0|0|1|101588992|0|||0|0|18071090.879|1669325.793|4.633|2120|0|0|0|2022-04-20 13:54:59.705696+02
208|1650456898.717614|2022-04-20 14:14:58.717614+02|16385|test|17|139635737|0|2261806|837692782|144989265|139899386|5000709|13|0|0|1|101588992|0|||0|0|18087130.673|1670769.314|4.633|2122|0|0|0|2022-04-20 13:54:59.705696+02
209|1650456899.849709|2022-04-20 14:14:59.849709+02|16385|test|17|139757810|0|2261806|838425816|145111587|140021706|5000709|13|0|0|1|101588992|0|||0|0|18103187.287|1672409.202|4.633|2124|0|0|0|2022-04-20 13:54:59.705696+02
210|1650456900.962226|2022-04-20 14:15:00.962226+02|16385|test|17|139880115|0|2261806|839160242|145234141|140144258|5000709|13|0|0|1|101588992|0|||0|0|18119228.538|1674023.771|4.633|2126|0|0|0|2022-04-20 13:54:59.705696+02
211|1650456902.075284|2022-04-20 14:15:02.075284+02|16385|test|17|140064955|0|2261806|840269878|145419230|140329345|5000709|13|0|0|1|101588992|0|||0|0|18143265.68|1676296.859|4.633|2128|0|0|0|2022-04-20 13:54:59.705696+02
212|1650456903.163593|2022-04-20 14:15:03.163593+02|16385|test|17|140190599|0|2261806|841024338|145545123|140455236|5000709|13|0|0|1|101588992|0|||0|0|18159290.703|1677673.357|4.633|2130|0|0|0|2022-04-20 13:54:59.705696+02
213|1650456904.284937|2022-04-20 14:15:04.284937+02|16385|test|17|140315612|0|2261806|841775012|145670385|140580496|5000709|13|0|0|1|101588992|0|||0|0|18175345.64|1679212.805|4.633|2132|0|0|0|2022-04-20 13:54:59.705696+02
214|1650456905.354378|2022-04-20 14:15:05.354378+02|16385|test|17|140440896|0|2261806|842527312|145795918|140706027|5000709|13|0|0|1|101588992|0|||0|0|18191376.217|1680611.452|4.633|2134|0|0|0|2022-04-20 13:54:59.705696+02
215|1650456906.458294|2022-04-20 14:15:06.458294+02|16385|test|17|140564470|0|2261806|843269352|145919741|140829848|5000709|13|0|0|1|101588992|0|||0|0|18207421.879|1682117.234|4.633|2136|0|0|0|2022-04-20 13:54:59.705696+02
216|1650456907.569015|2022-04-20 14:15:07.569015+02|16385|test|17|140750081|0|2261806|844383614|146105601|141015706|5000709|13|0|0|1|101588992|0|||0|0|18231454.334|1684233.158|4.633|2138|0|0|0|2022-04-20 13:54:59.705696+02
217|1650456908.662357|2022-04-20 14:15:08.662357+02|16385|test|17|140874887|0|2261806|845133046|146230656|141140759|5000709|13|0|0|1|101588992|0|||0|0|18247509.107|1685617.976|4.633|2140|0|0|0|2022-04-20 13:54:59.705696+02
218|1650456909.722331|2022-04-20 14:15:09.722331+02|16385|test|17|140998960|0|2261806|845878080|146354978|141265079|5000709|13|0|0|1|101588992|0|||0|0|18263534.537|1686997.839|4.633|2142|0|0|0|2022-04-20 13:54:59.705696+02
219|1650456910.832629|2022-04-20 14:15:10.832629+02|16385|test|17|141121954|0|2261806|846616640|146478221|141388320|5000709|13|0|0|1|101588992|0|||0|0|18279592.34|1688414.997|4.633|2144|0|0|0|2022-04-20 13:54:59.705696+02
220|1650456911.911272|2022-04-20 14:15:11.911272+02|16385|test|17|141248469|0|2261806|847376326|146604985|141515082|5000709|13|0|0|1|101588992|0|||0|0|18295622.891|1689868.218|4.633|2146|0|0|0|2022-04-20 13:54:59.705696+02
221|1650456913.034902|2022-04-20 14:15:13.034902+02|16385|test|17|141373260|0|2261806|848125668|146730025|141640120|5000709|13|0|0|1|101588992|0|||0|0|18311654.837|1691238.71|4.633|2148|0|0|0|2022-04-20 13:54:59.705696+02
222|1650456914.094701|2022-04-20 14:15:14.094701+02|16385|test|17|141561086|0|2261806|849253220|146918100|141828193|5000709|13|0|0|1|101588992|0|||0|0|18335689.952|1693310.143|4.633|2150|0|0|0|2022-04-20 13:54:59.705696+02
223|1650456915.181044|2022-04-20 14:15:15.181044+02|16385|test|17|141685677|0|2261806|850001362|147042940|141953031|5000709|13|0|0|1|101588992|0|||0|0|18351718.634|1694687.492|4.633|2152|0|0|0|2022-04-20 13:54:59.705696+02
224|1650456916.274256|2022-04-20 14:15:16.274256+02|16385|test|17|141811113|0|2261806|850754574|147168625|142078714|5000709|13|0|0|1|101588992|0|||0|0|18367757.894|1696063.516|4.633|2154|0|0|0|2022-04-20 13:54:59.705696+02
225|1650456917.350195|2022-04-20 14:15:17.350195+02|16385|test|17|141935867|0|2261806|851503694|147293628|142203715|5000709|13|0|0|1|101588992|0|||0|0|18383813.848|1697457.393|4.633|2156|0|0|0|2022-04-20 13:54:59.705696+02
226|1650456918.427293|2022-04-20 14:15:18.427293+02|16385|test|17|142061168|0|2261806|852256096|147419178|142329263|5000709|13|0|0|1|101588992|0|||0|0|18399851.176|1698839.526|4.633|2158|0|0|0|2022-04-20 13:54:59.705696+02
227|1650456919.534203|2022-04-20 14:15:19.534203+02|16385|test|17|142184617|0|2261806|852997386|147542876|142452959|5000709|13|0|0|1|101588992|0|||0|0|18415904.59|1700493.751|4.633|2160|0|0|0|2022-04-20 13:54:59.705696+02
228|1650456920.653134|2022-04-20 14:15:20.653134+02|16385|test|17|142371456|0|2261806|854119016|147729964|142640045|5000709|13|0|0|1|101588992|0|||0|0|18439927.086|1702570.763|4.633|2162|0|0|0|2022-04-20 13:54:59.705696+02
229|1650456921.760716|2022-04-20 14:15:21.760716+02|16385|test|17|142496170|0|2261806|854867896|147854927|142765006|5000709|13|0|0|1|101588992|0|||0|0|18455955.592|1703955.081|4.633|2164|0|0|0|2022-04-20 13:54:59.705696+02
230|1650456922.877453|2022-04-20 14:15:22.877453+02|16385|test|17|142619726|0|2261806|855609828|147978732|142888809|5000709|13|0|0|1|101588992|0|||0|0|18472017.536|1705388.499|4.633|2166|0|0|0|2022-04-20 13:54:59.705696+02
231|1650456923.960593|2022-04-20 14:15:23.960593+02|16385|test|17|142743307|0|2261806|856351910|148102562|143012637|5000709|13|0|0|1|101588992|0|||0|0|18488047.689|1706782.043|4.633|2168|0|0|0|2022-04-20 13:54:59.705696+02
232|1650456925.046483|2022-04-20 14:15:25.046483+02|16385|test|17|142903883|0|2261806|857315962|148263387|143173460|5000709|13|0|0|1|101588992|0|||0|0|18508586.83|1708562.829|4.633|2170|0|0|0|2022-04-20 13:54:59.705696+02
233|1650456926.141741|2022-04-20 14:15:26.141741+02|16385|test|17|143055876|0|2261806|858228516|148415629|143325700|5000709|13|0|0|1|101588992|0|||0|0|18528138.645|1710263|4.633|2172|0|0|0|2022-04-20 13:54:59.705696+02
234|1650456927.248925|2022-04-20 14:15:27.248925+02|16385|test|17|143180532|0|2261806|858977048|148540534|143450603|5000709|13|0|0|1|101588992|0|||0|0|18544166.967|1711657.466|4.633|2174|0|0|0|2022-04-20 13:54:59.705696+02
235|1650456928.349607|2022-04-20 14:15:28.349607+02|16385|test|17|143305169|0|2261806|859725466|148665420|143575487|5000709|13|0|0|1|101588992|0|||0|0|18560194.684|1713049.55|4.633|2176|0|0|0|2022-04-20 13:54:59.705696+02
236|1650456929.433443|2022-04-20 14:15:29.433443+02|16385|test|17|143428281|0|2261806|860464734|148788781|143698846|5000709|13|0|0|1|101588992|0|||0|0|18576225.713|1714726.739|4.633|2178|0|0|0|2022-04-20 13:54:59.705696+02
237|1650456930.513137|2022-04-20 14:15:30.513137+02|16385|test|17|143551213|0|2261806|861202890|148911948|143822012|5000709|13|0|0|1|101588992|0|||0|0|18592247.27|1716137.991|4.633|2179|0|0|0|2022-04-20 13:54:59.705696+02
238|1650456931.542888|2022-04-20 14:15:31.542888+02|16385|test|17|143674946|0|2261806|861946454|149037237|143946017|5000709|13|0|0|1|101588992|0|||0|0|18608259.552|1717490.923|4.633|2182|0|0|0|2022-04-20 13:54:59.705696+02
239|1650456932.666441|2022-04-20 14:15:32.666441+02|16385|test|17|143859200|0|2261806|863052574|149221740|144130518|5000709|13|0|0|1|101588992|0|||0|0|18632287.122|1719785.195|4.633|2184|0|0|0|2022-04-20 13:54:59.705696+02
240|1650456933.758608|2022-04-20 14:15:33.758608+02|16385|test|17|143984146|0|2261806|863802846|149346935|144255711|5000709|13|0|0|1|101588992|0|||0|0|18648322.794|1721156.005|4.633|2186|0|0|0|2022-04-20 13:54:59.705696+02
241|1650456934.835075|2022-04-20 14:15:34.835075+02|16385|test|17|144109401|0|2261806|864554972|149472439|144381213|5000709|13|0|0|1|101588992|0|||0|0|18664358.785|1722538.483|4.633|2188|0|0|0|2022-04-20 13:54:59.705696+02
242|1650456935.914270|2022-04-20 14:15:35.91427+02|16385|test|17|144234596|0|2261806|865306738|149597883|144506655|5000709|13|0|0|1|101588992|0|||0|0|18680392.806|1723937.896|4.633|2190|0|0|0|2022-04-20 13:54:59.705696+02
243|1650456937.011059|2022-04-20 14:15:37.011059+02|16385|test|17|144360521|0|2261806|866062884|149724057|144632827|5000709|13|0|0|1|101588992|0|||0|0|18696433.196|1725336.017|4.633|2192|0|0|0|2022-04-20 13:54:59.705696+02
244|1650456938.072007|2022-04-20 14:15:38.072007+02|16385|test|17|144548010|0|2261806|867188414|149911795|144820563|5000709|13|0|0|1|101588992|0|||0|0|18720457.5|1727411.634|4.633|2194|0|0|0|2022-04-20 13:54:59.705696+02
245|1650456939.194245|2022-04-20 14:15:39.194245+02|16385|test|17|144670926|0|2261806|867926506|150034960|144943726|5000709|13|0|0|1|101588992|0|||0|0|18736498.263|1729103.98|4.633|2196|0|0|0|2022-04-20 13:54:59.705696+02
246|1650456940.306677|2022-04-20 14:15:40.306677+02|16385|test|17|144795582|0|2261806|868675038|150159865|145068629|5000709|13|0|0|1|101588992|0|||0|0|18752527.414|1730527.126|4.633|2198|0|0|0|2022-04-20 13:54:59.705696+02
247|1650456941.396322|2022-04-20 14:15:41.396322+02|16385|test|17|144919220|0|2261806|869417462|150283752|145192514|5000709|13|0|0|1|101588992|0|||0|0|18768577.039|1731987.38|4.633|2200|0|0|0|2022-04-20 13:54:59.705696+02
248|1650456942.483351|2022-04-20 14:15:42.483351+02|16385|test|17|145041568|0|2261806|870152146|150406349|145315109|5000709|13|0|0|1|101588992|0|||0|0|18784610.176|1733529.489|4.633|2202|0|0|0|2022-04-20 13:54:59.705696+02
249|1650456943.571272|2022-04-20 14:15:43.571272+02|16385|test|17|145224797|0|2261806|871252116|150589827|145498585|5000709|13|0|0|1|101588992|0|||0|0|18808142.603|1735617.835|4.633|2204|0|0|0|2022-04-20 13:54:59.705696+02
250|1650456944.682107|2022-04-20 14:15:44.682107+02|16385|test|17|145353112|0|2261806|872022602|150718391|145627147|5000709|13|0|0|1|101588992|0|||0|0|18824673.041|1737170.68|4.633|2206|0|0|0|2022-04-20 13:54:59.705696+02
251|1650456945.776117|2022-04-20 14:15:45.776117+02|16385|test|17|145474346|0|2261806|872750602|150839874|145748628|5000709|13|0|0|1|101588992|0|||0|0|18840713.345|1738882.785|4.633|2208|0|0|0|2022-04-20 13:54:59.705696+02
252|1650456946.877560|2022-04-20 14:15:46.87756+02|16385|test|17|145600060|0|2261806|873505482|150965837|145874589|5000709|13|0|0|1|101588992|0|||0|0|18856744.373|1740324.241|4.633|2210|0|0|0|2022-04-20 13:54:59.705696+02
253|1650456947.979594|2022-04-20 14:15:47.979594+02|16385|test|17|145723722|0|2261806|874248050|151089748|145998498|5000709|13|0|0|1|101588992|0|||0|0|18872766.12|1741693.029|4.633|2212|0|0|0|2022-04-20 13:54:59.705696+02
254|1650456949.094825|2022-04-20 14:15:49.094825+02|16385|test|17|145908712|0|2261806|875358586|151274987|146183735|5000709|13|0|0|1|101588992|0|||0|0|18896817.187|1743833.204|4.633|2214|0|0|0|2022-04-20 13:54:59.705696+02
255|1650456950.203859|2022-04-20 14:15:50.203859+02|16385|test|17|146032597|0|2261806|876102492|151399121|146307867|5000709|13|0|0|1|101588992|0|||0|0|18912856.449|1745243.476|4.633|2216|0|0|0|2022-04-20 13:54:59.705696+02
256|1650456951.317045|2022-04-20 14:15:51.317045+02|16385|test|17|146156600|0|2261806|876847106|151523373|146432117|5000709|13|0|0|1|101588992|0|||0|0|18928887.889|1746602.038|4.633|2218|0|0|0|2022-04-20 13:54:59.705696+02
257|1650456952.433216|2022-04-20 14:15:52.433216+02|16385|test|17|146281307|0|2261806|877595944|151648329|146557071|5000709|13|0|0|1|101588992|0|||0|0|18944923.027|1747984.802|4.633|2220|0|0|0|2022-04-20 13:54:59.705696+02
258|1650456953.536278|2022-04-20 14:15:53.536278+02|16385|test|17|146405032|0|2261806|878338890|151772303|146681043|5000709|13|0|0|1|101588992|0|||0|0|18960962.447|1749391.744|4.633|2222|0|0|0|2022-04-20 13:54:59.705696+02
259|1650456954.614227|2022-04-20 14:15:54.614227+02|16385|test|17|146592338|0|2261806|879463322|151959858|146868596|5000709|13|0|0|1|101588992|0|||0|0|18985000.543|1751629.624|4.633|2224|0|0|0|2022-04-20 13:54:59.705696+02
260|1650456955.716441|2022-04-20 14:15:55.716441+02|16385|test|17|146715806|0|2261806|880204726|152083575|146992311|5000709|13|0|0|1|101588992|0|||0|0|19001033.311|1753167.936|4.633|2226|0|0|0|2022-04-20 13:54:59.705696+02
261|1650456956.770736|2022-04-20 14:15:56.770736+02|16385|test|17|146839995|0|2261806|880950456|152208013|147116747|5000709|13|0|0|1|101588992|0|||0|0|19017052.863|1754611.322|4.633|2228|0|0|0|2022-04-20 13:54:59.705696+02
262|1650456957.879547|2022-04-20 14:15:57.879547+02|16385|test|17|146964992|0|2261806|881701034|152333259|147241991|5000709|13|0|0|1|101588992|0|||0|0|19033088.72|1755996.378|4.633|2230|0|0|0|2022-04-20 13:54:59.705696+02
263|1650456958.969843|2022-04-20 14:15:58.969843+02|16385|test|17|147087896|0|2261806|882439054|152456412|147365142|5000709|13|0|0|1|101588992|0|||0|0|19049142.514|1757513.066|4.633|2232|0|0|0|2022-04-20 13:54:59.705696+02
264|1650456960.065573|2022-04-20 14:16:00.065573+02|16385|test|17|147259885|0|2261806|883471584|152628650|147537378|5000709|13|0|0|1|101588992|0|||0|0|19071188.257|1759432.138|4.633|2234|0|0|0|2022-04-20 13:54:59.705696+02
265|1650456961.179613|2022-04-20 14:16:01.179613+02|16385|test|17|147398279|0|2261806|884302544|152767293|147676019|5000709|13|0|0|1|101588992|0|||0|0|19089231.217|1761185.358|4.633|2236|0|0|0|2022-04-20 13:54:59.705696+02
266|1650456962.277884|2022-04-20 14:16:02.277884+02|16385|test|17|147519774|0|2261806|885032110|152889037|147797761|5000709|13|0|0|1|101588992|0|||0|0|19105270.981|1762932.473|4.633|2238|0|0|0|2022-04-20 13:54:59.705696+02
267|1650456963.382224|2022-04-20 14:16:03.382224+02|16385|test|17|147644541|0|2261806|885781308|153014053|147922775|5000709|13|0|0|1|101588992|0|||0|0|19121296.079|1764319.404|4.633|2240|0|0|0|2022-04-20 13:54:59.705696+02
268|1650456964.458643|2022-04-20 14:16:04.458643+02|16385|test|17|147769148|0|2261806|886529546|153138909|148047629|5000709|13|0|0|1|101588992|0|||0|0|19137323.546|1765701.571|4.633|2242|0|0|0|2022-04-20 13:54:59.705696+02
269|1650456965.528581|2022-04-20 14:16:05.528581+02|16385|test|17|147893720|0|2261806|887277574|153263730|148172448|5000709|13|0|0|1|101588992|0|||0|0|19153359.101|1767098.546|4.633|2244|0|0|0|2022-04-20 13:54:59.705696+02
270|1650456966.609806|2022-04-20 14:16:06.609806+02|16385|test|17|148078826|0|2261806|888388806|153449085|148357801|5000709|13|0|0|1|101588992|0|||0|0|19177390.435|1769249.936|4.633|2246|0|0|0|2022-04-20 13:54:59.705696+02
271|1650456967.691396|2022-04-20 14:16:07.691396+02|16385|test|17|148202518|0|2261806|889131554|153573026|148481740|5000709|13|0|0|1|101588992|0|||0|0|19193435.825|1770670.147|4.633|2248|0|0|0|2022-04-20 13:54:59.705696+02
272|1650456968.762578|2022-04-20 14:16:08.762578+02|16385|test|17|148327184|0|2261806|889880146|153697941|148606653|5000709|13|0|0|1|101588992|0|||0|0|19209475.777|1772050.973|4.633|2250|0|0|0|2022-04-20 13:54:59.705696+02
273|1650456969.799034|2022-04-20 14:16:09.799034+02|16385|test|17|148451592|0|2261806|890627190|153822598|148731308|5000709|13|0|0|1|101588992|0|||0|0|19225496.508|1773491.411|4.633|2252|0|0|0|2022-04-20 13:54:59.705696+02
274|1650456970.834291|2022-04-20 14:16:10.834291+02|16385|test|17|148576327|0|2261806|891376196|153947582|148856290|5000709|13|0|0|1|101588992|0|||0|0|19241516.471|1774885.696|4.633|2254|0|0|0|2022-04-20 13:54:59.705696+02
275|1650456971.882489|2022-04-20 14:16:11.882489+02|16385|test|17|148701499|0|2261806|892127824|154073003|148981709|5000709|13|0|0|1|101588992|0|||0|0|19257537.305|1776280.197|4.633|2256|0|0|0|2022-04-20 13:54:59.705696+02
276|1650456972.912911|2022-04-20 14:16:12.912911+02|16385|test|17|148824299|0|2261806|892865220|154196052|149104756|5000709|13|0|0|1|101588992|0|||0|0|19273558.022|1777797.321|4.633|2258|0|0|0|2022-04-20 13:54:59.705696+02
277|1650456974.027395|2022-04-20 14:16:14.027395+02|16385|test|17|148946981|0|2261806|893601908|154318983|149227685|5000709|13|0|0|1|101588992|0|||0|0|19289605.054|1779303.292|4.633|2260|0|0|0|2022-04-20 13:54:59.705696+02
278|1650456975.096228|2022-04-20 14:16:15.096228+02|16385|test|17|149134659|0|2261806|894728572|154506910|149415610|5000709|13|0|0|1|101588992|0|||0|0|19313630.979|1781366.598|4.633|2262|0|0|0|2022-04-20 13:54:59.705696+02
279|1650456976.201450|2022-04-20 14:16:16.20145+02|16385|test|17|149258500|0|2261806|895472214|154631000|149539698|5000709|13|0|0|1|101588992|0|||0|0|19329683.381|1782793.81|4.633|2264|0|0|0|2022-04-20 13:54:59.705696+02
280|1650456977.318111|2022-04-20 14:16:17.318111+02|16385|test|17|149382478|0|2261806|896216678|154755227|149663923|5000709|13|0|0|1|101588992|0|||0|0|19345736.316|1784199.853|4.633|2266|0|0|0|2022-04-20 13:54:59.705696+02
281|1650456978.401517|2022-04-20 14:16:18.401517+02|16385|test|17|149506045|0|2261806|896958676|154879043|149787737|5000709|13|0|0|1|101588992|0|||0|0|19361767.647|1785598.113|4.633|2268|0|0|0|2022-04-20 13:54:59.705696+02
282|1650456979.484974|2022-04-20 14:16:19.484974+02|16385|test|17|149630374|0|2261806|897705246|155003621|149912313|5000709|13|0|0|1|101588992|0|||0|0|19377815.646|1786975.883|4.633|2270|0|0|0|2022-04-20 13:54:59.705696+02
283|1650456980.587728|2022-04-20 14:16:20.587728+02|16385|test|17|149813916|0|2261806|898807094|155187412|150096102|5000709|13|0|0|1|101588992|0|||0|0|19401855.187|1789300.952|4.633|2272|0|0|0|2022-04-20 13:54:59.705696+02
284|1650456981.674582|2022-04-20 14:16:21.674582+02|16385|test|17|149938569|0|2261806|899555608|155312314|150221002|5000709|13|0|0|1|101588992|0|||0|0|19417901.724|1790677.097|4.633|2274|0|0|0|2022-04-20 13:54:59.705696+02
285|1650456982.760706|2022-04-20 14:16:22.760706+02|16385|test|17|150064033|0|2261806|900308988|155438027|150346713|5000709|13|0|0|1|101588992|0|||0|0|19433937.155|1792097.246|4.633|2276|0|0|0|2022-04-20 13:54:59.705696+02
286|1650456983.848060|2022-04-20 14:16:23.84806+02|16385|test|17|150187618|0|2261806|901051094|155561861|150470545|5000709|13|0|0|1|101588992|0|||0|0|19449963.191|1793652.991|4.633|2278|0|0|0|2022-04-20 13:54:59.705696+02
287|1650456984.966975|2022-04-20 14:16:24.966975+02|16385|test|17|150309855|0|2261806|901785112|155684347|150593029|5000709|13|0|0|1|101588992|0|||0|0|19466007.504|1795216.239|4.633|2280|0|0|0|2022-04-20 13:54:59.705696+02
288|1650456986.077057|2022-04-20 14:16:26.077057+02|16385|test|17|150489084|0|2261806|902861082|155863825|150772505|5000709|13|0|0|1|101588992|0|||0|0|19489536.764|1797536.381|4.633|2282|0|0|0|2022-04-20 13:54:59.705696+02
289|1650456987.187997|2022-04-20 14:16:27.187997+02|16385|test|17|150619325|0|2261806|903643124|155994315|150902993|5000709|13|0|0|1|101588992|0|||0|0|19506093.733|1799017.984|4.633|2284|0|0|0|2022-04-20 13:54:59.705696+02
290|1650456988.297090|2022-04-20 14:16:28.29709+02|16385|test|17|150743278|0|2261806|904387438|156118517|151027193|5000709|13|0|0|1|101588992|0|||0|0|19522120.839|1800403.711|4.633|2286|0|0|0|2022-04-20 13:54:59.705696+02
291|1650456989.377599|2022-04-20 14:16:29.377599+02|16385|test|17|150865972|0|2261806|905124198|156241460|151150134|5000709|13|0|0|1|101588992|0|||0|0|19538167.932|1801962.119|4.633|2288|0|0|0|2022-04-20 13:54:59.705696+02
292|1650456990.448879|2022-04-20 14:16:30.448879+02|16385|test|17|150989875|0|2261806|905868180|156365598|151274271|5000709|13|0|0|1|101588992|0|||0|0|19554186.844|1803448.807|4.633|2289|0|0|0|2022-04-20 13:54:59.705696+02
293|1650456991.533683|2022-04-20 14:16:31.533683+02|16385|test|17|151114680|0|2261806|906618176|156491959|151399348|5000709|13|0|0|1|101588992|0|||0|0|19570248.615|1804812.283|4.633|2292|0|0|0|2022-04-20 13:54:59.705696+02
294|1650456992.638751|2022-04-20 14:16:32.638751+02|16385|test|17|151301466|0|2261806|907739488|156678994|151586381|5000709|13|0|0|1|101588992|0|||0|0|19594288.709|1806884.394|4.633|2294|0|0|0|2022-04-20 13:54:59.705696+02
295|1650456993.684384|2022-04-20 14:16:33.684384+02|16385|test|17|151424709|0|2261806|908479542|156802486|151709871|5000709|13|0|0|1|101588992|0|||0|0|19610312.517|1808339.236|4.633|2296|0|0|0|2022-04-20 13:54:59.705696+02
296|1650456994.795208|2022-04-20 14:16:34.795208+02|16385|test|17|151548924|0|2261806|909225428|156926950|151834333|5000709|13|0|0|1|101588992|0|||0|0|19626348.309|1809788.832|4.633|2298|0|0|0|2022-04-20 13:54:59.705696+02
297|1650456995.903921|2022-04-20 14:16:35.903921+02|16385|test|17|151670930|0|2261806|909958060|157049205|151956586|5000709|13|0|0|1|101588992|0|||0|0|19642382.253|1811250.18|4.633|2300|0|0|0|2022-04-20 13:54:59.705696+02
298|1650456996.957167|2022-04-20 14:16:36.957167+02|16385|test|17|151793157|0|2261806|910692018|157171681|152079060|5000709|13|0|0|1|101588992|0|||0|0|19658432.17|1812742.686|4.633|2302|0|0|0|2022-04-20 13:54:59.705696+02
299|1650456998.083700|2022-04-20 14:16:38.0837+02|16385|test|17|151979026|0|2261806|911807828|157357799|152265176|5000709|13|0|0|1|101588992|0|||0|0|19682458.057|1814886.823|4.633|2304|0|0|0|2022-04-20 13:54:59.705696+02
300|1650456999.193603|2022-04-20 14:16:39.193603+02|16385|test|17|152102127|0|2261806|912547030|157481149|152388524|5000709|13|0|0|1|101588992|0|||0|0|19698502.791|1816381.751|4.633|2306|0|0|0|2022-04-20 13:54:59.705696+02
301|1650457000.274191|2022-04-20 14:16:40.274191+02|16385|test|17|152225947|0|2261806|913290546|157605218|152512591|5000709|13|0|0|1|101588992|0|||0|0|19714539.631|1817793.535|4.633|2308|0|0|0|2022-04-20 13:54:59.705696+02
302|1650457001.391260|2022-04-20 14:16:41.39126+02|16385|test|17|152348069|0|2261806|914023874|157727589|152634960|5000709|13|0|0|1|101588992|0|||0|0|19730572.975|1819195.42|4.633|2310|0|0|0|2022-04-20 13:54:59.705696+02
303|1650457002.465905|2022-04-20 14:16:42.465905+02|16385|test|17|152471719|0|2261806|914766370|157851488|152758857|5000709|13|0|0|1|101588992|0|||0|0|19746610.711|1820687.624|4.633|2312|0|0|0|2022-04-20 13:54:59.705696+02
304|1650457003.538406|2022-04-20 14:16:43.538406+02|16385|test|17|152596848|0|2261806|915517740|157976866|152884233|5000709|13|0|0|1|101588992|0|||0|0|19762636.693|1822069.889|4.633|2314|0|0|0|2022-04-20 13:54:59.705696+02
305|1650457004.630352|2022-04-20 14:16:44.630352+02|16385|test|17|152784132|0|2261806|916642040|158164399|153071764|5000709|13|0|0|1|101588992|0|||0|0|19786661.641|1824264.323|4.633|2316|0|0|0|2022-04-20 13:54:59.705696+02
306|1650457005.737881|2022-04-20 14:16:45.737881+02|16385|test|17|152907878|0|2261806|917385112|158288394|153195757|5000709|13|0|0|1|101588992|0|||0|0|19802705.806|1825690.729|4.633|2318|0|0|0|2022-04-20 13:54:59.705696+02
307|1650457006.785456|2022-04-20 14:16:46.785456+02|16385|test|17|153032158|0|2261806|918131388|158412923|153320284|5000709|13|0|0|1|101588992|0|||0|0|19818736.29|1827124.553|4.633|2320|0|0|0|2022-04-20 13:54:59.705696+02
308|1650457007.901102|2022-04-20 14:16:47.901102+02|16385|test|17|153157493|0|2261806|918883994|158538507|153445866|5000709|13|0|0|1|101588992|0|||0|0|19834773.414|1828509.016|4.633|2322|0|0|0|2022-04-20 13:54:59.705696+02
309|1650457009.003603|2022-04-20 14:16:49.003603+02|16385|test|17|153281760|0|2261806|919630192|158663023|153570380|5000709|13|0|0|1|101588992|0|||0|0|19850805.605|1830027.723|4.633|2324|0|0|0|2022-04-20 13:54:59.705696+02
310|1650457010.086536|2022-04-20 14:16:50.086536+02|16385|test|17|153467278|0|2261806|920743896|158848790|153756145|5000709|13|0|0|1|101588992|0|||0|0|19874833.629|1832074.311|4.633|2326|0|0|0|2022-04-20 13:54:59.705696+02
311|1650457011.168180|2022-04-20 14:16:51.16818+02|16385|test|17|153590086|0|2261806|921481340|158971847|153879200|5000709|13|0|0|1|101588992|0|||0|0|19890857.632|1833565.833|4.633|2328|0|0|0|2022-04-20 13:54:59.705696+02
312|1650457012.269119|2022-04-20 14:16:52.269119+02|16385|test|17|153713938|0|2261806|922225048|159095948|154003299|5000709|13|0|0|1|101588992|0|||0|0|19906903.144|1834958.209|4.633|2330|0|0|0|2022-04-20 13:54:59.705696+02
313|1650457013.342787|2022-04-20 14:16:53.342787+02|16385|test|17|153837666|0|2261806|922968012|159219925|154127274|5000709|13|0|0|1|101588992|0|||0|0|19922938.079|1836366.411|4.633|2332|0|0|0|2022-04-20 13:54:59.705696+02
314|1650457014.421355|2022-04-20 14:16:54.421355+02|16385|test|17|153962537|0|2261806|923717834|159345045|154252392|5000709|13|0|0|1|101588992|0|||0|0|19938964.674|1837743.196|4.633|2334|0|0|0|2022-04-20 13:54:59.705696+02
315|1650457015.476920|2022-04-20 14:16:55.47692+02|16385|test|17|154085058|0|2261806|924453556|159467815|154375160|5000709|13|0|0|1|101588992|0|||0|0|19954996.992|1839284.05|4.633|2336|0|0|0|2022-04-20 13:54:59.705696+02
316|1650457016.570999|2022-04-20 14:16:56.570999+02|16385|test|17|154253656|0|2261806|925465740|159636662|154544005|5000709|13|0|0|1|101588992|0|||0|0|19976527.807|1841135.048|4.633|2338|0|0|0|2022-04-20 13:54:59.705696+02
317|1650457017.670964|2022-04-20 14:16:57.670964+02|16385|test|17|154397432|0|2261806|926328992|159780687|154688028|5000709|13|0|0|1|101588992|0|||0|0|19995075.817|1842830.858|4.633|2340|0|0|0|2022-04-20 13:54:59.705696+02
318|1650457018.731117|2022-04-20 14:16:58.731117+02|16385|test|17|154521502|0|2261806|927074008|159905006|154812345|5000709|13|0|0|1|101588992|0|||0|0|20011114.905|1844221.157|4.633|2342|0|0|0|2022-04-20 13:54:59.705696+02
319|1650457019.852499|2022-04-20 14:16:59.852499+02|16385|test|17|154645873|0|2261806|927820830|160029626|154936963|5000709|13|0|0|1|101588992|0|||0|0|20027150.16|1845617.988|4.633|2344|0|0|0|2022-04-20 13:54:59.705696+02
320|1650457020.910134|2022-04-20 14:17:00.910134+02|16385|test|17|154770456|0|2261806|928568924|160154458|155061793|5000709|13|0|0|1|101588992|0|||0|0|20043178.154|1847032.294|4.633|2346|0|0|0|2022-04-20 13:54:59.705696+02
321|1650457022.018960|2022-04-20 14:17:02.01896+02|16385|test|17|154891627|0|2261806|929296546|160275878|155183211|5000709|13|0|0|1|101588992|0|||0|0|20059215.857|1848540.977|4.633|2348|0|0|0|2022-04-20 13:54:59.705696+02
322|1650457023.115041|2022-04-20 14:17:03.115041+02|16385|test|17|155076057|0|2261806|930403722|160460557|155367888|5000709|13|0|0|1|101588992|0|||0|0|20083251.669|1850908.339|4.633|2350|0|0|0|2022-04-20 13:54:59.705696+02
323|1650457024.217659|2022-04-20 14:17:04.217659+02|16385|test|17|155199610|0|2261806|931145636|160584359|155491688|5000709|13|0|0|1|101588992|0|||0|0|20099305.943|1852326.866|4.633|2352|0|0|0|2022-04-20 13:54:59.705696+02
324|1650457025.332196|2022-04-20 14:17:05.332196+02|16385|test|17|155323854|0|2261806|931891696|160708852|155616179|5000709|13|0|0|1|101588992|0|||0|0|20115351.452|1853842.771|4.633|2354|0|0|0|2022-04-20 13:54:59.705696+02
325|1650457026.429311|2022-04-20 14:17:06.429311+02|16385|test|17|155447331|0|2261806|932633154|160832578|155739903|5000709|13|0|0|1|101588992|0|||0|0|20131387.521|1855339.549|4.633|2356|0|0|0|2022-04-20 13:54:59.705696+02
326|1650457027.510054|2022-04-20 14:17:07.510054+02|16385|test|17|155570990|0|2261806|933375704|160956486|155863809|5000709|13|0|0|1|101588992|0|||0|0|20147437.078|1856819.516|4.633|2358|0|0|0|2022-04-20 13:54:59.705696+02
327|1650457028.623898|2022-04-20 14:17:08.623898+02|16385|test|17|155758187|0|2261806|934499482|161143932|156051253|5000709|13|0|0|1|101588992|0|||0|0|20171465.395|1858902.598|4.633|2360|0|0|0|2022-04-20 13:54:59.705696+02
328|1650457029.658588|2022-04-20 14:17:09.658588+02|16385|test|17|155882819|0|2261806|935247870|161268813|156176132|5000709|13|0|0|1|101588992|0|||0|0|20187490.281|1860301.139|4.633|2362|0|0|0|2022-04-20 13:54:59.705696+02
329|1650457030.778004|2022-04-20 14:17:10.778004+02|16385|test|17|156006847|0|2261806|935992634|161393090|156300407|5000709|13|0|0|1|101588992|0|||0|0|20203537.695|1861744.069|4.633|2364|0|0|0|2022-04-20 13:54:59.705696+02
330|1650457031.898807|2022-04-20 14:17:11.898807+02|16385|test|17|156127916|0|2261806|936719644|161514408|156421723|5000709|13|0|0|1|101588992|0|||0|0|20219576.127|1863306.366|4.633|2366|0|0|0|2022-04-20 13:54:59.705696+02
331|1650457033.034766|2022-04-20 14:17:13.034766+02|16385|test|17|156249526|0|2261806|937449900|161636267|156543580|5000709|13|0|0|1|101588992|0|||0|0|20235621.205|1864876.71|4.633|2368|0|0|0|2022-04-20 13:54:59.705696+02
332|1650457034.145074|2022-04-20 14:17:14.145074+02|16385|test|17|156433928|0|2261806|938556908|161820918|156728229|5000709|13|0|0|1|101588992|0|||0|0|20259661.706|1866973.193|4.633|2370|0|0|0|2022-04-20 13:54:59.705696+02
333|1650457035.267474|2022-04-20 14:17:15.267474+02|16385|test|17|156557212|0|2261806|939297208|161944451|156851760|5000709|13|0|0|1|101588992|0|||0|0|20275696.887|1868345.021|4.633|2372|0|0|0|2022-04-20 13:54:59.705696+02
334|1650457036.376811|2022-04-20 14:17:16.376811+02|16385|test|17|156680369|0|2261806|940036746|162067857|156975164|5000709|13|0|0|1|101588992|0|||0|0|20291740.218|1869707.842|4.633|2374|0|0|0|2022-04-20 13:54:59.705696+02
335|1650457037.474908|2022-04-20 14:17:17.474908+02|16385|test|17|156802583|0|2261806|940770626|162190320|157097625|5000709|13|0|0|1|101588992|0|||0|0|20307777.66|1871135.922|4.633|2376|0|0|0|2022-04-20 13:54:59.705696+02
336|1650457038.567014|2022-04-20 14:17:18.567014+02|16385|test|17|156935311|0|2261806|941567590|162323297|157230600|5000709|13|0|0|1|101588992|0|||0|0|20324835.109|1872629.751|4.633|2378|0|0|0|2022-04-20 13:54:59.705696+02
337|1650457039.665644|2022-04-20 14:17:19.665644+02|16385|test|17|157112170|0|2261806|942629340|162500405|157407706|5000709|13|0|0|1|101588992|0|||0|0|20347873.967|1874782.381|4.633|2380|0|0|0|2022-04-20 13:54:59.705696+02
338|1650457040.756308|2022-04-20 14:17:20.756308+02|16385|test|17|157235618|0|2261806|943370624|162624102|157531401|5000709|13|0|0|1|101588992|0|||0|0|20363896.118|1876302.92|4.633|2382|0|0|0|2022-04-20 13:54:59.705696+02
339|1650457041.828957|2022-04-20 14:17:21.828957+02|16385|test|17|157359261|0|2261806|944113078|162747994|157655291|5000709|13|0|0|1|101588992|0|||0|0|20379932.812|1877680.732|4.633|2384|0|0|0|2022-04-20 13:54:59.705696+02
340|1650457042.929169|2022-04-20 14:17:22.929169+02|16385|test|17|157483534|0|2261806|944859312|162872516|157779811|5000709|13|0|0|1|101588992|0|||0|0|20395975.878|1879171.5|4.633|2386|0|0|0|2022-04-20 13:54:59.705696+02
341|1650457044.045140|2022-04-20 14:17:24.04514+02|16385|test|17|157607902|0|2261806|945606116|162997133|157904426|5000709|13|0|0|1|101588992|0|||0|0|20412008.357|1880611.648|4.633|2388|0|0|0|2022-04-20 13:54:59.705696+02
342|1650457045.148188|2022-04-20 14:17:25.148188+02|16385|test|17|157797709|0|2261806|946745554|163187189|158094480|5000709|13|0|0|1|101588992|0|||0|0|20436041.309|1882671.342|4.633|2390|0|0|0|2022-04-20 13:54:59.705696+02
343|1650457046.207787|2022-04-20 14:17:26.207787+02|16385|test|17|157921597|0|2261806|947489478|163311326|158218615|5000709|13|0|0|1|101588992|0|||0|0|20452079.589|1884077.336|4.633|2392|0|0|0|2022-04-20 13:54:59.705696+02
344|1650457047.321394|2022-04-20 14:17:27.321394+02|16385|test|17|158044943|0|2261806|948230150|163434921|158342208|5000709|13|0|0|1|101588992|0|||0|0|20468115.87|1885624.464|4.633|2394|0|0|0|2022-04-20 13:54:59.705696+02
345|1650457048.455688|2022-04-20 14:17:28.455688+02|16385|test|17|158170321|0|2261806|948983014|163560548|158467833|5000709|13|0|0|1|101588992|0|||0|0|20484161.869|1887068.498|4.633|2396|0|0|0|2022-04-20 13:54:59.705696+02
346|1650457049.557312|2022-04-20 14:17:29.557312+02|16385|test|17|158293698|0|2261806|949723872|163684174|158591457|5000709|13|0|0|1|101588992|0|||0|0|20500195.455|1888615.962|4.633|2398|0|0|0|2022-04-20 13:54:59.705696+02
347|1650457050.665339|2022-04-20 14:17:30.665339+02|16385|test|17|158417797|0|2261806|950469030|163808508|158715790|5000709|13|0|0|1|101588992|0|||0|0|20516223.571|1890105.732|4.633|2399|0|0|0|2022-04-20 13:54:59.705696+02
348|1650457051.737107|2022-04-20 14:17:31.737107+02|16385|test|17|158603734|0|2261806|951585818|163996001|158901999|5000709|13|0|0|1|101588992|0|||0|0|20540240.949|1892200.487|4.633|2402|0|0|0|2022-04-20 13:54:59.705696+02
349|1650457052.847129|2022-04-20 14:17:32.847129+02|16385|test|17|158729409|0|2261806|952340464|164121925|159027921|5000709|13|0|0|1|101588992|0|||0|0|20556267.025|1893628.367|4.633|2404|0|0|0|2022-04-20 13:54:59.705696+02
350|1650457053.972020|2022-04-20 14:17:33.97202+02|16385|test|17|158850163|0|2261806|953065584|164242928|159148922|5000709|13|0|0|1|101588992|0|||0|0|20572300.925|1895227.777|4.633|2406|0|0|0|2022-04-20 13:54:59.705696+02
351|1650457055.061139|2022-04-20 14:17:35.061139+02|16385|test|17|158973586|0|2261806|953806718|164366600|159272592|5000709|13|0|0|1|101588992|0|||0|0|20588330.409|1896729.762|4.633|2408|0|0|0|2022-04-20 13:54:59.705696+02
352|1650457056.181216|2022-04-20 14:17:36.181216+02|16385|test|17|159160993|0|2261806|954931756|164554256|159460246|5000709|13|0|0|1|101588992|0|||0|0|20612375.075|1898820.032|4.633|2410|0|0|0|2022-04-20 13:54:59.705696+02
353|1650457057.284224|2022-04-20 14:17:37.284224+02|16385|test|17|159285772|0|2261806|955681026|164679284|159585272|5000709|13|0|0|1|101588992|0|||0|0|20628408.685|1900302.804|4.633|2412|0|0|0|2022-04-20 13:54:59.705696+02
354|1650457058.386561|2022-04-20 14:17:38.386561+02|16385|test|17|159408440|0|2261806|956417630|164802201|159708187|5000709|13|0|0|1|101588992|0|||0|0|20644446.118|1901797.02|4.633|2414|0|0|0|2022-04-20 13:54:59.705696+02
355|1650457059.499748|2022-04-20 14:17:39.499748+02|16385|test|17|159530144|0|2261806|957148450|164924154|159830138|5000709|13|0|0|1|101588992|0|||0|0|20660489.548|1903385.701|4.633|2416|0|0|0|2022-04-20 13:54:59.705696+02
356|1650457060.565122|2022-04-20 14:17:40.565122+02|16385|test|17|159652366|0|2261806|957882378|165046625|159952607|5000709|13|0|0|1|101588992|0|||0|0|20676519.112|1904932.955|4.633|2418|0|0|0|2022-04-20 13:54:59.705696+02
357|1650457061.642441|2022-04-20 14:17:41.642441+02|16385|test|17|159838964|0|2261806|959002562|165233472|160139452|5000709|13|0|0|1|101588992|0|||0|0|20700560.64|1907037.022|4.633|2420|0|0|0|2022-04-20 13:54:59.705696+02
358|1650457062.740065|2022-04-20 14:17:42.740065+02|16385|test|17|159962858|0|2261806|959746522|165357615|160263593|5000709|13|0|0|1|101588992|0|||0|0|20716580.022|1908416.896|4.633|2422|0|0|0|2022-04-20 13:54:59.705696+02
359|1650457063.832989|2022-04-20 14:17:43.832989+02|16385|test|17|160087219|0|2261806|960493284|165482225|160388201|5000709|13|0|0|1|101588992|0|||0|0|20732614.653|1909806.153|4.633|2424|0|0|0|2022-04-20 13:54:59.705696+02
360|1650457064.944664|2022-04-20 14:17:44.944664+02|16385|test|17|160211174|0|2261806|961237610|165606429|160512403|5000709|13|0|0|1|101588992|0|||0|0|20748649.518|1911270.011|4.633|2426|0|0|0|2022-04-20 13:54:59.705696+02
361|1650457066.015100|2022-04-20 14:17:46.0151+02|16385|test|17|160335200|0|2261806|961982362|165730704|160636676|5000709|13|0|0|1|101588992|0|||0|0|20764668.08|1912724.537|4.633|2428|0|0|0|2022-04-20 13:54:59.705696+02
362|1650457067.108564|2022-04-20 14:17:47.108564+02|16385|test|17|160521659|0|2261806|963101712|165917412|160823382|5000709|13|0|0|1|101588992|0|||0|0|20788714.379|1914824.136|4.633|2430|0|0|0|2022-04-20 13:54:59.705696+02
363|1650457068.183605|2022-04-20 14:17:48.183605+02|16385|test|17|160647259|0|2261806|963855908|166043261|160949229|5000709|13|0|0|1|101588992|0|||0|0|20804744.804|1916207.631|4.633|2432|0|0|0|2022-04-20 13:54:59.705696+02
364|1650457069.281989|2022-04-20 14:17:49.281989+02|16385|test|17|160769895|0|2261806|964592320|166166146|161072112|5000709|13|0|0|1|101588992|0|||0|0|20820783.993|1917773.258|4.633|2434|0|0|0|2022-04-20 13:54:59.705696+02
365|1650457070.382466|2022-04-20 14:17:50.382466+02|16385|test|17|160891542|0|2261806|965322798|166288042|161194006|5000709|13|0|0|1|101588992|0|||0|0|20836829.762|1919366.966|4.633|2436|0|0|0|2022-04-20 13:54:59.705696+02
366|1650457071.491794|2022-04-20 14:17:51.491794+02|16385|test|17|161013757|0|2261806|966056684|166410506|161316468|5000709|13|0|0|1|101588992|0|||0|0|20852871.044|1920851.989|4.633|2438|0|0|0|2022-04-20 13:54:59.705696+02
367|1650457072.611232|2022-04-20 14:17:52.611232+02|16385|test|17|161199108|0|2261806|967169386|166596106|161502066|5000709|13|0|0|1|101588992|0|||0|0|20876907.468|1923041.809|4.633|2440|0|0|0|2022-04-20 13:54:59.705696+02
368|1650457073.652178|2022-04-20 14:17:53.652178+02|16385|test|17|161324103|0|2261806|967919952|166721350|161627308|5000709|13|0|0|1|101588992|0|||0|0|20892940.746|1924454.632|4.633|2442|0|0|0|2022-04-20 13:54:59.705696+02
369|1650457074.711886|2022-04-20 14:17:54.711886+02|16385|test|17|161448223|0|2261806|968665268|166845719|161751675|5000709|13|0|0|1|101588992|0|||0|0|20908971.776|1925851.908|4.633|2444|0|0|0|2022-04-20 13:54:59.705696+02
370|1650457075.791309|2022-04-20 14:17:55.791309+02|16385|test|17|161572292|0|2261806|969410278|166970037|161875991|5000709|13|0|0|1|101588992|0|||0|0|20924991.011|1927217.751|4.633|2446|0|0|0|2022-04-20 13:54:59.705696+02
371|1650457076.832520|2022-04-20 14:17:56.83252+02|16385|test|17|161695582|0|2261806|970150614|167093576|161999528|5000709|13|0|0|1|101588992|0|||0|0|20941012.035|1928788.558|4.633|2448|0|0|0|2022-04-20 13:54:59.705696+02
372|1650457077.879087|2022-04-20 14:17:57.879087+02|16385|test|17|161819040|0|2261806|970891958|167217283|162123233|5000709|13|0|0|1|101588992|0|||0|0|20957043.635|1930202.242|4.633|2450|0|0|0|2022-04-20 13:54:59.705696+02
373|1650457078.942743|2022-04-20 14:17:58.942743+02|16385|test|17|161941690|0|2261806|971628454|167340182|162246130|5000709|13|0|0|1|101588992|0|||0|0|20973079.726|1931688.609|4.633|2452|0|0|0|2022-04-20 13:54:59.705696+02
374|1650457080.058057|2022-04-20 14:18:00.058057+02|16385|test|17|162064344|0|2261806|972364974|167463085|162369031|5000709|13|0|0|1|101588992|0|||0|0|20989111.853|1933178.399|4.633|2454|0|0|0|2022-04-20 13:54:59.705696+02
375|1650457081.188793|2022-04-20 14:18:01.188793+02|16385|test|17|162247363|0|2261806|973463684|167646353|162552297|5000709|13|0|0|1|101588992|0|||0|0|21013154.701|1935360.337|4.633|2456|0|0|0|2022-04-20 13:54:59.705696+02
376|1650457082.318052|2022-04-20 14:18:02.318052+02|16385|test|17|162369032|0|2261806|974194294|167768271|162674213|5000709|13|0|0|1|101588992|0|||0|0|21029196.905|1936835.479|4.633|2458|0|0|0|2022-04-20 13:54:59.705696+02
377|1650457083.413870|2022-04-20 14:18:03.41387+02|16385|test|17|162492860|0|2261806|974937858|167892348|162798288|5000709|13|0|0|1|101588992|0|||0|0|21045227.725|1938272.155|4.633|2460|0|0|0|2022-04-20 13:54:59.705696+02
378|1650457084.535241|2022-04-20 14:18:04.535241+02|16385|test|17|162615618|0|2261806|975675002|168015355|162921293|5000709|13|0|0|1|101588992|0|||0|0|21061266.958|1939924.584|4.633|2462|0|0|0|2022-04-20 13:54:59.705696+02
379|1650457085.651224|2022-04-20 14:18:05.651224+02|16385|test|17|162800665|0|2261806|976785880|168200651|163106587|5000709|13|0|0|1|101588992|0|||0|0|21085320.381|1942269.727|4.633|2464|0|0|0|2022-04-20 13:54:59.705696+02
380|1650457086.720738|2022-04-20 14:18:06.720738+02|16385|test|17|162923851|0|2261806|977525592|168324086|163230020|5000709|13|0|0|1|101588992|0|||0|0|21101349.935|1943808.249|4.633|2466|0|0|0|2022-04-20 13:54:59.705696+02
381|1650457087.807533|2022-04-20 14:18:07.807533+02|16385|test|17|163047614|0|2261806|978268766|168448098|163354030|5000709|13|0|0|1|101588992|0|||0|0|21117390.148|1945202.971|4.633|2468|0|0|0|2022-04-20 13:54:59.705696+02
382|1650457088.895969|2022-04-20 14:18:08.895969+02|16385|test|17|163170212|0|2261806|979004950|168570945|163476875|5000709|13|0|0|1|101588992|0|||0|0|21133429.453|1946637.824|4.633|2470|0|0|0|2022-04-20 13:54:59.705696+02
383|1650457090.028325|2022-04-20 14:18:10.028325+02|16385|test|17|163294316|0|2261806|979750170|168695298|163601226|5000709|13|0|0|1|101588992|0|||0|0|21149471.134|1948075.244|4.633|2472|0|0|0|2022-04-20 13:54:59.705696+02
384|1650457091.148473|2022-04-20 14:18:11.148473+02|16385|test|17|163482651|0|2261806|980880776|168883882|163789808|5000709|13|0|0|1|101588992|0|||0|0|21173512.149|1950184.479|4.633|2474|0|0|0|2022-04-20 13:54:59.705696+02
385|1650457092.245000|2022-04-20 14:18:12.245+02|16385|test|17|163607185|0|2261806|981628576|169008665|163914589|5000709|13|0|0|1|101588992|0|||0|0|21189550.739|1951561.874|4.633|2476|0|0|0|2022-04-20 13:54:59.705696+02
386|1650457093.285316|2022-04-20 14:18:13.285316+02|16385|test|17|163729833|0|2261806|982365060|169131562|164037484|5000709|13|0|0|1|101588992|0|||0|0|21205571.93|1953088.687|4.633|2478|0|0|0|2022-04-20 13:54:59.705696+02
387|1650457094.358780|2022-04-20 14:18:14.35878+02|16385|test|17|163853994|0|2261806|983110622|169255972|164161892|5000709|13|0|0|1|101588992|0|||0|0|21221598.792|1954575.411|4.633|2480|0|0|0|2022-04-20 13:54:59.705696+02
388|1650457095.431719|2022-04-20 14:18:15.431719+02|16385|test|17|163977253|0|2261806|983850772|169379480|164285398|5000709|13|0|0|1|101588992|0|||0|0|21237627.607|1956078.53|4.633|2482|0|0|0|2022-04-20 13:54:59.705696+02
389|1650457096.513920|2022-04-20 14:18:16.51392+02|16385|test|17|164102153|0|2261806|984600768|169504629|164410545|5000709|13|0|0|1|101588992|0|||0|0|21253663.037|1957512.173|4.633|2484|0|0|0|2022-04-20 13:54:59.705696+02
390|1650457097.588682|2022-04-20 14:18:17.588682+02|16385|test|17|164288386|0|2261806|985718762|169691111|164597025|5000709|13|0|0|1|101588992|0|||0|0|21277697.468|1959733.609|4.633|2486|0|0|0|2022-04-20 13:54:59.705696+02
391|1650457098.684086|2022-04-20 14:18:18.684086+02|16385|test|17|164413283|0|2261806|986468740|169816257|164722169|5000709|13|0|0|1|101588992|0|||0|0|21293743.182|1961147.383|4.633|2488|0|0|0|2022-04-20 13:54:59.705696+02
392|1650457099.759732|2022-04-20 14:18:19.759732+02|16385|test|17|164535566|0|2261806|987203034|169938789|164844699|5000709|13|0|0|1|101588992|0|||0|0|21309768.934|1962519.436|4.633|2490|0|0|0|2022-04-20 13:54:59.705696+02
393|1650457100.878642|2022-04-20 14:18:20.878642+02|16385|test|17|164659674|0|2261806|987948278|170063146|164969054|5000709|13|0|0|1|101588992|0|||0|0|21325813.011|1963916.982|4.633|2492|0|0|0|2022-04-20 13:54:59.705696+02
394|1650457101.999283|2022-04-20 14:18:21.999283+02|16385|test|17|164781414|0|2261806|988679314|170185135|165091041|5000709|13|0|0|1|101588992|0|||0|0|21341852.674|1965388.949|4.633|2494|0|0|0|2022-04-20 13:54:59.705696+02
395|1650457103.105772|2022-04-20 14:18:23.105772+02|16385|test|17|164967076|0|2261806|989793882|170371046|165276950|5000709|13|0|0|1|101588992|0|||0|0|21365875.183|1967450.946|4.633|2496|0|0|0|2022-04-20 13:54:59.705696+02
396|1650457104.189586|2022-04-20 14:18:24.189586+02|16385|test|17|165091170|0|2261806|990539042|170495389|165401291|5000709|13|0|0|1|101588992|0|||0|0|21381920.693|1968844.019|4.633|2498|0|0|0|2022-04-20 13:54:59.705696+02
397|1650457105.293416|2022-04-20 14:18:25.293416+02|16385|test|17|165215238|0|2261806|991284046|170619706|165525606|5000709|13|0|0|1|101588992|0|||0|0|21397964.759|1970365.872|4.633|2500|0|0|0|2022-04-20 13:54:59.705696+02
398|1650457106.388513|2022-04-20 14:18:26.388513+02|16385|test|17|165337029|0|2261806|992015388|170741746|165647644|5000709|13|0|0|1|101588992|0|||0|0|21413994.732|1971961.136|4.633|2502|0|0|0|2022-04-20 13:54:59.705696+02
399|1650457107.459889|2022-04-20 14:18:27.459889+02|16385|test|17|165460115|0|2261806|992754500|170865081|165770977|5000709|13|0|0|1|101588992|0|||0|0|21430044.618|1973440.52|4.633|2504|0|0|0|2022-04-20 13:54:59.705696+02
400|1650457108.557412|2022-04-20 14:18:28.557412+02|16385|test|17|165584491|0|2261806|993501352|170989706|165895600|5000709|13|0|0|1|101588992|0|||0|0|21446070.658|1974816.527|4.633|2506|0|0|0|2022-04-20 13:54:59.705696+02
401|1650457109.660356|2022-04-20 14:18:29.660356+02|16385|test|17|165767361|0|2261806|994599168|171172825|166078717|5000709|13|0|0|1|101588992|0|||0|0|21470112.437|1977114.963|4.633|2508|0|0|0|2022-04-20 13:54:59.705696+02
402|1650457110.784250|2022-04-20 14:18:30.78425+02|16385|test|17|165827240|0|2261806|994959006|171232939|166138830|5000709|13|0|0|1|101588992|0|||0|0|21478144.598|1978015.25|4.633|2509|0|0|0|2022-04-20 13:54:59.705696+02
403|1650457111.898943|2022-04-20 14:18:31.898943+02|16385|test|17|166010029|0|2261806|996056906|171417284|166321891|5000709|13|0|0|1|101588992|0|||0|0|21502180.183|1980356.484|4.633|2512|0|0|0|2022-04-20 13:54:59.705696+02
404|1650457112.967308|2022-04-20 14:18:32.967308+02|16385|test|17|166134438|0|2261806|996803956|171541942|166446547|5000709|13|0|0|1|101588992|0|||0|0|21518212.369|1981745.026|4.633|2514|0|0|0|2022-04-20 13:54:59.705696+02
405|1650457114.076557|2022-04-20 14:18:34.076557+02|16385|test|17|166259702|0|2261806|997556136|171667455|166572058|5000709|13|0|0|1|101588992|0|||0|0|21534248.834|1983150.182|4.633|2516|0|0|0|2022-04-20 13:54:59.705696+02
406|1650457115.162285|2022-04-20 14:18:35.162285+02|16385|test|17|166448369|0|2261806|998688734|171856371|166760972|5000709|13|0|0|1|101588992|0|||0|0|21558290.143|1985222.911|4.633|2518|0|0|0|2022-04-20 13:54:59.705696+02
407|1650457116.253546|2022-04-20 14:18:36.253546+02|16385|test|17|166574141|0|2261806|999443962|171982392|166886991|5000709|13|0|0|1|101588992|0|||0|0|21574327.196|1986602.03|4.633|2520|0|0|0|2022-04-20 13:54:59.705696+02
408|1650457117.366012|2022-04-20 14:18:37.366012+02|16385|test|17|166697515|0|2261806|1000184802|172106015|167010612|5000709|13|0|0|1|101588992|0|||0|0|21590369.503|1988159.798|4.633|2522|0|0|0|2022-04-20 13:54:59.705696+02
409|1650457118.460048|2022-04-20 14:18:38.460048+02|16385|test|17|166822236|0|2261806|1000933724|172230985|167135580|5000709|13|0|0|1|101588992|0|||0|0|21606398.199|1989686.444|4.633|2524|0|0|0|2022-04-20 13:54:59.705696+02
410|1650457119.574855|2022-04-20 14:18:39.574855+02|16385|test|17|166946676|0|2261806|1001680960|172355674|167260267|5000709|13|0|0|1|101588992|0|||0|0|21622440.14|1991097.357|4.633|2526|0|0|0|2022-04-20 13:54:59.705696+02
411|1650457120.648832|2022-04-20 14:18:40.648832+02|16385|test|17|167132677|0|2261806|1002797562|172541924|167446515|5000709|13|0|0|1|101588992|0|||0|0|21646470.524|1993228.554|4.633|2528|0|0|0|2022-04-20 13:54:59.705696+02
412|1650457121.754810|2022-04-20 14:18:41.75481+02|16385|test|17|167259416|0|2261806|1003558592|172668912|167573501|5000709|13|0|0|1|101588992|0|||0|0|21662503.843|1994676.694|4.633|2530|0|0|0|2022-04-20 13:54:59.705696+02
413|1650457122.814693|2022-04-20 14:18:42.814693+02|16385|test|17|167383848|0|2261806|1004305780|172793593|167698180|5000709|13|0|0|1|101588992|0|||0|0|21678521.53|1996110.193|4.633|2532|0|0|0|2022-04-20 13:54:59.705696+02
414|1650457123.904795|2022-04-20 14:18:43.904795+02|16385|test|17|167508568|0|2261806|1005054696|172918562|167823147|5000709|13|0|0|1|101588992|0|||0|0|21694546.696|1997488.002|4.633|2534|0|0|0|2022-04-20 13:54:59.705696+02
415|1650457124.967725|2022-04-20 14:18:44.967725+02|16385|test|17|167631779|0|2261806|1005794558|173042022|167946605|5000709|13|0|0|1|101588992|0|||0|0|21710577.479|1998953.251|4.633|2536|0|0|0|2022-04-20 13:54:59.705696+02
416|1650457126.087343|2022-04-20 14:18:46.087343+02|16385|test|17|167801073|0|2261806|1006810918|173211565|168116146|5000709|13|0|0|1|101588992|0|||0|0|21732615.781|2001140.962|4.633|2538|0|0|0|2022-04-20 13:54:59.705696+02
417|1650457127.167705|2022-04-20 14:18:47.167705+02|16385|test|17|167941783|0|2261806|1007655774|173352524|168257103|5000709|13|0|0|1|101588992|0|||0|0|21750653.321|2002682.962|4.633|2540|0|0|0|2022-04-20 13:54:59.705696+02
418|1650457128.272316|2022-04-20 14:18:48.272316+02|16385|test|17|168065646|0|2261806|1008399548|173476636|168381213|5000709|13|0|0|1|101588992|0|||0|0|21766679.682|2004269.08|4.633|2542|0|0|0|2022-04-20 13:54:59.705696+02
419|1650457129.405369|2022-04-20 14:18:49.405369+02|16385|test|17|168189854|0|2261806|1009145392|173601093|168505668|5000709|13|0|0|1|101588992|0|||0|0|21782716.145|2005652.905|4.633|2544|0|0|0|2022-04-20 13:54:59.705696+02
420|1650457130.498541|2022-04-20 14:18:50.498541+02|16385|test|17|168313424|0|2261806|1009887408|173724912|168629485|5000709|13|0|0|1|101588992|0|||0|0|21798751.644|2007124.979|4.633|2546|0|0|0|2022-04-20 13:54:59.705696+02
421|1650457131.570834|2022-04-20 14:18:51.570834+02|16385|test|17|168437395|0|2261806|1010631830|173849132|168753703|5000709|13|0|0|1|101588992|0|||0|0|21814795.348|2008587.54|4.633|2548|0|0|0|2022-04-20 13:54:59.705696+02
422|1650457132.680419|2022-04-20 14:18:52.680419+02|16385|test|17|168624198|0|2261806|1011753244|174036184|168940753|5000709|13|0|0|1|101588992|0|||0|0|21838829.387|2010763.599|4.633|2550|0|0|0|2022-04-20 13:54:59.705696+02
423|1650457133.786194|2022-04-20 14:18:53.786194+02|16385|test|17|168749526|0|2261806|1012505808|174161761|169066328|5000709|13|0|0|1|101588992|0|||0|0|21854871.08|2012149.798|4.633|2552|0|0|0|2022-04-20 13:54:59.705696+02
424|1650457134.886198|2022-04-20 14:18:54.886198+02|16385|test|17|168871499|0|2261806|1013238242|174283983|169188548|5000709|13|0|0|1|101588992|0|||0|0|21870920.687|2013753.124|4.633|2554|0|0|0|2022-04-20 13:54:59.705696+02
425|1650457135.963633|2022-04-20 14:18:55.963633+02|16385|test|17|168995498|0|2261806|1013982832|174408231|169312794|5000709|13|0|0|1|101588992|0|||0|0|21886953.257|2015196.18|4.633|2556|0|0|0|2022-04-20 13:54:59.705696+02
426|1650457137.078317|2022-04-20 14:18:57.078317+02|16385|test|17|169120042|0|2261806|1014730692|174533024|169437585|5000709|13|0|0|1|101588992|0|||0|0|21902979.768|2016610.703|4.633|2558|0|0|0|2022-04-20 13:54:59.705696+02
427|1650457138.160682|2022-04-20 14:18:58.160682+02|16385|test|17|169303261|0|2261806|1015830602|174716492|169621051|5000709|13|0|0|1|101588992|0|||0|0|21927018.623|2018816.22|4.633|2560|0|0|0|2022-04-20 13:54:59.705696+02
428|1650457139.239184|2022-04-20 14:18:59.239184+02|16385|test|17|169428362|0|2261806|1016581804|174841842|169746399|5000709|13|0|0|1|101588992|0|||0|0|21943050.487|2020203.794|4.633|2562|0|0|0|2022-04-20 13:54:59.705696+02
429|1650457140.315577|2022-04-20 14:19:00.315577+02|16385|test|17|169552689|0|2261806|1017328362|174966418|169870973|5000709|13|0|0|1|101588992|0|||0|0|21959075.712|2021610.323|4.633|2564|0|0|0|2022-04-20 13:54:59.705696+02
430|1650457141.420486|2022-04-20 14:19:01.420486+02|16385|test|17|169676988|0|2261806|1018074752|175090966|169995519|5000709|13|0|0|1|101588992|0|||0|0|21975105.919|2022984.757|4.633|2566|0|0|0|2022-04-20 13:54:59.705696+02
431|1650457142.516948|2022-04-20 14:19:02.516948+02|16385|test|17|169798498|0|2261806|1018804408|175212725|170117276|5000709|13|0|0|1|101588992|0|||0|0|21991131.905|2024497.434|4.633|2568|0|0|0|2022-04-20 13:54:59.705696+02
432|1650457143.587354|2022-04-20 14:19:03.587354+02|16385|test|17|169953212|0|2261806|1019733288|175367688|170272237|5000709|13|0|0|1|101588992|0|||0|0|22011678.899|2026442.179|4.633|2570|0|0|0|2022-04-20 13:54:59.705696+02
433|1650457144.656299|2022-04-20 14:19:04.656299+02|16385|test|17|170106807|0|2261806|1020655454|175521532|170426079|5000709|13|0|0|1|101588992|0|||0|0|22031215.247|2028292.81|4.633|2572|0|0|0|2022-04-20 13:54:59.705696+02
434|1650457145.745311|2022-04-20 14:19:05.745311+02|16385|test|17|170231893|0|2261806|1021406566|175646867|170551412|5000709|13|0|0|1|101588992|0|||0|0|22047246.598|2029673.094|4.633|2574|0|0|0|2022-04-20 13:54:59.705696+02
435|1650457146.805326|2022-04-20 14:19:06.805326+02|16385|test|17|170353089|0|2261806|1022134338|175768312|170672855|5000709|13|0|0|1|101588992|0|||0|0|22063269.587|2031329.064|4.633|2576|0|0|0|2022-04-20 13:54:59.705696+02
436|1650457147.863449|2022-04-20 14:19:07.863449+02|16385|test|17|170478104|0|2261806|1022885024|175893576|170798117|5000709|13|0|0|1|101588992|0|||0|0|22079290.221|2032767.134|4.633|2578|0|0|0|2022-04-20 13:54:59.705696+02
437|1650457148.963493|2022-04-20 14:19:08.963493+02|16385|test|17|170602245|0|2261806|1023630466|176017966|170922505|5000709|13|0|0|1|101588992|0|||0|0|22095334.806|2034446.262|4.633|2580|0|0|0|2022-04-20 13:54:59.705696+02
438|1650457150.025738|2022-04-20 14:19:10.025738+02|16385|test|17|170725877|0|2261806|1024372854|176141847|171046384|5000709|13|0|0|1|101588992|0|||0|0|22111375.93|2035996.458|4.633|2582|0|0|0|2022-04-20 13:54:59.705696+02
439|1650457151.100922|2022-04-20 14:19:11.100922+02|16385|test|17|170913980|0|2261806|1025502068|176330199|171234734|5000709|13|0|0|1|101588992|0|||0|0|22135428.123|2038123.583|4.633|2584|0|0|0|2022-04-20 13:54:59.705696+02
440|1650457152.212817|2022-04-20 14:19:12.212817+02|16385|test|17|171037577|0|2261806|1026244246|176454045|171358578|5000709|13|0|0|1|101588992|0|||0|0|22151489.491|2039530.696|4.633|2586|0|0|0|2022-04-20 13:54:59.705696+02
441|1650457153.340646|2022-04-20 14:19:13.340646+02|16385|test|17|171161067|0|2261806|1026985782|176577784|171482315|5000709|13|0|0|1|101588992|0|||0|0|22167528.486|2040989.892|4.633|2588|0|0|0|2022-04-20 13:54:59.705696+02
442|1650457154.439577|2022-04-20 14:19:14.439577+02|16385|test|17|171285816|0|2261806|1027734872|176702782|171607311|5000709|13|0|0|1|101588992|0|||0|0|22183564.675|2042366.653|4.633|2590|0|0|0|2022-04-20 13:54:59.705696+02
443|1650457155.525330|2022-04-20 14:19:15.52533+02|16385|test|17|171409438|0|2261806|1028477200|176826653|171731180|5000709|13|0|0|1|101588992|0|||0|0|22199593.382|2043815.667|4.633|2592|0|0|0|2022-04-20 13:54:59.705696+02
444|1650457156.614042|2022-04-20 14:19:16.614042+02|16385|test|17|171593711|0|2261806|1029583434|177011175|171915700|5000709|13|0|0|1|101588992|0|||0|0|22223631.498|2046076.863|4.633|2594|0|0|0|2022-04-20 13:54:59.705696+02
445|1650457157.726976|2022-04-20 14:19:17.726976+02|16385|test|17|171717420|0|2261806|1030326284|177135133|172039656|5000709|13|0|0|1|101588992|0|||0|0|22239656.303|2047476.008|4.633|2596|0|0|0|2022-04-20 13:54:59.705696+02
446|1650457158.823604|2022-04-20 14:19:18.823604+02|16385|test|17|171841948|0|2261806|1031074048|177259910|172164431|5000709|13|0|0|1|101588992|0|||0|0|22255705.312|2048898.167|4.633|2598|0|0|0|2022-04-20 13:54:59.705696+02
447|1650457159.923404|2022-04-20 14:19:19.923404+02|16385|test|17|171966140|0|2261806|1031819796|177384351|172288870|5000709|13|0|0|1|101588992|0|||0|0|22271729.784|2050286.924|4.633|2600|0|0|0|2022-04-20 13:54:59.705696+02
448|1650457161.049765|2022-04-20 14:19:21.049765+02|16385|test|17|172090698|0|2261806|1032567740|177509158|172413675|5000709|13|0|0|1|101588992|0|||0|0|22287795.42|2051687.268|4.633|2602|0|0|0|2022-04-20 13:54:59.705696+02
449|1650457162.117763|2022-04-20 14:19:22.117763+02|16385|test|17|172278345|0|2261806|1033694218|177697054|172601569|5000709|13|0|0|1|101588992|0|||0|0|22311835.223|2053883.757|4.633|2604|0|0|0|2022-04-20 13:54:59.705696+02
450|1650457163.220550|2022-04-20 14:19:23.22055+02|16385|test|17|172399973|0|2261806|1034424582|177818931|172723444|5000709|13|0|0|1|101588992|0|||0|0|22327869.03|2055385.295|4.633|2606|0|0|0|2022-04-20 13:54:59.705696+02
451|1650457164.328158|2022-04-20 14:19:24.328158+02|16385|test|17|172521143|0|2261806|1035152198|177940350|172844861|5000709|13|0|0|1|101588992|0|||0|0|22343908.469|2057028.74|4.633|2608|0|0|0|2022-04-20 13:54:59.705696+02
452|1650457165.410769|2022-04-20 14:19:25.410769+02|16385|test|17|172643175|0|2261806|1035884986|178062631|172967140|5000709|13|0|0|1|101588992|0|||0|0|22359941.278|2058542.888|4.633|2610|0|0|0|2022-04-20 13:54:59.705696+02
453|1650457166.489735|2022-04-20 14:19:26.489735+02|16385|test|17|172765094|0|2261806|1036617096|178184799|173089306|5000709|13|0|0|1|101588992|0|||0|0|22375988.256|2060050.963|4.633|2612|0|0|0|2022-04-20 13:54:59.705696+02
454|1650457167.527737|2022-04-20 14:19:27.527737+02|16385|test|17|172890110|0|2261806|1037367788|178310064|173214569|5000709|13|0|0|1|101588992|0|||0|0|22392007.622|2061469.424|4.633|2614|0|0|0|2022-04-20 13:54:59.705696+02
455|1650457168.647325|2022-04-20 14:19:28.647325+02|16385|test|17|173077016|0|2261806|1038489820|178497219|173401722|5000709|13|0|0|1|101588992|0|||0|0|22416052.363|2063538.417|4.633|2616|0|0|0|2022-04-20 13:54:59.705696+02
456|1650457169.744655|2022-04-20 14:19:29.744655+02|16385|test|17|173200878|0|2261806|1039233588|178621330|173525831|5000709|13|0|0|1|101588992|0|||0|0|22432094.031|2065045.199|4.633|2618|0|0|0|2022-04-20 13:54:59.705696+02
457|1650457170.832346|2022-04-20 14:19:30.832346+02|16385|test|17|173261851|0|2261806|1039599990|178682538|173587038|5000709|13|0|0|1|101588992|0|||0|0|22440125.256|2065793.691|4.633|2619|0|0|0|2022-04-20 13:54:59.705696+02
458|1650457171.888768|2022-04-20 14:19:31.888768+02|16385|test|17|173446531|0|2261806|1040709236|178868774|173771990|5000709|13|0|0|1|101588992|0|||0|0|22464145.295|2067995.801|4.633|2622|0|0|0|2022-04-20 13:54:59.705696+02
459|1650457172.989215|2022-04-20 14:19:32.989215+02|16385|test|17|173570894|0|2261806|1041456010|178993386|173896600|5000709|13|0|0|1|101588992|0|||0|0|22480169.207|2069381.116|4.633|2624|0|0|0|2022-04-20 13:54:59.705696+02
460|1650457174.077841|2022-04-20 14:19:34.077841+02|16385|test|17|173692859|0|2261806|1042188396|179115600|174018812|5000709|13|0|0|1|101588992|0|||0|0|22496196.321|2070787.685|4.633|2626|0|0|0|2022-04-20 13:54:59.705696+02
461|1650457175.183609|2022-04-20 14:19:35.183609+02|16385|test|17|173878390|0|2261806|1043302178|179301380|174204590|5000709|13|0|0|1|101588992|0|||0|0|22520251.143|2073081.054|4.633|2628|0|0|0|2022-04-20 13:54:59.705696+02
462|1650457176.264104|2022-04-20 14:19:36.264104+02|16385|test|17|174002449|0|2261806|1044047128|179425688|174328896|5000709|13|0|0|1|101588992|0|||0|0|22536282.794|2074470.885|4.633|2630|0|0|0|2022-04-20 13:54:59.705696+02
463|1650457177.338525|2022-04-20 14:19:37.338525+02|16385|test|17|174126394|0|2261806|1044791394|179549882|174453088|5000709|13|0|0|1|101588992|0|||0|0|22552320.956|2075849.808|4.633|2632|0|0|0|2022-04-20 13:54:59.705696+02
464|1650457178.445879|2022-04-20 14:19:38.445879+02|16385|test|17|174250613|0|2261806|1045537304|179674350|174577554|5000709|13|0|0|1|101588992|0|||0|0|22568375.054|2077296.711|4.633|2634|0|0|0|2022-04-20 13:54:59.705696+02
465|1650457179.531669|2022-04-20 14:19:39.531669+02|16385|test|17|174374252|0|2261806|1046279734|179798238|174701440|5000709|13|0|0|1|101588992|0|||0|0|22584405.975|2078697.265|4.633|2636|0|0|0|2022-04-20 13:54:59.705696+02
466|1650457180.624616|2022-04-20 14:19:40.624616+02|16385|test|17|174560273|0|2261806|1047396456|179984508|174887708|5000709|13|0|0|1|101588992|0|||0|0|22608433.054|2080972.409|4.633|2638|0|0|0|2022-04-20 13:54:59.705696+02
467|1650457181.717210|2022-04-20 14:19:41.71721+02|16385|test|17|174682783|0|2261806|1048132112|180107267|175010465|5000709|13|0|0|1|101588992|0|||0|0|22624500.948|2082454.416|4.633|2640|0|0|0|2022-04-20 13:54:59.705696+02
468|1650457182.772882|2022-04-20 14:19:42.772882+02|16385|test|17|174807717|0|2261806|1048882312|180232450|175135646|5000709|13|0|0|1|101588992|0|||0|0|22640525.836|2083858.856|4.633|2642|0|0|0|2022-04-20 13:54:59.705696+02
469|1650457183.884313|2022-04-20 14:19:43.884313+02|16385|test|17|174933414|0|2261806|1049637090|180358396|175261590|5000709|13|0|0|1|101588992|0|||0|0|22656566.738|2085231.384|4.633|2644|0|0|0|2022-04-20 13:54:59.705696+02
470|1650457184.976726|2022-04-20 14:19:44.976726+02|16385|test|17|175056557|0|2261806|1050376544|180481788|175384980|5000709|13|0|0|1|101588992|0|||0|0|22672596.755|2086714.202|4.633|2646|0|0|0|2022-04-20 13:54:59.705696+02
471|1650457186.086880|2022-04-20 14:19:46.08688+02|16385|test|17|175182489|0|2261806|1051132732|180607969|175511159|5000709|13|0|0|1|101588992|0|||0|0|22688631.179|2088095.275|4.633|2648|0|0|0|2022-04-20 13:54:59.705696+02
472|1650457187.176345|2022-04-20 14:19:47.176345+02|16385|test|17|175368630|0|2261806|1052250174|180794359|175697547|5000709|13|0|0|1|101588992|0|||0|0|22712669.062|2090397.823|4.633|2650|0|0|0|2022-04-20 13:54:59.705696+02
473|1650457188.256751|2022-04-20 14:19:48.256751+02|16385|test|17|175493326|0|2261806|1052998946|180919304|175822490|5000709|13|0|0|1|101588992|0|||0|0|22728693.97|2091803.478|4.633|2652|0|0|0|2022-04-20 13:54:59.705696+02
474|1650457189.381323|2022-04-20 14:19:49.381323+02|16385|test|17|175616991|0|2261806|1053741532|181043218|175946402|5000709|13|0|0|1|101588992|0|||0|0|22744737.328|2093488.276|4.633|2654|0|0|0|2022-04-20 13:54:59.705696+02
475|1650457190.477153|2022-04-20 14:19:50.477153+02|16385|test|17|175742231|0|2261806|1054493568|181168707|176071889|5000709|13|0|0|1|101588992|0|||0|0|22760776.744|2094965.246|4.633|2656|0|0|0|2022-04-20 13:54:59.705696+02
476|1650457191.589666|2022-04-20 14:19:51.589666+02|16385|test|17|175893200|0|2261806|1055399978|181319925|176223105|5000709|13|0|0|1|101588992|0|||0|0|22780314.107|2096709.544|4.633|2658|0|0|0|2022-04-20 13:54:59.705696+02
477|1650457192.710615|2022-04-20 14:19:52.710615+02|16385|test|17|176053711|0|2261806|1056363640|181480685|176383863|5000709|13|0|0|1|101588992|0|||0|0|22800849.083|2098496.158|4.633|2660|0|0|0|2022-04-20 13:54:59.705696+02
478|1650457193.807465|2022-04-20 14:19:53.807465+02|16385|test|17|176179810|0|2261806|1057120830|181607033|176510209|5000709|13|0|0|1|101588992|0|||0|0|22816884.04|2099879.657|4.633|2662|0|0|0|2022-04-20 13:54:59.705696+02
479|1650457194.888816|2022-04-20 14:19:54.888816+02|16385|test|17|176303110|0|2261806|1057861226|181730582|176633756|5000709|13|0|0|1|101588992|0|||0|0|22832921.708|2101330.761|4.633|2664|0|0|0|2022-04-20 13:54:59.705696+02
480|1650457195.991039|2022-04-20 14:19:55.991039+02|16385|test|17|176426887|0|2261806|1058604484|181854608|176757780|5000709|13|0|0|1|101588992|0|||0|0|22848953.296|2102717.977|4.633|2666|0|0|0|2022-04-20 13:54:59.705696+02
481|1650457197.101626|2022-04-20 14:19:57.101626+02|16385|test|17|176612843|0|2261806|1059720816|182040813|176943983|5000709|13|0|0|1|101588992|0|||0|0|22872990.815|2104788.036|4.633|2668|0|0|0|2022-04-20 13:54:59.705696+02
482|1650457198.254657|2022-04-20 14:19:58.254657+02|16385|test|17|176736192|0|2261806|1060461506|182164411|177067579|5000709|13|0|0|1|101588992|0|||0|0|22889034.684|2106362.162|4.633|2670|0|0|0|2022-04-20 13:54:59.705696+02
483|1650457199.375848|2022-04-20 14:19:59.375848+02|16385|test|17|176857164|0|2261806|1061187934|182285632|177188798|5000709|13|0|0|1|101588992|0|||0|0|22905070.353|2108098.222|4.633|2672|0|0|0|2022-04-20 13:54:59.705696+02
484|1650457200.489304|2022-04-20 14:20:00.489304+02|16385|test|17|176979502|0|2261806|1061922558|182408219|177311383|5000709|13|0|0|1|101588992|0|||0|0|22921109.907|2109785.493|4.633|2674|0|0|0|2022-04-20 13:54:59.705696+02
485|1650457201.582573|2022-04-20 14:20:01.582573+02|16385|test|17|177102742|0|2261806|1062662594|182531708|177434870|5000709|13|0|0|1|101588992|0|||0|0|22937149.073|2111337.195|4.633|2676|0|0|0|2022-04-20 13:54:59.705696+02
486|1650457202.674537|2022-04-20 14:20:02.674537+02|16385|test|17|177288930|0|2261806|1063780318|182718145|177621305|5000709|13|0|0|1|101588992|0|||0|0|22961179.303|2113386.313|4.633|2678|0|0|0|2022-04-20 13:54:59.705696+02
487|1650457203.800860|2022-04-20 14:20:03.80086+02|16385|test|17|177412534|0|2261806|1064522538|182841998|177745156|5000709|13|0|0|1|101588992|0|||0|0|22977220.729|2114769.237|4.633|2680|0|0|0|2022-04-20 13:54:59.705696+02
488|1650457204.899238|2022-04-20 14:20:04.899238+02|16385|test|17|177535620|0|2261806|1065261650|182965333|177868489|5000709|13|0|0|1|101588992|0|||0|0|22993253.119|2116158.228|4.633|2682|0|0|0|2022-04-20 13:54:59.705696+02
489|1650457206.020262|2022-04-20 14:20:06.020262+02|16385|test|17|177660644|0|2261806|1066012390|183090606|177993760|5000709|13|0|0|1|101588992|0|||0|0|23009289.583|2117533.664|4.633|2684|0|0|0|2022-04-20 13:54:59.705696+02
490|1650457207.069890|2022-04-20 14:20:07.06989+02|16385|test|17|177785256|0|2261806|1066760658|183215467|178118619|5000709|13|0|0|1|101588992|0|||0|0|23025316.484|2118958.906|4.633|2686|0|0|0|2022-04-20 13:54:59.705696+02
491|1650457208.145597|2022-04-20 14:20:08.145597+02|16385|test|17|177973524|0|2261806|1067890862|183403984|178307134|5000709|13|0|0|1|101588992|0|||0|0|23049352.623|2121030.85|4.633|2688|0|0|0|2022-04-20 13:54:59.705696+02
492|1650457209.190058|2022-04-20 14:20:09.190058+02|16385|test|17|178096231|0|2261806|1068627700|183526940|178430088|5000709|13|0|0|1|101588992|0|||0|0|23065378.502|2122518.608|4.633|2690|0|0|0|2022-04-20 13:54:59.705696+02
493|1650457210.255528|2022-04-20 14:20:10.255528+02|16385|test|17|178219552|0|2261806|1069368222|183650510|178553656|5000709|13|0|0|1|101588992|0|||0|0|23081418.727|2124017.64|4.633|2692|0|0|0|2022-04-20 13:54:59.705696+02
494|1650457211.311768|2022-04-20 14:20:11.311768+02|16385|test|17|178344119|0|2261806|1070116220|183775326|178678470|5000709|13|0|0|1|101588992|0|||0|0|23097453.699|2125411.727|4.633|2694|0|0|0|2022-04-20 13:54:59.705696+02
495|1650457212.372321|2022-04-20 14:20:12.372321+02|16385|test|17|178466373|0|2261806|1070850340|183897829|178800971|5000709|13|0|0|1|101588992|0|||0|0|23113485.624|2126933.357|4.633|2696|0|0|0|2022-04-20 13:54:59.705696+02
496|1650457213.440461|2022-04-20 14:20:13.440461+02|16385|test|17|178591193|0|2261806|1071599856|184022898|178926038|5000709|13|0|0|1|101588992|0|||0|0|23129518.363|2128351.445|4.633|2698|0|0|0|2022-04-20 13:54:59.705696+02
497|1650457214.554331|2022-04-20 14:20:14.554331+02|16385|test|17|178714186|0|2261806|1072338410|184146140|179049278|5000709|13|0|0|1|101588992|0|||0|0|23145547.644|2129787.819|4.633|2700|0|0|0|2022-04-20 13:54:59.705696+02
498|1650457215.651813|2022-04-20 14:20:15.651813+02|16385|test|17|178900168|0|2261806|1073454898|184332371|179235507|5000709|13|0|0|1|101588992|0|||0|0|23169596.178|2131934.857|4.633|2702|0|0|0|2022-04-20 13:54:59.705696+02
499|1650457216.711331|2022-04-20 14:20:16.711331+02|16385|test|17|179023506|0|2261806|1074195522|184455958|179359092|5000709|13|0|0|1|101588992|0|||0|0|23185629.13|2133351.59|4.633|2704|0|0|0|2022-04-20 13:54:59.705696+02
500|1650457217.797717|2022-04-20 14:20:17.797717+02|16385|test|17|179147894|0|2261806|1074942446|184580595|179483727|5000709|13|0|0|1|101588992|0|||0|0|23201658.005|2134743.277|4.633|2706|0|0|0|2022-04-20 13:54:59.705696+02
501|1650457218.867888|2022-04-20 14:20:18.867888+02|16385|test|17|179269641|0|2261806|1075673524|184702591|179605721|5000709|13|0|0|1|101588992|0|||0|0|23217705.872|2136320.516|4.633|2708|0|0|0|2022-04-20 13:54:59.705696+02
502|1650457219.961841|2022-04-20 14:20:19.961841+02|16385|test|17|179391822|0|2261806|1076407206|184825021|179728149|5000709|13|0|0|1|101588992|0|||0|0|23233734.608|2138014.349|4.633|2710|0|0|0|2022-04-20 13:54:59.705696+02
503|1650457221.028441|2022-04-20 14:20:21.028441+02|16385|test|17|179515070|0|2261806|1077147290|184948518|179851644|5000709|13|0|0|1|101588992|0|||0|0|23249762.787|2139499.43|4.633|2712|0|0|0|2022-04-20 13:54:59.705696+02
504|1650457222.134601|2022-04-20 14:20:22.134601+02|16385|test|17|179700217|0|2261806|1078258768|185133914|180037038|5000709|13|0|0|1|101588992|0|||0|0|23273828.596|2141665.659|4.633|2714|0|0|0|2022-04-20 13:54:59.705696+02
505|1650457223.195874|2022-04-20 14:20:23.195874+02|16385|test|17|179825008|0|2261806|1079008110|185258954|180162076|5000709|13|0|0|1|101588992|0|||0|0|23289864.368|2143072.905|4.633|2716|0|0|0|2022-04-20 13:54:59.705696+02
506|1650457224.315444|2022-04-20 14:20:24.315444+02|16385|test|17|179949229|0|2261806|1079754032|185383424|180286544|5000709|13|0|0|1|101588992|0|||0|0|23305904.253|2144562|4.633|2718|0|0|0|2022-04-20 13:54:59.705696+02
507|1650457225.429245|2022-04-20 14:20:25.429245+02|16385|test|17|180072083|0|2261806|1080491752|185506527|180409645|5000709|13|0|0|1|101588992|0|||0|0|23321937.119|2146058.138|4.633|2720|0|0|0|2022-04-20 13:54:59.705696+02
508|1650457226.532630|2022-04-20 14:20:26.53263+02|16385|test|17|180194294|0|2261806|1081225614|185628987|180532103|5000709|13|0|0|1|101588992|0|||0|0|23337975.986|2147799.258|4.633|2722|0|0|0|2022-04-20 13:54:59.705696+02
509|1650457227.628830|2022-04-20 14:20:27.62883+02|16385|test|17|180377900|0|2261806|1082327846|185812842|180715956|5000709|13|0|0|1|101588992|0|||0|0|23362007.144|2150281.581|4.633|2724|0|0|0|2022-04-20 13:54:59.705696+02
510|1650457228.744319|2022-04-20 14:20:28.744319+02|16385|test|17|180501063|0|2261806|1083067420|185936254|180839366|5000709|13|0|0|1|101588992|0|||0|0|23378046.077|2151757.564|4.633|2726|0|0|0|2022-04-20 13:54:59.705696+02
511|1650457229.859683|2022-04-20 14:20:29.859683+02|16385|test|17|180625797|0|2261806|1083816420|186061237|180964347|5000709|13|0|0|1|101588992|0|||0|0|23394084.944|2153128.562|4.633|2728|0|0|0|2022-04-20 13:54:59.705696+02
512|1650457230.965502|2022-04-20 14:20:30.965502+02|16385|test|17|180748127|0|2261806|1084551534|186185109|181086936|5000709|13|0|0|1|101588992|0|||0|0|23410114.354|2154541.078|4.633|2730|0|0|0|2022-04-20 13:54:59.705696+02
513|1650457232.069973|2022-04-20 14:20:32.069973+02|16385|test|17|180872321|0|2261806|1085297294|186309552|181211377|5000709|13|0|0|1|101588992|0|||0|0|23426148.036|2156006.46|4.633|2732|0|0|0|2022-04-20 13:54:59.705696+02
514|1650457233.159300|2022-04-20 14:20:33.1593+02|16385|test|17|181058872|0|2261806|1086417196|186496352|181398175|5000709|13|0|0|1|101588992|0|||0|0|23450178.082|2158270.755|4.633|2734|0|0|0|2022-04-20 13:54:59.705696+02
515|1650457234.269573|2022-04-20 14:20:34.269573+02|16385|test|17|181184080|0|2261806|1087169040|186621809|181523630|5000709|13|0|0|1|101588992|0|||0|0|23466221.441|2159646.938|4.633|2736|0|0|0|2022-04-20 13:54:59.705696+02
516|1650457235.394547|2022-04-20 14:20:35.394547+02|16385|test|17|181306040|0|2261806|1087901396|186744018|181645837|5000709|13|0|0|1|101588992|0|||0|0|23482275.007|2161257.909|4.633|2738|0|0|0|2022-04-20 13:54:59.705696+02
517|1650457236.510484|2022-04-20 14:20:36.510484+02|16385|test|17|181430328|0|2261806|1088647720|186868555|181770372|5000709|13|0|0|1|101588992|0|||0|0|23498309.007|2162700.718|4.633|2740|0|0|0|2022-04-20 13:54:59.705696+02
518|1650457237.615749|2022-04-20 14:20:37.615749+02|16385|test|17|181615396|0|2261806|1089758724|187053872|181955687|5000709|13|0|0|1|101588992|0|||0|0|23522336.853|2165040.26|4.633|2742|0|0|0|2022-04-20 13:54:59.705696+02
519|1650457238.752341|2022-04-20 14:20:38.752341+02|16385|test|17|181737889|0|2261806|1090494278|187176614|182078427|5000709|13|0|0|1|101588992|0|||0|0|23538385.04|2166553.247|4.633|2744|0|0|0|2022-04-20 13:54:59.705696+02
520|1650457239.876348|2022-04-20 14:20:39.876348+02|16385|test|17|181860352|0|2261806|1091229652|187299326|182201137|5000709|13|0|0|1|101588992|0|||0|0|23554426.196|2168245.343|4.633|2746|0|0|0|2022-04-20 13:54:59.705696+02
521|1650457240.999103|2022-04-20 14:20:40.999103+02|16385|test|17|181984485|0|2261806|1091975046|187423708|182325517|5000709|13|0|0|1|101588992|0|||0|0|23570468.219|2169727.361|4.633|2748|0|0|0|2022-04-20 13:54:59.705696+02
522|1650457242.117703|2022-04-20 14:20:42.117703+02|16385|test|17|182171079|0|2261806|1093095206|187610551|182512358|5000709|13|0|0|1|101588992|0|||0|0|23594509.172|2172031.225|4.633|2750|0|0|0|2022-04-20 13:54:59.705696+02
523|1650457243.233178|2022-04-20 14:20:43.233178+02|16385|test|17|182296445|0|2261806|1093847998|187736166|182637971|5000709|13|0|0|1|101588992|0|||0|0|23610551.54|2173421.051|4.633|2752|0|0|0|2022-04-20 13:54:59.705696+02
524|1650457244.329841|2022-04-20 14:20:44.329841+02|16385|test|17|182418698|0|2261806|1094582112|187858668|182760471|5000709|13|0|0|1|101588992|0|||0|0|23626586.222|2174979.872|4.633|2754|0|0|0|2022-04-20 13:54:59.705696+02
525|1650457245.419067|2022-04-20 14:20:45.419067+02|16385|test|17|182540554|0|2261806|1095313844|187980773|182882574|5000709|13|0|0|1|101588992|0|||0|0|23642617.384|2176473.36|4.633|2756|0|0|0|2022-04-20 13:54:59.705696+02
526|1650457246.493952|2022-04-20 14:20:46.493952+02|16385|test|17|182663864|0|2261806|1096054300|188104332|183006131|5000709|13|0|0|1|101588992|0|||0|0|23658644.168|2177934.535|4.633|2758|0|0|0|2022-04-20 13:54:59.705696+02
527|1650457247.518478|2022-04-20 14:20:47.518478+02|16385|test|17|182787713|0|2261806|1096797990|188228430|183130227|5000709|13|0|0|1|101588992|0|||0|0|23674668.18|2179432.993|4.633|2760|0|0|0|2022-04-20 13:54:59.705696+02
528|1650457248.610072|2022-04-20 14:20:48.610072+02|16385|test|17|182972346|0|2261806|1097906384|188413312|183315107|5000709|13|0|0|1|101588992|0|||0|0|23698707.345|2181709.383|4.633|2762|0|0|0|2022-04-20 13:54:59.705696+02
529|1650457249.710793|2022-04-20 14:20:49.710793+02|16385|test|17|183095218|0|2261806|1098644212|188536433|183438226|5000709|13|0|0|1|101588992|0|||0|0|23714760.894|2183218.011|4.633|2764|0|0|0|2022-04-20 13:54:59.705696+02
530|1650457250.759448|2022-04-20 14:20:50.759448+02|16385|test|17|183219207|0|2261806|1099388742|188660671|183562462|5000709|13|0|0|1|101588992|0|||0|0|23730787.404|2184709.931|4.633|2766|0|0|0|2022-04-20 13:54:59.705696+02
531|1650457251.852415|2022-04-20 14:20:51.852415+02|16385|test|17|183343201|0|2261806|1100133302|188784914|183686703|5000709|13|0|0|1|101588992|0|||0|0|23746830.202|2186099.101|4.633|2768|0|0|0|2022-04-20 13:54:59.705696+02
532|1650457252.948692|2022-04-20 14:20:52.948692+02|16385|test|17|183467669|0|2261806|1100880706|188909631|183811418|5000709|13|0|0|1|101588992|0|||0|0|23762864.334|2187531.252|4.633|2770|0|0|0|2022-04-20 13:54:59.705696+02
533|1650457254.040078|2022-04-20 14:20:54.040078+02|16385|test|17|183590500|0|2261806|1101618288|189032711|183934496|5000709|13|0|0|1|101588992|0|||0|0|23778898.766|2189121.511|4.633|2772|0|0|0|2022-04-20 13:54:59.705696+02
534|1650457255.119113|2022-04-20 14:20:55.119113+02|16385|test|17|183778549|0|2261806|1102747178|189221009|184122792|5000709|13|0|0|1|101588992|0|||0|0|23802923.25|2191371.486|4.633|2774|0|0|0|2022-04-20 13:54:59.705696+02
535|1650457256.206950|2022-04-20 14:20:56.20695+02|16385|test|17|183902130|0|2261806|1103489260|189344839|184246620|5000709|13|0|0|1|101588992|0|||0|0|23818957.632|2192739.62|4.633|2776|0|0|0|2022-04-20 13:54:59.705696+02
536|1650457257.321987|2022-04-20 14:20:57.321987+02|16385|test|17|184024800|0|2261806|1104225876|189467758|184369537|5000709|13|0|0|1|101588992|0|||0|0|23834990.941|2194195.025|4.633|2778|0|0|0|2022-04-20 13:54:59.705696+02
537|1650457258.405343|2022-04-20 14:20:58.405343+02|16385|test|17|184148920|0|2261806|1104971192|189592127|184493904|5000709|13|0|0|1|101588992|0|||0|0|23851024.972|2195611.388|4.633|2780|0|0|0|2022-04-20 13:54:59.705696+02
538|1650457259.523651|2022-04-20 14:20:59.523651+02|16385|test|17|184271953|0|2261806|1105709986|189715409|184617184|5000709|13|0|0|1|101588992|0|||0|0|23867061.28|2197070.394|4.633|2782|0|0|0|2022-04-20 13:54:59.705696+02
539|1650457260.639583|2022-04-20 14:21:00.639583+02|16385|test|17|184456362|0|2261806|1106817036|189900067|184801840|5000709|13|0|0|1|101588992|0|||0|0|23891101.441|2199502.072|4.633|2784|0|0|0|2022-04-20 13:54:59.705696+02
540|1650457261.693091|2022-04-20 14:21:01.693091+02|16385|test|17|184579098|0|2261806|1107554048|190023052|184924823|5000709|13|0|0|1|101588992|0|||0|0|23907143.554|2200944.923|4.633|2786|0|0|0|2022-04-20 13:54:59.705696+02
541|1650457262.781337|2022-04-20 14:21:02.781337+02|16385|test|17|184703579|0|2261806|1108301530|190147782|185049551|5000709|13|0|0|1|101588992|0|||0|0|23923191.676|2202339.836|4.633|2788|0|0|0|2022-04-20 13:54:59.705696+02
542|1650457263.860091|2022-04-20 14:21:03.860091+02|16385|test|17|184828430|0|2261806|1109051232|190272882|185174649|5000709|13|0|0|1|101588992|0|||0|0|23939222.979|2203729.075|4.633|2790|0|0|0|2022-04-20 13:54:59.705696+02
543|1650457264.981546|2022-04-20 14:21:04.981546+02|16385|test|17|184952983|0|2261806|1109799146|190397684|185299449|5000709|13|0|0|1|101588992|0|||0|0|23955255.137|2205108.433|4.633|2792|0|0|0|2022-04-20 13:54:59.705696+02
544|1650457266.096010|2022-04-20 14:21:06.09601+02|16385|test|17|185103850|0|2261806|1110704944|190548800|185450563|5000709|13|0|0|1|101588992|0|||0|0|23974807.532|2206974.697|4.633|2794|0|0|0|2022-04-20 13:54:59.705696+02
545|1650457267.175279|2022-04-20 14:21:07.175279+02|16385|test|17|185261988|0|2261806|1111654368|190707187|185608948|5000709|13|0|0|1|101588992|0|||0|0|23995349.027|2208739.533|4.633|2796|0|0|0|2022-04-20 13:54:59.705696+02
546|1650457268.293919|2022-04-20 14:21:08.293919+02|16385|test|17|185384593|0|2261806|1112390594|190830041|185731800|5000709|13|0|0|1|101588992|0|||0|0|24011381.422|2210209.431|4.633|2798|0|0|0|2022-04-20 13:54:59.705696+02
547|1650457269.379805|2022-04-20 14:21:09.379805+02|16385|test|17|185509169|0|2261806|1113138646|190954866|185856623|5000709|13|0|0|1|101588992|0|||0|0|24027416.394|2211583.148|4.633|2800|0|0|0|2022-04-20 13:54:59.705696+02
548|1650457270.454807|2022-04-20 14:21:10.454807+02|16385|test|17|185632708|0|2261806|1113880476|191078654|185980409|5000709|13|0|0|1|101588992|0|||0|0|24043444.583|2213033.444|4.633|2802|0|0|0|2022-04-20 13:54:59.705696+02
549|1650457271.520052|2022-04-20 14:21:11.520052+02|16385|test|17|185756812|0|2261806|1114625696|191203007|186104760|5000709|13|0|0|1|101588992|0|||0|0|24059473.964|2214400.81|4.633|2804|0|0|0|2022-04-20 13:54:59.705696+02
550|1650457272.615652|2022-04-20 14:21:12.615652+02|16385|test|17|185927070|0|2261806|1115647840|191373514|186275265|5000709|13|0|0|1|101588992|0|||0|0|24081536.869|2216293.944|4.633|2806|0|0|0|2022-04-20 13:54:59.705696+02
551|1650457273.751399|2022-04-20 14:21:13.751399+02|16385|test|17|186067786|0|2261806|1116492732|191514479|186416228|5000709|13|0|0|1|101588992|0|||0|0|24099566.656|2217837.936|4.633|2808|0|0|0|2022-04-20 13:54:59.705696+02
552|1650457274.855094|2022-04-20 14:21:14.855094+02|16385|test|17|186192743|0|2261806|1117243070|191639685|186541432|5000709|13|0|0|1|101588992|0|||0|0|24115600.358|2219223.925|4.633|2810|0|0|0|2022-04-20 13:54:59.705696+02
553|1650457275.902633|2022-04-20 14:21:15.902633+02|16385|test|17|186317713|0|2261806|1117993486|191764904|186666649|5000709|13|0|0|1|101588992|0|||0|0|24131627.518|2220634.852|4.633|2812|0|0|0|2022-04-20 13:54:59.705696+02
554|1650457276.988467|2022-04-20 14:21:16.988467+02|16385|test|17|186442022|0|2261806|1118739936|191889462|186791205|5000709|13|0|0|1|101588992|0|||0|0|24147668.024|2222171.819|4.633|2814|0|0|0|2022-04-20 13:54:59.705696+02
555|1650457278.062534|2022-04-20 14:21:18.062534+02|16385|test|17|186565941|0|2261806|1119484046|192013630|186915371|5000709|13|0|0|1|101588992|0|||0|0|24163696.391|2223693.476|4.633|2816|0|0|0|2022-04-20 13:54:59.705696+02
556|1650457279.159729|2022-04-20 14:21:19.159729+02|16385|test|17|186752632|0|2261806|1120604788|192200570|187102309|5000709|13|0|0|1|101588992|0|||0|0|24187738.833|2225916.424|4.633|2818|0|0|0|2022-04-20 13:54:59.705696+02
557|1650457280.237888|2022-04-20 14:21:20.237888+02|16385|test|17|186877273|0|2261806|1121353230|192325460|187227197|5000709|13|0|0|1|101588992|0|||0|0|24203765.012|2227296.452|4.633|2820|0|0|0|2022-04-20 13:54:59.705696+02
558|1650457281.294371|2022-04-20 14:21:21.294371+02|16385|test|17|187002739|0|2261806|1122106622|192451175|187352910|5000709|13|0|0|1|101588992|0|||0|0|24219794.19|2228730.034|4.633|2822|0|0|0|2022-04-20 13:54:59.705696+02
559|1650457282.395385|2022-04-20 14:21:22.395385+02|16385|test|17|187127196|0|2261806|1122853960|192575881|187477614|5000709|13|0|0|1|101588992|0|||0|0|24235840.891|2230206.967|4.633|2824|0|0|0|2022-04-20 13:54:59.705696+02
560|1650457283.493812|2022-04-20 14:21:23.493812+02|16385|test|17|187251620|0|2261806|1123601100|192700554|187602285|5000709|13|0|0|1|101588992|0|||0|0|24251869.499|2231582.376|4.633|2826|0|0|0|2022-04-20 13:54:59.705696+02
561|1650457284.570650|2022-04-20 14:21:24.57065+02|16385|test|17|187376039|0|2261806|1124348210|192825222|187726951|5000709|13|0|0|1|101588992|0|||0|0|24267904.813|2233026.258|4.633|2828|0|0|0|2022-04-20 13:54:59.705696+02
562|1650457285.622142|2022-04-20 14:21:25.622142+02|16385|test|17|187561426|0|2261806|1125461128|193010858|187912585|5000709|13|0|0|1|101588992|0|||0|0|24291930.882|2235159.629|4.633|2830|0|0|0|2022-04-20 13:54:59.705696+02
563|1650457286.738225|2022-04-20 14:21:26.738225+02|16385|test|17|187683213|0|2261806|1126192446|193132894|188034619|5000709|13|0|0|1|101588992|0|||0|0|24307979.16|2236604.217|4.633|2832|0|0|0|2022-04-20 13:54:59.705696+02
564|1650457287.858024|2022-04-20 14:21:27.858024+02|16385|test|17|187805370|0|2261806|1126925984|193255300|188157023|5000709|13|0|0|1|101588992|0|||0|0|24324003.046|2238104.447|4.633|2834|0|0|0|2022-04-20 13:54:59.705696+02
565|1650457288.936880|2022-04-20 14:21:28.93688+02|16385|test|17|187928341|0|2261806|1127664406|193378520|188280241|5000709|13|0|0|1|101588992|0|||0|0|24340038.573|2239560.34|4.633|2836|0|0|0|2022-04-20 13:54:59.705696+02
566|1650457290.028326|2022-04-20 14:21:30.028326+02|16385|test|17|188052654|0|2261806|1128410880|193503082|188404801|5000709|13|0|0|1|101588992|0|||0|0|24356064.477|2240943.627|4.633|2838|0|0|0|2022-04-20 13:54:59.705696+02
567|1650457291.145695|2022-04-20 14:21:31.145695+02|16385|test|17|188239426|0|2261806|1129532646|193691396|188591832|5000709|13|0|0|1|101588992|0|||0|0|24380103.34|2243176.474|4.633|2840|0|0|0|2022-04-20 13:54:59.705696+02
568|1650457292.257267|2022-04-20 14:21:32.257267+02|16385|test|17|188364104|0|2261806|1130281310|193816323|188716757|5000709|13|0|0|1|101588992|0|||0|0|24396151.447|2244641.357|4.633|2842|0|0|0|2022-04-20 13:54:59.705696+02
569|1650457293.362261|2022-04-20 14:21:33.362261+02|16385|test|17|188488866|0|2261806|1131030478|193941334|188841766|5000709|13|0|0|1|101588992|0|||0|0|24412181.131|2246051.388|4.633|2844|0|0|0|2022-04-20 13:54:59.705696+02
570|1650457294.482429|2022-04-20 14:21:34.482429+02|16385|test|17|188612210|0|2261806|1131771138|194064927|188965357|5000709|13|0|0|1|101588992|0|||0|0|24428220.231|2247511.974|4.633|2846|0|0|0|2022-04-20 13:54:59.705696+02
571|1650457295.544993|2022-04-20 14:21:35.544993+02|16385|test|17|188736161|0|2261806|1132515440|194189127|189089555|5000709|13|0|0|1|101588992|0|||0|0|24444246.729|2249019.371|4.633|2848|0|0|0|2022-04-20 13:54:59.705696+02
572|1650457296.601331|2022-04-20 14:21:36.601331+02|16385|test|17|188861364|0|2261806|1133267254|194314579|189215005|5000709|13|0|0|1|101588992|0|||0|0|24460291.106|2250497.612|4.633|2850|0|0|0|2022-04-20 13:54:59.705696+02
573|1650457297.689594|2022-04-20 14:21:37.689594+02|16385|test|17|189049121|0|2261806|1134394392|194502585|189403009|5000709|13|0|0|1|101588992|0|||0|0|24484339.532|2252559.372|4.633|2852|0|0|0|2022-04-20 13:54:59.705696+02
574|1650457298.756621|2022-04-20 14:21:38.756621+02|16385|test|17|189171572|0|2261806|1135129694|194625285|189525707|5000709|13|0|0|1|101588992|0|||0|0|24500373.456|2253991.52|4.633|2854|0|0|0|2022-04-20 13:54:59.705696+02
575|1650457299.829684|2022-04-20 14:21:39.829684+02|16385|test|17|189296363|0|2261806|1135879036|194750325|189650745|5000709|13|0|0|1|101588992|0|||0|0|24516405.37|2255380.175|4.633|2856|0|0|0|2022-04-20 13:54:59.705696+02
576|1650457300.935958|2022-04-20 14:21:40.935958+02|16385|test|17|189420023|0|2261806|1136621592|194874234|189774652|5000709|13|0|0|1|101588992|0|||0|0|24532438.365|2256818.675|4.633|2858|0|0|0|2022-04-20 13:54:59.705696+02
577|1650457302.029729|2022-04-20 14:21:42.029729+02|16385|test|17|189542396|0|2261806|1137356426|194996856|189897272|5000709|13|0|0|1|101588992|0|||0|0|24548477.428|2258407.425|4.633|2860|0|0|0|2022-04-20 13:54:59.705696+02
578|1650457303.140439|2022-04-20 14:21:43.140439+02|16385|test|17|189728434|0|2261806|1138473250|195183143|190083557|5000709|13|0|0|1|101588992|0|||0|0|24572514.278|2260507.975|4.633|2862|0|0|0|2022-04-20 13:54:59.705696+02
579|1650457304.207048|2022-04-20 14:21:44.207048+02|16385|test|17|189851165|0|2261806|1139210232|195306123|190206535|5000709|13|0|0|1|101588992|0|||0|0|24588539.306|2261925.912|4.633|2864|0|0|0|2022-04-20 13:54:59.705696+02
580|1650457305.266055|2022-04-20 14:21:45.266055+02|16385|test|17|189976541|0|2261806|1139963084|195431748|190332158|5000709|13|0|0|1|101588992|0|||0|0|24604560.542|2263321.771|4.633|2866|0|0|0|2022-04-20 13:54:59.705696+02
581|1650457306.326938|2022-04-20 14:21:46.326938+02|16385|test|17|190100384|0|2261806|1140706738|195555840|190456248|5000709|13|0|0|1|101588992|0|||0|0|24620593.162|2264780.832|4.633|2868|0|0|0|2022-04-20 13:54:59.705696+02
582|1650457307.400917|2022-04-20 14:21:47.400917+02|16385|test|17|190224207|0|2261806|1141450272|195679912|190580318|5000709|13|0|0|1|101588992|0|||0|0|24636641.217|2266328.752|4.633|2870|0|0|0|2022-04-20 13:54:59.705696+02
583|1650457308.523506|2022-04-20 14:21:48.523506+02|16385|test|17|190347688|0|2261806|1142191754|195803642|190704046|5000709|13|0|0|1|101588992|0|||0|0|24652670.225|2267864.23|4.633|2872|0|0|0|2022-04-20 13:54:59.705696+02
584|1650457309.621410|2022-04-20 14:21:49.62141+02|16385|test|17|190516473|0|2261806|1143205060|195972676|190873078|5000709|13|0|0|1|101588992|0|||0|0|24674710.058|2269962.825|4.633|2874|0|0|0|2022-04-20 13:54:59.705696+02
585|1650457310.719990|2022-04-20 14:21:50.71999+02|16385|test|17|190656142|0|2261806|1144043670|196112594|191012994|5000709|13|0|0|1|101588992|0|||0|0|24692750.332|2271563.847|4.633|2876|0|0|0|2022-04-20 13:54:59.705696+02
586|1650457311.800155|2022-04-20 14:21:51.800155+02|16385|test|17|190780922|0|2261806|1144792946|196237623|191138021|5000709|13|0|0|1|101588992|0|||0|0|24708785.481|2273008.332|4.633|2878|0|0|0|2022-04-20 13:54:59.705696+02
587|1650457312.913129|2022-04-20 14:21:52.913129+02|16385|test|17|190906018|0|2261806|1145544118|196362968|191263364|5000709|13|0|0|1|101588992|0|||0|0|24724806.681|2274387.259|4.633|2880|0|0|0|2022-04-20 13:54:59.705696+02
588|1650457314.003691|2022-04-20 14:21:54.003691+02|16385|test|17|191030261|0|2261806|1146290172|196487460|191387854|5000709|13|0|0|1|101588992|0|||0|0|24740834.576|2275836.274|4.633|2882|0|0|0|2022-04-20 13:54:59.705696+02
589|1650457315.056886|2022-04-20 14:21:55.056886+02|16385|test|17|191155802|0|2261806|1147044014|196613250|191513642|5000709|13|0|0|1|101588992|0|||0|0|24756860.586|2277221.563|4.633|2884|0|0|0|2022-04-20 13:54:59.705696+02
590|1650457316.148689|2022-04-20 14:21:56.148689+02|16385|test|17|191343219|0|2261806|1148169112|196800916|191701306|5000709|13|0|0|1|101588992|0|||0|0|24780892.079|2279332.426|4.633|2886|0|0|0|2022-04-20 13:54:59.705696+02
591|1650457317.251039|2022-04-20 14:21:57.251039+02|16385|test|17|191466632|0|2261806|1148910186|196924578|191824966|5000709|13|0|0|1|101588992|0|||0|0|24796939.182|2280695.198|4.633|2888|0|0|0|2022-04-20 13:54:59.705696+02
592|1650457318.329134|2022-04-20 14:21:58.329134+02|16385|test|17|191590757|0|2261806|1149655532|197048952|191949338|5000709|13|0|0|1|101588992|0|||0|0|24812971.901|2282139.94|4.633|2890|0|0|0|2022-04-20 13:54:59.705696+02
593|1650457319.426784|2022-04-20 14:21:59.426784+02|16385|test|17|191714775|0|2261806|1150400236|197173219|192073603|5000709|13|0|0|1|101588992|0|||0|0|24829011.653|2283530.895|4.633|2892|0|0|0|2022-04-20 13:54:59.705696+02
594|1650457320.510584|2022-04-20 14:22:00.510584+02|16385|test|17|191838245|0|2261806|1151141652|197296938|192197320|5000709|13|0|0|1|101588992|0|||0|0|24845035.702|2285006.196|4.633|2894|0|0|0|2022-04-20 13:54:59.705696+02
595|1650457321.614785|2022-04-20 14:22:01.614785+02|16385|test|17|191989800|0|2261806|1152051578|197448742|192349122|5000709|13|0|0|1|101588992|0|||0|0|24864561.431|2286755.098|4.633|2896|0|0|0|2022-04-20 13:54:59.705696+02
596|1650457322.703358|2022-04-20 14:22:02.703358+02|16385|test|17|192146174|0|2261806|1152990418|197605365|192505743|5000709|13|0|0|1|101588992|0|||0|0|24885108.043|2288757.049|4.633|2898|0|0|0|2022-04-20 13:54:59.705696+02
597|1650457323.796298|2022-04-20 14:22:03.796298+02|16385|test|17|192270452|0|2261806|1153736682|197729892|192630268|5000709|13|0|0|1|101588992|0|||0|0|24901142.465|2290138.678|4.633|2900|0|0|0|2022-04-20 13:54:59.705696+02
598|1650457324.897431|2022-04-20 14:22:04.897431+02|16385|test|17|192394906|0|2261806|1154484002|197854595|192754969|5000709|13|0|0|1|101588992|0|||0|0|24917174.753|2291571.403|4.633|2902|0|0|0|2022-04-20 13:54:59.705696+02
599|1650457325.973527|2022-04-20 14:22:05.973527+02|16385|test|17|192519088|0|2261806|1155229690|197979026|192879398|5000709|13|0|0|1|101588992|0|||0|0|24933207.271|2292956.435|4.633|2904|0|0|0|2022-04-20 13:54:59.705696+02
600|1650457327.048573|2022-04-20 14:22:07.048573+02|16385|test|17|192644136|0|2261806|1155980574|198104323|193004693|5000709|13|0|0|1|101588992|0|||0|0|24949230.014|2294355.561|4.633|2906|0|0|0|2022-04-20 13:54:59.705696+02
601|1650457328.170551|2022-04-20 14:22:08.170551+02|16385|test|17|192831536|0|2261806|1157105570|198291972|193192340|5000709|13|0|0|1|101588992|0|||0|0|24973272.525|2296434.314|4.633|2908|0|0|0|2022-04-20 13:54:59.705696+02
602|1650457329.284546|2022-04-20 14:22:09.284546+02|16385|test|17|192954157|0|2261806|1157841892|198414842|193315208|5000709|13|0|0|1|101588992|0|||0|0|24989310.592|2297930.017|4.633|2910|0|0|0|2022-04-20 13:54:59.705696+02
603|1650457330.367668|2022-04-20 14:22:10.367668+02|16385|test|17|193077383|0|2261806|1158581844|198538317|193438681|5000709|13|0|0|1|101588992|0|||0|0|25005345.292|2299359.038|4.633|2912|0|0|0|2022-04-20 13:54:59.705696+02
604|1650457331.471155|2022-04-20 14:22:11.471155+02|16385|test|17|193200040|0|2261806|1159318382|198661223|193561585|5000709|13|0|0|1|101588992|0|||0|0|25021393.075|2300871.808|4.633|2914|0|0|0|2022-04-20 13:54:59.705696+02
605|1650457332.542700|2022-04-20 14:22:12.5427+02|16385|test|17|193324680|0|2261806|1160066818|198786112|193686472|5000709|13|0|0|1|101588992|0|||0|0|25037426.554|2302320.632|4.633|2916|0|0|0|2022-04-20 13:54:59.705696+02
606|1650457333.642109|2022-04-20 14:22:13.642109+02|16385|test|17|193511732|0|2261806|1161189726|198973413|193873771|5000709|13|0|0|1|101588992|0|||0|0|25061463.881|2304397.888|4.633|2918|0|0|0|2022-04-20 13:54:59.705696+02
607|1650457334.684772|2022-04-20 14:22:14.684772+02|16385|test|17|193636488|0|2261806|1161938858|199098418|193998774|5000709|13|0|0|1|101588992|0|||0|0|25077497.936|2305776.584|4.633|2920|0|0|0|2022-04-20 13:54:59.705696+02
608|1650457335.738007|2022-04-20 14:22:15.738007+02|16385|test|17|193761124|0|2261806|1162687270|199223303|194123657|5000709|13|0|0|1|101588992|0|||0|0|25093530.561|2307180.089|4.633|2922|0|0|0|2022-04-20 13:54:59.705696+02
609|1650457336.815655|2022-04-20 14:22:16.815655+02|16385|test|17|193884378|0|2261806|1163427390|199346806|194247158|5000709|13|0|0|1|101588992|0|||0|0|25109569.713|2308607.34|4.633|2924|0|0|0|2022-04-20 13:54:59.705696+02
610|1650457337.867094|2022-04-20 14:22:17.867094+02|16385|test|17|194007757|0|2261806|1164168260|199470434|194370784|5000709|13|0|0|1|101588992|0|||0|0|25125599.068|2310036.097|4.633|2926|0|0|0|2022-04-20 13:54:59.705696+02
611|1650457338.934722|2022-04-20 14:22:18.934722+02|16385|test|17|194131531|0|2261806|1164911500|199594457|194494805|5000709|13|0|0|1|101588992|0|||0|0|25141634.638|2311405.944|4.633|2928|0|0|0|2022-04-20 13:54:59.705696+02
612|1650457340.019129|2022-04-20 14:22:20.019129+02|16385|test|17|194255376|0|2261806|1165655166|199718551|194618897|5000709|13|0|0|1|101588992|0|||0|0|25157663.671|2312836.952|4.633|2930|0|0|0|2022-04-20 13:54:59.705696+02
613|1650457341.079364|2022-04-20 14:22:21.079364+02|16385|test|17|194379629|0|2261806|1166401280|199843053|194743397|5000709|13|0|0|1|101588992|0|||0|0|25173689.773|2314343.364|4.633|2932|0|0|0|2022-04-20 13:54:59.705696+02
614|1650457342.169439|2022-04-20 14:22:22.169439+02|16385|test|17|194569582|0|2261806|1167541594|200033255|194933597|5000709|13|0|0|1|101588992|0|||0|0|25197731.203|2316454.132|4.633|2934|0|0|0|2022-04-20 13:54:59.705696+02
615|1650457343.251012|2022-04-20 14:22:23.251012+02|16385|test|17|194693720|0|2261806|1168287018|200157642|195057982|5000709|13|0|0|1|101588992|0|||0|0|25213777.697|2317845.18|4.633|2936|0|0|0|2022-04-20 13:54:59.705696+02
616|1650457344.317457|2022-04-20 14:22:24.317457+02|16385|test|17|194817096|0|2261806|1169027870|200281267|195181605|5000709|13|0|0|1|101588992|0|||0|0|25229807.028|2319253.346|4.633|2938|0|0|0|2022-04-20 13:54:59.705696+02
617|1650457345.421783|2022-04-20 14:22:25.421783+02|16385|test|17|194941099|0|2261806|1169772484|200405519|195305855|5000709|13|0|0|1|101588992|0|||0|0|25245852.421|2320626.675|4.633|2940|0|0|0|2022-04-20 13:54:59.705696+02
618|1650457346.480877|2022-04-20 14:22:26.480877+02|16385|test|17|195064458|0|2261806|1170513234|200529127|195429461|5000709|13|0|0|1|101588992|0|||0|0|25261885.32|2322204.859|4.633|2942|0|0|0|2022-04-20 13:54:59.705696+02
619|1650457347.572687|2022-04-20 14:22:27.572687+02|16385|test|17|195188624|0|2261806|1171258826|200653542|195553874|5000709|13|0|0|1|101588992|0|||0|0|25277914.482|2323610.471|4.633|2944|0|0|0|2022-04-20 13:54:59.705696+02
620|1650457348.614385|2022-04-20 14:22:28.614385+02|16385|test|17|195340085|0|2261806|1172168188|200805252|195705582|5000709|13|0|0|1|101588992|0|||0|0|25297443.3|2325323.393|4.633|2946|0|0|0|2022-04-20 13:54:59.705696+02
621|1650457349.699073|2022-04-20 14:22:29.699073+02|16385|test|17|195497896|0|2261806|1173115650|200963312|195863640|5000709|13|0|0|1|101588992|0|||0|0|25317995.264|2327100.726|4.633|2948|0|0|0|2022-04-20 13:54:59.705696+02
622|1650457350.781020|2022-04-20 14:22:30.78102+02|16385|test|17|195558648|0|2261806|1173480726|201024299|195924626|5000709|13|0|0|1|101588992|0|||0|0|25326030.776|2327790.699|4.633|2949|0|0|0|2022-04-20 13:54:59.705696+02
623|1650457351.827439|2022-04-20 14:22:31.827439+02|16385|test|17|195745661|0|2261806|1174603970|201212868|196111911|5000709|13|0|0|1|101588992|0|||0|0|25350050.821|2329879.209|4.633|2952|0|0|0|2022-04-20 13:54:59.705696+02
624|1650457352.926536|2022-04-20 14:22:32.926536+02|16385|test|17|195869788|0|2261806|1175349328|201337244|196236285|5000709|13|0|0|1|101588992|0|||0|0|25366086.91|2331318.697|4.633|2954|0|0|0|2022-04-20 13:54:59.705696+02
625|1650457354.027232|2022-04-20 14:22:34.027232+02|16385|test|17|195993147|0|2261806|1176090078|201460852|196359891|5000709|13|0|0|1|101588992|0|||0|0|25382126.1|2332849.231|4.633|2956|0|0|0|2022-04-20 13:54:59.705696+02
626|1650457355.120522|2022-04-20 14:22:35.120522+02|16385|test|17|196145542|0|2261806|1177005044|201613496|196512533|5000709|13|0|0|1|101588992|0|||0|0|25401648.196|2334529.371|4.633|2958|0|0|0|2022-04-20 13:54:59.705696+02
627|1650457356.199835|2022-04-20 14:22:36.199835+02|16385|test|17|196306041|0|2261806|1177968634|201774244|196673279|5000709|13|0|0|1|101588992|0|||0|0|25422185.173|2336376.634|4.633|2960|0|0|0|2022-04-20 13:54:59.705696+02
628|1650457357.292275|2022-04-20 14:22:37.292275+02|16385|test|17|196428244|0|2261806|1178702448|201896696|196795729|5000709|13|0|0|1|101588992|0|||0|0|25438222.418|2337914.191|4.633|2962|0|0|0|2022-04-20 13:54:59.705696+02
629|1650457358.407737|2022-04-20 14:22:38.407737+02|16385|test|17|196553028|0|2261806|1179451748|202021729|196920760|5000709|13|0|0|1|101588992|0|||0|0|25454254.81|2339304.483|4.633|2964|0|0|0|2022-04-20 13:54:59.705696+02
630|1650457359.488913|2022-04-20 14:22:39.488913+02|16385|test|17|196676606|0|2261806|1180193812|202145556|197044585|5000709|13|0|0|1|101588992|0|||0|0|25470287.741|2340779.9|4.633|2966|0|0|0|2022-04-20 13:54:59.705696+02
631|1650457360.552094|2022-04-20 14:22:40.552094+02|16385|test|17|196800150|0|2261806|1180935672|202269349|197168376|5000709|13|0|0|1|101588992|0|||0|0|25486331.754|2342271.542|4.633|2968|0|0|0|2022-04-20 13:54:59.705696+02
632|1650457361.652750|2022-04-20 14:22:41.65275+02|16385|test|17|196988226|0|2261806|1182064724|202457674|197356699|5000709|13|0|0|1|101588992|0|||0|0|25510361.568|2344333.771|4.633|2970|0|0|0|2022-04-20 13:54:59.705696+02
633|1650457362.730530|2022-04-20 14:22:42.73053+02|16385|test|17|197111086|0|2261806|1182802480|202580783|197479806|5000709|13|0|0|1|101588992|0|||0|0|25526388.567|2345831.908|4.633|2972|0|0|0|2022-04-20 13:54:59.705696+02
634|1650457363.822395|2022-04-20 14:22:43.822395+02|16385|test|17|197236202|0|2261806|1183553772|202706148|197605169|5000709|13|0|0|1|101588992|0|||0|0|25542426.331|2347214.429|4.633|2974|0|0|0|2022-04-20 13:54:59.705696+02
635|1650457364.911698|2022-04-20 14:22:44.911698+02|16385|test|17|197358985|0|2261806|1184291066|202829180|197728199|5000709|13|0|0|1|101588992|0|||0|0|25558461.113|2348871.284|4.633|2976|0|0|0|2022-04-20 13:54:59.705696+02
636|1650457365.996081|2022-04-20 14:22:45.996081+02|16385|test|17|197483105|0|2261806|1185036382|202953549|197852566|5000709|13|0|0|1|101588992|0|||0|0|25574490.131|2350354.253|4.633|2978|0|0|0|2022-04-20 13:54:59.705696+02
637|1650457367.092576|2022-04-20 14:22:47.092576+02|16385|test|17|197608810|0|2261806|1185791208|203079503|197978518|5000709|13|0|0|1|101588992|0|||0|0|25590525.997|2351759.109|4.633|2980|0|0|0|2022-04-20 13:54:59.705696+02
638|1650457368.166935|2022-04-20 14:22:48.166935+02|16385|test|17|197793304|0|2261806|1186898768|203264246|198163259|5000709|13|0|0|1|101588992|0|||0|0|25614548.072|2353949.108|4.633|2982|0|0|0|2022-04-20 13:54:59.705696+02
639|1650457369.264835|2022-04-20 14:22:49.264835+02|16385|test|17|197918075|0|2261806|1187647990|203389266|198288277|5000709|13|0|0|1|101588992|0|||0|0|25630581.623|2355323.219|4.633|2984|0|0|0|2022-04-20 13:54:59.705696+02
640|1650457370.356047|2022-04-20 14:22:50.356047+02|16385|test|17|198042316|0|2261806|1188394032|203513756|198412765|5000709|13|0|0|1|101588992|0|||0|0|25646629.649|2356822.204|4.633|2986|0|0|0|2022-04-20 13:54:59.705696+02
641|1650457371.483740|2022-04-20 14:22:51.48374+02|16385|test|17|198165762|0|2261806|1189135304|203637451|198536458|5000709|13|0|0|1|101588992|0|||0|0|25662664.528|2358327.134|4.633|2988|0|0|0|2022-04-20 13:54:59.705696+02
642|1650457372.577827|2022-04-20 14:22:52.577827+02|16385|test|17|198287211|0|2261806|1189864594|203759149|198658154|5000709|13|0|0|1|101588992|0|||0|0|25678702.735|2359989.964|4.633|2990|0|0|0|2022-04-20 13:54:59.705696+02
643|1650457373.625166|2022-04-20 14:22:53.625166+02|16385|test|17|198458184|0|2261806|1190891028|203930371|198829374|5000709|13|0|0|1|101588992|0|||0|0|25700730.807|2362013.497|4.633|2992|0|0|0|2022-04-20 13:54:59.705696+02
644|1650457374.675076|2022-04-20 14:22:54.675076+02|16385|test|17|198598993|0|2261806|1191736478|204071429|198970430|5000709|13|0|0|1|101588992|0|||0|0|25718769.701|2363584.23|4.633|2994|0|0|0|2022-04-20 13:54:59.705696+02
645|1650457375.761910|2022-04-20 14:22:55.76191+02|16385|test|17|198723841|0|2261806|1192486162|204196526|199095525|5000709|13|0|0|1|101588992|0|||0|0|25734805.787|2364977.446|4.633|2996|0|0|0|2022-04-20 13:54:59.705696+02
646|1650457376.856604|2022-04-20 14:22:56.856604+02|16385|test|17|198846191|0|2261806|1193220858|204319125|199218122|5000709|13|0|0|1|101588992|0|||0|0|25750850.464|2366526.03|4.633|2998|0|0|0|2022-04-20 13:54:59.705696+02
647|1650457377.901103|2022-04-20 14:22:57.901103+02|16385|test|17|198970290|0|2261806|1193966048|204443473|199342468|5000709|13|0|0|1|101588992|0|||0|0|25766880.546|2367959.909|4.633|3000|0|0|0|2022-04-20 13:54:59.705696+02
648|1650457379.018216|2022-04-20 14:22:59.018216+02|16385|test|17|199094363|0|2261806|1194711082|204567795|199466788|5000709|13|0|0|1|101588992|0|||0|0|25782919.919|2369423.669|4.633|3002|0|0|0|2022-04-20 13:54:59.705696+02
649|1650457380.137614|2022-04-20 14:23:00.137614+02|16385|test|17|199283185|0|2261806|1195844610|204756866|199655857|5000709|13|0|0|1|101588992|0|||0|0|25806955.934|2371480.222|4.633|3004|0|0|0|2022-04-20 13:54:59.705696+02
650|1650457381.244133|2022-04-20 14:23:01.244133+02|16385|test|17|199407191|0|2261806|1196589242|204881121|199780110|5000709|13|0|0|1|101588992|0|||0|0|25822988.025|2372853.208|4.633|3006|0|0|0|2022-04-20 13:54:59.705696+02
651|1650457382.344166|2022-04-20 14:23:02.344166+02|16385|test|17|199528317|0|2261806|1197316594|205002496|199901483|5000709|13|0|0|1|101588992|0|||0|0|25839021.11|2374546.719|4.633|3008|0|0|0|2022-04-20 13:54:59.705696+02
652|1650457383.438229|2022-04-20 14:23:03.438229+02|16385|test|17|199651678|0|2261806|1198057356|205126106|200025091|5000709|13|0|0|1|101588992|0|||0|0|25855059.803|2376021.116|4.633|3010|0|0|0|2022-04-20 13:54:59.705696+02
653|1650457384.546733|2022-04-20 14:23:04.546733+02|16385|test|17|199778090|0|2261806|1198816424|205252767|200151750|5000709|13|0|0|1|101588992|0|||0|0|25871117.946|2377486.472|4.633|3012|0|0|0|2022-04-20 13:54:59.705696+02
654|1650457385.653290|2022-04-20 14:23:05.65329+02|16385|test|17|199962959|0|2261806|1199926234|205437885|200336866|5000709|13|0|0|1|101588992|0|||0|0|25895172.1|2379777.914|4.633|3014|0|0|0|2022-04-20 13:54:59.705696+02
655|1650457386.772924|2022-04-20 14:23:06.772924+02|16385|test|17|200087018|0|2261806|1200671184|205562193|200461172|5000709|13|0|0|1|101588992|0|||0|0|25911212.859|2381308.891|4.633|3016|0|0|0|2022-04-20 13:54:59.705696+02
656|1650457387.892140|2022-04-20 14:23:07.89214+02|16385|test|17|200210104|0|2261806|1201410296|205685528|200584505|5000709|13|0|0|1|101588992|0|||0|0|25927250.666|2382678.197|4.633|3018|0|0|0|2022-04-20 13:54:59.705696+02
657|1650457389.006033|2022-04-20 14:23:09.006033+02|16385|test|17|200333623|0|2261806|1202152006|205809296|200708271|5000709|13|0|0|1|101588992|0|||0|0|25943292.217|2384051.534|4.633|3020|0|0|0|2022-04-20 13:54:59.705696+02
658|1650457390.137923|2022-04-20 14:23:10.137923+02|16385|test|17|200518755|0|2261806|1203263394|205994677|200893650|5000709|13|0|0|1|101588992|0|||0|0|25967327.154|2386276.809|4.633|3022|0|0|0|2022-04-20 13:54:59.705696+02
659|1650457391.233490|2022-04-20 14:23:11.23349+02|16385|test|17|200643888|0|2261806|1204014788|206120059|201019030|5000709|13|0|0|1|101588992|0|||0|0|25983358.308|2387818.512|4.633|3024|0|0|0|2022-04-20 13:54:59.705696+02
660|1650457392.338534|2022-04-20 14:23:12.338534+02|16385|test|17|200768610|0|2261806|1204763716|206245030|201143999|5000709|13|0|0|1|101588992|0|||0|0|25999389.692|2389271.717|4.633|3026|0|0|0|2022-04-20 13:54:59.705696+02
661|1650457393.399182|2022-04-20 14:23:13.399182+02|16385|test|17|200893906|0|2261806|1205516088|206370575|201269542|5000709|13|0|0|1|101588992|0|||0|0|26015432.573|2390662.181|4.633|3028|0|0|0|2022-04-20 13:54:59.705696+02
662|1650457394.481242|2022-04-20 14:23:14.481242+02|16385|test|17|201019105|0|2261806|1206267878|206496023|201394988|5000709|13|0|0|1|101588992|0|||0|0|26031454.568|2392042.984|4.633|3030|0|0|0|2022-04-20 13:54:59.705696+02
663|1650457395.534731|2022-04-20 14:23:15.534731+02|16385|test|17|201143480|0|2261806|1207014724|206620647|201519610|5000709|13|0|0|1|101588992|0|||0|0|26047478.919|2393446.803|4.633|3032|0|0|0|2022-04-20 13:54:59.705696+02
664|1650457396.598714|2022-04-20 14:23:16.598714+02|16385|test|17|201267672|0|2261806|1207760472|206745088|201644049|5000709|13|0|0|1|101588992|0|||0|0|26063507.82|2394825.097|4.633|3034|0|0|0|2022-04-20 13:54:59.705696+02
665|1650457397.716931|2022-04-20 14:23:17.716931+02|16385|test|17|201454224|0|2261806|1208880380|206931889|201830848|5000709|13|0|0|1|101588992|0|||0|0|26087536.114|2396948.046|4.633|3036|0|0|0|2022-04-20 13:54:59.705696+02
666|1650457398.776967|2022-04-20 14:23:18.776967+02|16385|test|17|201578583|0|2261806|1209627130|207056497|201955454|5000709|13|0|0|1|101588992|0|||0|0|26103573.846|2398336.059|4.633|3038|0|0|0|2022-04-20 13:54:59.705696+02
667|1650457399.883972|2022-04-20 14:23:19.883972+02|16385|test|17|201703918|0|2261806|1210379736|207182081|202081036|5000709|13|0|0|1|101588992|0|||0|0|26119597.981|2399721.325|4.633|3040|0|0|0|2022-04-20 13:54:59.705696+02
668|1650457400.985272|2022-04-20 14:23:20.985272+02|16385|test|17|201828547|0|2261806|1211128106|207306959|202205912|5000709|13|0|0|1|101588992|0|||0|0|26135642.961|2401104.437|4.633|3042|0|0|0|2022-04-20 13:54:59.705696+02
669|1650457402.037521|2022-04-20 14:23:22.037521+02|16385|test|17|201950111|0|2261806|1211858086|207428772|202327723|5000709|13|0|0|1|101588992|0|||0|0|26151678.571|2402641.013|4.633|3044|0|0|0|2022-04-20 13:54:59.705696+02
670|1650457403.108952|2022-04-20 14:23:23.108952+02|16385|test|17|202073981|0|2261806|1212601902|207552891|202451840|5000709|13|0|0|1|101588992|0|||0|0|26167715.705|2404088.063|4.633|3046|0|0|0|2022-04-20 13:54:59.705696+02
671|1650457404.219269|2022-04-20 14:23:24.219269+02|16385|test|17|202258800|0|2261806|1213711412|207737959|202636906|5000709|13|0|0|1|101588992|0|||0|0|26191748.381|2406389.354|4.633|3048|0|0|0|2022-04-20 13:54:59.705696+02
672|1650457405.305036|2022-04-20 14:23:25.305036+02|16385|test|17|202383282|0|2261806|1214458900|207862690|202761635|5000709|13|0|0|1|101588992|0|||0|0|26207783.177|2407766.019|4.633|3050|0|0|0|2022-04-20 13:54:59.705696+02
673|1650457406.365946|2022-04-20 14:23:26.365946+02|16385|test|17|202508297|0|2261806|1215209586|207987954|202886897|5000709|13|0|0|1|101588992|0|||0|0|26223811.354|2409331.394|4.633|3052|0|0|0|2022-04-20 13:54:59.705696+02
674|1650457407.489778|2022-04-20 14:23:27.489778+02|16385|test|17|202633580|0|2261806|1215961880|208113486|203012427|5000709|13|0|0|1|101588992|0|||0|0|26239866.689|2410731.88|4.633|3054|0|0|0|2022-04-20 13:54:59.705696+02
675|1650457408.619947|2022-04-20 14:23:28.619947+02|16385|test|17|202775924|0|2261806|1216816540|208256079|203155018|5000709|13|0|0|1|101588992|0|||0|0|26258414.918|2412606.263|4.633|3056|0|0|0|2022-04-20 13:54:59.705696+02
676|1650457409.714364|2022-04-20 14:23:29.714364+02|16385|test|17|202943641|0|2261806|1217823438|208424045|203322982|5000709|13|0|0|1|101588992|0|||0|0|26279949.12|2414503.809|4.633|3058|0|0|0|2022-04-20 13:54:59.705696+02
677|1650457410.821064|2022-04-20 14:23:30.821064+02|16385|test|17|203005344|0|2261806|1218194220|208485983|203384919|5000709|13|0|0|1|101588992|0|||0|0|26287993.461|2415194.091|4.633|3059|0|0|0|2022-04-20 13:54:59.705696+02
678|1650457411.925550|2022-04-20 14:23:31.92555+02|16385|test|17|203194713|0|2261806|1219331600|208676908|203574560|5000709|13|0|0|1|101588992|0|||0|0|26312024.726|2417320.901|4.633|3062|0|0|0|2022-04-20 13:54:59.705696+02
679|1650457413.055864|2022-04-20 14:23:33.055864+02|16385|test|17|203321924|0|2261806|1220095462|208804368|203702018|5000709|13|0|0|1|101588992|0|||0|0|26328055.426|2418819.73|4.633|3064|0|0|0|2022-04-20 13:54:59.705696+02
680|1650457414.129084|2022-04-20 14:23:34.129084+02|16385|test|17|203482679|0|2261806|1221060588|208965372|203863020|5000709|13|0|0|1|101588992|0|||0|0|26348596.695|2420577.515|4.633|3066|0|0|0|2022-04-20 13:54:59.705696+02
681|1650457415.215452|2022-04-20 14:23:35.215452+02|16385|test|17|203632489|0|2261806|1221960044|209115431|204013077|5000709|13|0|0|1|101588992|0|||0|0|26368140.044|2422294.665|4.633|3068|0|0|0|2022-04-20 13:54:59.705696+02
682|1650457416.329998|2022-04-20 14:23:36.329998+02|16385|test|17|203756851|0|2261806|1222706812|209240042|204137686|5000709|13|0|0|1|101588992|0|||0|0|26384176.183|2423774.062|4.633|3070|0|0|0|2022-04-20 13:54:59.705696+02
683|1650457417.433767|2022-04-20 14:23:37.433767+02|16385|test|17|203882935|0|2261806|1223463912|209366375|204264017|5000709|13|0|0|1|101588992|0|||0|0|26400222.207|2425271.498|4.633|3072|0|0|0|2022-04-20 13:54:59.705696+02
684|1650457418.530000|2022-04-20 14:23:38.53+02|16385|test|17|204007186|0|2261806|1224210014|209490875|204388515|5000709|13|0|0|1|101588992|0|||0|0|26416258.826|2426741.551|4.633|3074|0|0|0|2022-04-20 13:54:59.705696+02
685|1650457419.597261|2022-04-20 14:23:39.597261+02|16385|test|17|204130574|0|2261806|1224950938|209614512|204512150|5000709|13|0|0|1|101588992|0|||0|0|26432304.085|2428244.883|4.633|3076|0|0|0|2022-04-20 13:54:59.705696+02
686|1650457420.691041|2022-04-20 14:23:40.691041+02|16385|test|17|204317050|0|2261806|1226070390|209801237|204698873|5000709|13|0|0|1|101588992|0|||0|0|26456349.672|2430361.397|4.633|3078|0|0|0|2022-04-20 13:54:59.705696+02
687|1650457421.787940|2022-04-20 14:23:41.78794+02|16385|test|17|204444014|0|2261806|1226832770|209928450|204826084|5000709|13|0|0|1|101588992|0|||0|0|26472381.053|2431868|4.633|3080|0|0|0|2022-04-20 13:54:59.705696+02
688|1650457422.897518|2022-04-20 14:23:42.897518+02|16385|test|17|204566844|0|2261806|1227570346|210051529|204949161|5000709|13|0|0|1|101588992|0|||0|0|26488420.304|2433279.457|4.633|3082|0|0|0|2022-04-20 13:54:59.705696+02
689|1650457424.036324|2022-04-20 14:23:44.036324+02|16385|test|17|204688907|0|2261806|1228303320|210173841|205071471|5000709|13|0|0|1|101588992|0|||0|0|26504460.349|2434829.696|4.633|3084|0|0|0|2022-04-20 13:54:59.705696+02
690|1650457425.132007|2022-04-20 14:23:45.132007+02|16385|test|17|204848164|0|2261806|1229259458|210333347|205230975|5000709|13|0|0|1|101588992|0|||0|0|26524995.905|2436627.035|4.633|3086|0|0|0|2022-04-20 13:54:59.705696+02
691|1650457426.191450|2022-04-20 14:23:46.19145+02|16385|test|17|204998059|0|2261806|1230159424|210483491|205381117|5000709|13|0|0|1|101588992|0|||0|0|26544539.903|2438511.671|4.633|3088|0|0|0|2022-04-20 13:54:59.705696+02
692|1650457427.288039|2022-04-20 14:23:47.288039+02|16385|test|17|205120896|0|2261806|1230897042|210606577|205504201|5000709|13|0|0|1|101588992|0|||0|0|26560571.344|2439937.17|4.633|3090|0|0|0|2022-04-20 13:54:59.705696+02
693|1650457428.352464|2022-04-20 14:23:48.352464+02|16385|test|17|205244837|0|2261806|1231641284|210730767|205628389|5000709|13|0|0|1|101588992|0|||0|0|26576598.575|2441336.912|4.633|3092|0|0|0|2022-04-20 13:54:59.705696+02
694|1650457429.418023|2022-04-20 14:23:49.418023+02|16385|test|17|205370649|0|2261806|1232396752|210856828|205754448|5000709|13|0|0|1|101588992|0|||0|0|26592632.872|2442775.337|4.633|3094|0|0|0|2022-04-20 13:54:59.705696+02
695|1650457430.527942|2022-04-20 14:23:50.527942+02|16385|test|17|205494656|0|2261806|1233141390|210981084|205878702|5000709|13|0|0|1|101588992|0|||0|0|26608682.734|2444283.308|4.633|3096|0|0|0|2022-04-20 13:54:59.705696+02
696|1650457431.593262|2022-04-20 14:23:51.593262+02|16385|test|17|205620314|0|2261806|1233895934|211106991|206004607|5000709|13|0|0|1|101588992|0|||0|0|26624717.52|2445719.967|4.633|3098|0|0|0|2022-04-20 13:54:59.705696+02
697|1650457432.693299|2022-04-20 14:23:52.693299+02|16385|test|17|205808126|0|2261806|1235023402|211295052|206192666|5000709|13|0|0|1|101588992|0|||0|0|26648754.494|2447848.93|4.633|3100|0|0|0|2022-04-20 13:54:59.705696+02
698|1650457433.774332|2022-04-20 14:23:53.774332+02|16385|test|17|205932520|0|2261806|1235770362|211419695|206317307|5000709|13|0|0|1|101588992|0|||0|0|26664779.433|2449264.779|4.633|3102|0|0|0|2022-04-20 13:54:59.705696+02
699|1650457434.827037|2022-04-20 14:23:54.827037+02|16385|test|17|206056754|0|2261806|1236516362|211544178|206441788|5000709|13|0|0|1|101588992|0|||0|0|26680810.421|2450876.881|4.633|3104|0|0|0|2022-04-20 13:54:59.705696+02
700|1650457435.949145|2022-04-20 14:23:55.949145+02|16385|test|17|206181195|0|2261806|1237263604|211668868|206566476|5000709|13|0|0|1|101588992|0|||0|0|26696877.147|2452271.143|4.633|3106|0|0|0|2022-04-20 13:54:59.705696+02
701|1650457437.052286|2022-04-20 14:23:57.052286+02|16385|test|17|206304420|0|2261806|1238003550|211792342|206689948|5000709|13|0|0|1|101588992|0|||0|0|26712919.783|2453669.908|4.633|3108|0|0|0|2022-04-20 13:54:59.705696+02
702|1650457438.139961|2022-04-20 14:23:58.139961+02|16385|test|17|206477985|0|2261806|1239045536|211966156|206863760|5000709|13|0|0|1|101588992|0|||0|0|26735452.009|2455643.173|4.633|3110|0|0|0|2022-04-20 13:54:59.705696+02
703|1650457439.233272|2022-04-20 14:23:59.233272+02|16385|test|17|206615356|0|2261806|1239870358|212103776|207001378|5000709|13|0|0|1|101588992|0|||0|0|26752984.829|2457151.994|4.633|3112|0|0|0|2022-04-20 13:54:59.705696+02
704|1650457440.369036|2022-04-20 14:24:00.369036+02|16385|test|17|206739076|0|2261806|1240613274|212227745|207125345|5000709|13|0|0|1|101588992|0|||0|0|26769021.548|2458608.568|4.633|3114|0|0|0|2022-04-20 13:54:59.705696+02
705|1650457441.447864|2022-04-20 14:24:01.447864+02|16385|test|17|206863061|0|2261806|1241357780|212351979|207249577|5000709|13|0|0|1|101588992|0|||0|0|26785066.765|2460030.675|4.633|3116|0|0|0|2022-04-20 13:54:59.705696+02
706|1650457442.530862|2022-04-20 14:24:02.530862+02|16385|test|17|206986622|0|2261806|1242099742|212475789|207373385|5000709|13|0|0|1|101588992|0|||0|0|26801112.693|2461427.95|4.633|3118|0|0|0|2022-04-20 13:54:59.705696+02
707|1650457443.629079|2022-04-20 14:24:03.629079+02|16385|test|17|207129766|0|2261806|1242959202|212619182|207516776|5000709|13|0|0|1|101588992|0|||0|0|26819641.689|2463043.62|4.633|3120|0|0|0|2022-04-20 13:54:59.705696+02
708|1650457444.714945|2022-04-20 14:24:04.714945+02|16385|test|17|207296144|0|2261806|1243958066|212785809|207683401|5000709|13|0|0|1|101588992|0|||0|0|26841182.397|2465243.741|4.633|3122|0|0|0|2022-04-20 13:54:59.705696+02
709|1650457445.781776|2022-04-20 14:24:05.781776+02|16385|test|17|207419796|0|2261806|1244700574|212909710|207807300|5000709|13|0|0|1|101588992|0|||0|0|26857227.22|2466617.856|4.633|3124|0|0|0|2022-04-20 13:54:59.705696+02
710|1650457446.887840|2022-04-20 14:24:06.88784+02|16385|test|17|207543334|0|2261806|1245442398|213033497|207931085|5000709|13|0|0|1|101588992|0|||0|0|26873258.228|2467992.877|4.633|3126|0|0|0|2022-04-20 13:54:59.705696+02
711|1650457448.003748|2022-04-20 14:24:08.003748+02|16385|test|17|207666306|0|2261806|1246180826|213156718|208054304|5000709|13|0|0|1|101588992|0|||0|0|26889299.549|2469377.709|4.633|3128|0|0|0|2022-04-20 13:54:59.705696+02
712|1650457449.106585|2022-04-20 14:24:09.106585+02|16385|test|17|207791562|0|2261806|1246932958|213282223|208179807|5000709|13|0|0|1|101588992|0|||0|0|26905342.008|2470765.181|4.633|3130|0|0|0|2022-04-20 13:54:59.705696+02
713|1650457450.205319|2022-04-20 14:24:10.205319+02|16385|test|17|207976051|0|2261806|1248040488|213466961|208364543|5000709|13|0|0|1|101588992|0|||0|0|26929382.842|2473014.615|4.633|3132|0|0|0|2022-04-20 13:54:59.705696+02
714|1650457451.274731|2022-04-20 14:24:11.274731+02|16385|test|17|208099638|0|2261806|1248782606|213590797|208488377|5000709|13|0|0|1|101588992|0|||0|0|26945405.654|2474427.059|4.633|3134|0|0|0|2022-04-20 13:54:59.705696+02
715|1650457452.388774|2022-04-20 14:24:12.388774+02|16385|test|17|208221863|0|2261806|1249516552|213713271|208610849|5000709|13|0|0|1|101588992|0|||0|0|26961444.948|2475894.434|4.633|3136|0|0|0|2022-04-20 13:54:59.705696+02
716|1650457453.491745|2022-04-20 14:24:13.491745+02|16385|test|17|208345131|0|2261806|1250256756|213836788|208734364|5000709|13|0|0|1|101588992|0|||0|0|26977474.1|2477394.377|4.633|3138|0|0|0|2022-04-20 13:54:59.705696+02
717|1650457454.604929|2022-04-20 14:24:14.604929+02|16385|test|17|208467519|0|2261806|1250991680|213959425|208856999|5000709|13|0|0|1|101588992|0|||0|0|26993521.843|2478910.993|4.633|3140|0|0|0|2022-04-20 13:54:59.705696+02
718|1650457455.736949|2022-04-20 14:24:15.736949+02|16385|test|17|208652687|0|2261806|1252103284|214144842|209042414|5000709|13|0|0|1|101588992|0|||0|0|27017568.07|2481088.396|4.633|3142|0|0|0|2022-04-20 13:54:59.705696+02
719|1650457456.785623|2022-04-20 14:24:16.785623+02|16385|test|17|208778145|0|2261806|1252856628|214270549|209168119|5000709|13|0|0|1|101588992|0|||0|0|27033596.434|2482479.283|4.633|3144|0|0|0|2022-04-20 13:54:59.705696+02
720|1650457457.911645|2022-04-20 14:24:17.911645+02|16385|test|17|208902226|0|2261806|1253601710|214394879|209292447|5000709|13|0|0|1|101588992|0|||0|0|27049637.055|2483970.785|4.633|3146|0|0|0|2022-04-20 13:54:59.705696+02
721|1650457459.006718|2022-04-20 14:24:19.006718+02|16385|test|17|209025746|0|2261806|1254343426|214518648|209416214|5000709|13|0|0|1|101588992|0|||0|0|27065676.317|2485439.163|4.633|3148|0|0|0|2022-04-20 13:54:59.705696+02
722|1650457460.105024|2022-04-20 14:24:20.105024+02|16385|test|17|209150122|0|2261806|1255090278|214643273|209540837|5000709|13|0|0|1|101588992|0|||0|0|27081713.064|2486831.148|4.633|3150|0|0|0|2022-04-20 13:54:59.705696+02
723|1650457461.189616|2022-04-20 14:24:21.189616+02|16385|test|17|209337460|0|2261806|1256214902|214830860|209728422|5000709|13|0|0|1|101588992|0|||0|0|27105744.303|2489025.354|4.633|3152|0|0|0|2022-04-20 13:54:59.705696+02
724|1650457462.302915|2022-04-20 14:24:22.302915+02|16385|test|17|209460463|0|2261806|1256953516|214954112|209851672|5000709|13|0|0|1|101588992|0|||0|0|27121775.582|2490455.15|4.633|3154|0|0|0|2022-04-20 13:54:59.705696+02
725|1650457463.407143|2022-04-20 14:24:23.407143+02|16385|test|17|209581960|0|2261806|1257683094|215075858|209973416|5000709|13|0|0|1|101588992|0|||0|0|27137812.627|2491889.67|4.633|3156|0|0|0|2022-04-20 13:54:59.705696+02
726|1650457464.488328|2022-04-20 14:24:24.488328+02|16385|test|17|209706148|0|2261806|1258428818|215200295|210097851|5000709|13|0|0|1|101588992|0|||0|0|27153844.548|2493262.68|4.633|3158|0|0|0|2022-04-20 13:54:59.705696+02
727|1650457465.536242|2022-04-20 14:24:25.536242+02|16385|test|17|209831226|0|2261806|1259179882|215325622|210223176|5000709|13|0|0|1|101588992|0|||0|0|27169882.306|2494676.41|4.633|3160|0|0|0|2022-04-20 13:54:59.705696+02
728|1650457466.651204|2022-04-20 14:24:26.651204+02|16385|test|17|210015521|0|2261806|1260286248|215510166|210407718|5000709|13|0|0|1|101588992|0|||0|0|27193914.246|2496896.69|4.633|3162|0|0|0|2022-04-20 13:54:59.705696+02
729|1650457467.730511|2022-04-20 14:24:27.730511+02|16385|test|17|210138737|0|2261806|1261026140|215633631|210531181|5000709|13|0|0|1|101588992|0|||0|0|27209935.05|2498448.6|4.633|3164|0|0|0|2022-04-20 13:54:59.705696+02
730|1650457468.831960|2022-04-20 14:24:28.83196+02|16385|test|17|210260071|0|2261806|1261754740|215755214|210652762|5000709|13|0|0|1|101588992|0|||0|0|27225972.983|2499954.268|4.633|3166|0|0|0|2022-04-20 13:54:59.705696+02
731|1650457469.918466|2022-04-20 14:24:29.918466+02|16385|test|17|210384889|0|2261806|1262504244|215880281|210777827|5000709|13|0|0|1|101588992|0|||0|0|27241997.749|2501353.717|4.633|3168|0|0|0|2022-04-20 13:54:59.705696+02
732|1650457470.998266|2022-04-20 14:24:30.998266+02|16385|test|17|210446963|0|2261806|1262877252|215942590|210840135|5000709|13|0|0|1|101588992|0|||0|0|27250020.082|2502076.355|4.633|3169|0|0|0|2022-04-20 13:54:59.705696+02
733|1650457472.124922|2022-04-20 14:24:32.124922+02|16385|test|17|210631388|0|2261806|1263984968|216128571|211024832|5000709|13|0|0|1|101588992|0|||0|0|27274075.714|2504363.001|4.633|3172|0|0|0|2022-04-20 13:54:59.705696+02
734|1650457473.201101|2022-04-20 14:24:33.201101+02|16385|test|17|210817584|0|2261806|1265102740|216315016|211211275|5000709|13|0|0|1|101588992|0|||0|0|27298104.346|2506502.579|4.633|3174|0|0|0|2022-04-20 13:54:59.705696+02
735|1650457474.314688|2022-04-20 14:24:34.314688+02|16385|test|17|210939273|0|2261806|1265833470|216436954|211333211|5000709|13|0|0|1|101588992|0|||0|0|27314159.186|2508014.513|4.633|3176|0|0|0|2022-04-20 13:54:59.705696+02
736|1650457475.427459|2022-04-20 14:24:35.427459+02|16385|test|17|211064427|0|2261806|1266584990|216562357|211458612|5000709|13|0|0|1|101588992|0|||0|0|27330201.457|2509404.266|4.633|3178|0|0|0|2022-04-20 13:54:59.705696+02
737|1650457476.532532|2022-04-20 14:24:36.532532+02|16385|test|17|211189061|0|2261806|1267333390|216687240|211583493|5000709|13|0|0|1|101588992|0|||0|0|27346237.39|2510785.728|4.633|3180|0|0|0|2022-04-20 13:54:59.705696+02
738|1650457477.593941|2022-04-20 14:24:37.593941+02|16385|test|17|211311076|0|2261806|1268066076|216809504|211705755|5000709|13|0|0|1|101588992|0|||0|0|27362264.33|2512384.247|4.633|3182|0|0|0|2022-04-20 13:54:59.705696+02
739|1650457478.672025|2022-04-20 14:24:38.672025+02|16385|test|17|211496309|0|2261806|1269178070|216994986|211891235|5000709|13|0|0|1|101588992|0|||0|0|27386296.474|2514626.604|4.633|3184|0|0|0|2022-04-20 13:54:59.705696+02
740|1650457479.748630|2022-04-20 14:24:39.74863+02|16385|test|17|211618311|0|2261806|1269910678|217117237|212013484|5000709|13|0|0|1|101588992|0|||0|0|27402335.988|2516174.462|4.633|3186|0|0|0|2022-04-20 13:54:59.705696+02
741|1650457480.797461|2022-04-20 14:24:40.797461+02|16385|test|17|211742937|0|2261806|1270659030|217242112|212138357|5000709|13|0|0|1|101588992|0|||0|0|27418354.932|2517579.445|4.633|3188|0|0|0|2022-04-20 13:54:59.705696+02
742|1650457481.879969|2022-04-20 14:24:41.879969+02|16385|test|17|211867481|0|2261806|1271406890|217366905|212263148|5000709|13|0|0|1|101588992|0|||0|0|27434384.994|2518952.656|4.633|3190|0|0|0|2022-04-20 13:54:59.705696+02
743|1650457482.991442|2022-04-20 14:24:42.991442+02|16385|test|17|211989376|0|2261806|1272138856|217489049|212385290|5000709|13|0|0|1|101588992|0|||0|0|27450425.083|2520598.132|4.633|3192|0|0|0|2022-04-20 13:54:59.705696+02
744|1650457484.117309|2022-04-20 14:24:44.117309+02|16385|test|17|212111551|0|2261806|1272872502|217611473|212507712|5000709|13|0|0|1|101588992|0|||0|0|27466461.043|2522292.974|4.633|3194|0|0|0|2022-04-20 13:54:59.705696+02
745|1650457485.200124|2022-04-20 14:24:45.200124+02|16385|test|17|212298646|0|2261806|1273995668|217798817|212695054|5000709|13|0|0|1|101588992|0|||0|0|27490499.468|2524355.092|4.633|3196|0|0|0|2022-04-20 13:54:59.705696+02
746|1650457486.261777|2022-04-20 14:24:46.261777+02|16385|test|17|212422349|0|2261806|1274738482|217922769|212819004|5000709|13|0|0|1|101588992|0|||0|0|27506540.161|2525766.143|4.633|3198|0|0|0|2022-04-20 13:54:59.705696+02
747|1650457487.355166|2022-04-20 14:24:47.355166+02|16385|test|17|212546781|0|2261806|1275485670|218047450|212943683|5000709|13|0|0|1|101588992|0|||0|0|27522583.238|2527165.891|4.633|3200|0|0|0|2022-04-20 13:54:59.705696+02
748|1650457488.445066|2022-04-20 14:24:48.445066+02|16385|test|17|212671860|0|2261806|1276236740|218172778|213069009|5000709|13|0|0|1|101588992|0|||0|0|27538617.754|2528539.05|4.633|3202|0|0|0|2022-04-20 13:54:59.705696+02
749|1650457489.543854|2022-04-20 14:24:49.543854+02|16385|test|17|212793393|0|2261806|1276966534|218294560|213190789|5000709|13|0|0|1|101588992|0|||0|0|27554651.327|2530010.836|4.633|3204|0|0|0|2022-04-20 13:54:59.705696+02
750|1650457490.624667|2022-04-20 14:24:50.624667+02|16385|test|17|212917657|0|2261806|1277712714|218419073|213315300|5000709|13|0|0|1|101588992|0|||0|0|27570691.395|2531410.579|4.633|3206|0|0|0|2022-04-20 13:54:59.705696+02
751|1650457491.736112|2022-04-20 14:24:51.736112+02|16385|test|17|213103898|0|2261806|1278830756|218605563|213501788|5000709|13|0|0|1|101588992|0|||0|0|27594723.959|2533587.413|4.633|3208|0|0|0|2022-04-20 13:54:59.705696+02
752|1650457492.789096|2022-04-20 14:24:52.789096+02|16385|test|17|213227400|0|2261806|1279572364|218729314|213625537|5000709|13|0|0|1|101588992|0|||0|0|27610745.866|2535127.038|4.633|3210|0|0|0|2022-04-20 13:54:59.705696+02
753|1650457493.864925|2022-04-20 14:24:53.864925+02|16385|test|17|213353040|0|2261806|1280326800|218855203|213751424|5000709|13|0|0|1|101588992|0|||0|0|27626765.925|2536585.8|4.633|3212|0|0|0|2022-04-20 13:54:59.705696+02
754|1650457494.956857|2022-04-20 14:24:54.956857+02|16385|test|17|213476238|0|2261806|1281066584|218978650|213874869|5000709|13|0|0|1|101588992|0|||0|0|27642803.541|2538021.422|4.633|3214|0|0|0|2022-04-20 13:54:59.705696+02
755|1650457496.025546|2022-04-20 14:24:56.025546+02|16385|test|17|213598602|0|2261806|1281801364|219101263|213997480|5000709|13|0|0|1|101588992|0|||0|0|27658832.168|2539509.008|4.633|3216|0|0|0|2022-04-20 13:54:59.705696+02
756|1650457497.121292|2022-04-20 14:24:57.121292+02|16385|test|17|213722411|0|2261806|1282544814|219225321|214121536|5000709|13|0|0|1|101588992|0|||0|0|27674855.943|2540949.55|4.633|3218|0|0|0|2022-04-20 13:54:59.705696+02
757|1650457498.182062|2022-04-20 14:24:58.182062+02|16385|test|17|213910880|0|2261806|1283676224|219414039|214310252|5000709|13|0|0|1|101588992|0|||0|0|27698887.904|2543098.106|4.633|3220|0|0|0|2022-04-20 13:54:59.705696+02
758|1650457499.281976|2022-04-20 14:24:59.281976+02|16385|test|17|214034668|0|2261806|1284419548|219538076|214434287|5000709|13|0|0|1|101588992|0|||0|0|27714919.049|2544535.758|4.633|3222|0|0|0|2022-04-20 13:54:59.705696+02
759|1650457500.365665|2022-04-20 14:25:00.365665+02|16385|test|17|214156904|0|2261806|1285153560|219660561|214556770|5000709|13|0|0|1|101588992|0|||0|0|27730954.513|2546114.144|4.633|3224|0|0|0|2022-04-20 13:54:59.705696+02
760|1650457501.484386|2022-04-20 14:25:01.484386+02|16385|test|17|214279013|0|2261806|1285886810|219782919|214679126|5000709|13|0|0|1|101588992|0|||0|0|27746997.065|2547780.998|4.633|3226|0|0|0|2022-04-20 13:54:59.705696+02
761|1650457502.574796|2022-04-20 14:25:02.574796+02|16385|test|17|214401662|0|2261806|1286623300|219905817|214802022|5000709|13|0|0|1|101588992|0|||0|0|27763030.305|2549260.173|4.633|3228|0|0|0|2022-04-20 13:54:59.705696+02
762|1650457503.620354|2022-04-20 14:25:03.620354+02|16385|test|17|214525315|0|2261806|1287365814|220029719|214925922|5000709|13|0|0|1|101588992|0|||0|0|27779055.55|2550767.003|4.633|3230|0|0|0|2022-04-20 13:54:59.705696+02
763|1650457504.702457|2022-04-20 14:25:04.702457+02|16385|test|17|214712657|0|2261806|1288490462|220217310|215113511|5000709|13|0|0|1|101588992|0|||0|0|27803083.604|2552890.936|4.633|3232|0|0|0|2022-04-20 13:54:59.705696+02
764|1650457505.784369|2022-04-20 14:25:05.784369+02|16385|test|17|214837298|0|2261806|1289238904|220342200|215238399|5000709|13|0|0|1|101588992|0|||0|0|27819127.088|2554287.452|4.633|3234|0|0|0|2022-04-20 13:54:59.705696+02
765|1650457506.827542|2022-04-20 14:25:06.827542+02|16385|test|17|214958580|0|2261806|1289967192|220463731|215359928|5000709|13|0|0|1|101588992|0|||0|0|27835152.577|2556083.43|4.633|3236|0|0|0|2022-04-20 13:54:59.705696+02
766|1650457507.919799|2022-04-20 14:25:07.919799+02|16385|test|17|215083402|0|2261806|1290716720|220588802|215484997|5000709|13|0|0|1|101588992|0|||0|0|27851192.595|2557469.777|4.633|3238|0|0|0|2022-04-20 13:54:59.705696+02
767|1650457508.998211|2022-04-20 14:25:08.998211+02|16385|test|17|215206586|0|2261806|1291456420|220712235|215608428|5000709|13|0|0|1|101588992|0|||0|0|27867225.551|2558886.484|4.633|3240|0|0|0|2022-04-20 13:54:59.705696+02
768|1650457510.070562|2022-04-20 14:25:10.070562+02|16385|test|17|215329751|0|2261806|1292196006|220835649|215731840|5000709|13|0|0|1|101588992|0|||0|0|27883245.944|2560314.726|4.633|3242|0|0|0|2022-04-20 13:54:59.705696+02
769|1650457511.185781|2022-04-20 14:25:11.185781+02|16385|test|17|215519084|0|2261806|1293332600|221025231|215921420|5000709|13|0|0|1|101588992|0|||0|0|27907277.492|2562430.849|4.633|3244|0|0|0|2022-04-20 13:54:59.705696+02
770|1650457512.281242|2022-04-20 14:25:12.281242+02|16385|test|17|215643515|0|2261806|1294079782|221149911|216046098|5000709|13|0|0|1|101588992|0|||0|0|27923315.407|2563943.738|4.633|3246|0|0|0|2022-04-20 13:54:59.705696+02
771|1650457513.392055|2022-04-20 14:25:13.392055+02|16385|test|17|215768255|0|2261806|1294828818|221274900|216171085|5000709|13|0|0|1|101588992|0|||0|0|27939357.069|2565322.263|4.633|3248|0|0|0|2022-04-20 13:54:59.705696+02
772|1650457514.499307|2022-04-20 14:25:14.499307+02|16385|test|17|215892430|0|2261806|1295574464|221399324|216295507|5000709|13|0|0|1|101588992|0|||0|0|27955389.317|2566817.244|4.633|3250|0|0|0|2022-04-20 13:54:59.705696+02
773|1650457515.632573|2022-04-20 14:25:15.632573+02|16385|test|17|216016333|0|2261806|1296318478|221523476|216419657|5000709|13|0|0|1|101588992|0|||0|0|27971440.894|2568326.046|4.633|3252|0|0|0|2022-04-20 13:54:59.705696+02
774|1650457516.746904|2022-04-20 14:25:16.746904+02|16385|test|17|216204163|0|2261806|1297446054|221711555|216607734|5000709|13|0|0|1|101588992|0|||0|0|27995468.964|2570395.942|4.633|3254|0|0|0|2022-04-20 13:54:59.705696+02
775|1650457517.889808|2022-04-20 14:25:17.889808+02|16385|test|17|216326065|0|2261806|1298178062|221833706|216729883|5000709|13|0|0|1|101588992|0|||0|0|28011520.725|2571927.873|4.633|3256|0|0|0|2022-04-20 13:54:59.705696+02
776|1650457518.932577|2022-04-20 14:25:18.932577+02|16385|test|17|216450835|0|2261806|1298927278|221958725|216854900|5000709|13|0|0|1|101588992|0|||0|0|28027550.811|2573427.863|4.633|3258|0|0|0|2022-04-20 13:54:59.705696+02
777|1650457520.028042|2022-04-20 14:25:20.028042+02|16385|test|17|216575027|0|2261806|1299673026|222083166|216979339|5000709|13|0|0|1|101588992|0|||0|0|28043584.026|2574820.724|4.633|3260|0|0|0|2022-04-20 13:54:59.705696+02
778|1650457521.103783|2022-04-20 14:25:21.103783+02|16385|test|17|216697854|0|2261806|1300410584|222206242|217102413|5000709|13|0|0|1|101588992|0|||0|0|28059610.252|2576280.98|4.633|3262|0|0|0|2022-04-20 13:54:59.705696+02
779|1650457522.178352|2022-04-20 14:25:22.178352+02|16385|test|17|216886516|0|2261806|1301543152|222395153|217291322|5000709|13|0|0|1|101588992|0|||0|0|28083646.183|2578355.86|4.633|3264|0|0|0|2022-04-20 13:54:59.705696+02
780|1650457523.277594|2022-04-20 14:25:23.277594+02|16385|test|17|217010432|0|2261806|1302287244|222519318|217415485|5000709|13|0|0|1|101588992|0|||0|0|28099687.96|2579823.297|4.633|3266|0|0|0|2022-04-20 13:54:59.705696+02
781|1650457524.380969|2022-04-20 14:25:24.380969+02|16385|test|17|217135468|0|2261806|1303038056|222644603|217540768|5000709|13|0|0|1|101588992|0|||0|0|28115717.988|2581213.299|4.633|3268|0|0|0|2022-04-20 13:54:59.705696+02
782|1650457525.453661|2022-04-20 14:25:25.453661+02|16385|test|17|217260180|0|2261806|1303786924|222769564|217665727|5000709|13|0|0|1|101588992|0|||0|0|28131744.489|2582620.77|4.633|3270|0|0|0|2022-04-20 13:54:59.705696+02
783|1650457526.547760|2022-04-20 14:25:26.54776+02|16385|test|17|217384023|0|2261806|1304530578|222893656|217789817|5000709|13|0|0|1|101588992|0|||0|0|28147778.231|2583996.072|4.633|3272|0|0|0|2022-04-20 13:54:59.705696+02
784|1650457527.655821|2022-04-20 14:25:27.655821+02|16385|test|17|217571669|0|2261806|1305657050|223081551|217977710|5000709|13|0|0|1|101588992|0|||0|0|28171817.382|2586047.397|4.633|3274|0|0|0|2022-04-20 13:54:59.705696+02
785|1650457528.731642|2022-04-20 14:25:28.731642+02|16385|test|17|217697143|0|2261806|1306410490|223207274|218103431|5000709|13|0|0|1|101588992|0|||0|0|28187853.302|2587434.818|4.633|3276|0|0|0|2022-04-20 13:54:59.705696+02
786|1650457529.817169|2022-04-20 14:25:29.817169+02|16385|test|17|217823563|0|2261806|1307169606|223333943|218230098|5000709|13|0|0|1|101588992|0|||0|0|28203879.14|2588826.407|4.633|3278|0|0|0|2022-04-20 13:54:59.705696+02
787|1650457530.947640|2022-04-20 14:25:30.94764+02|16385|test|17|217884493|0|2261806|1307535750|223395108|218291262|5000709|13|0|0|1|101588992|0|||0|0|28211912.529|2589625.584|4.633|3279|0|0|0|2022-04-20 13:54:59.705696+02
788|1650457532.013051|2022-04-20 14:25:32.013051+02|16385|test|17|218066116|0|2261806|1308626654|223578287|218473157|5000709|13|0|0|1|101588992|0|||0|0|28235939.235|2592136.981|4.633|3282|0|0|0|2022-04-20 13:54:59.705696+02
789|1650457533.106258|2022-04-20 14:25:33.106258+02|16385|test|17|218191184|0|2261806|1309377658|223703604|218598472|5000709|13|0|0|1|101588992|0|||0|0|28251976.019|2593513.777|4.633|3284|0|0|0|2022-04-20 13:54:59.705696+02
790|1650457534.143217|2022-04-20 14:25:34.143217+02|16385|test|17|218346378|0|2261806|1310309418|223859047|218753913|5000709|13|0|0|1|101588992|0|||0|0|28272025.525|2595367.352|4.633|3286|0|0|0|2022-04-20 13:54:59.705696+02
791|1650457535.186892|2022-04-20 14:25:35.186892+02|16385|test|17|218502156|0|2261806|1311244682|224015074|218909938|5000709|13|0|0|1|101588992|0|||0|0|28292065.397|2597146.674|4.633|3288|0|0|0|2022-04-20 13:54:59.705696+02
792|1650457536.301104|2022-04-20 14:25:36.301104+02|16385|test|17|218624648|0|2261806|1311980230|224137815|219032677|5000709|13|0|0|1|101588992|0|||0|0|28308103.096|2598684.622|4.633|3290|0|0|0|2022-04-20 13:54:59.705696+02
793|1650457537.371735|2022-04-20 14:25:37.371735+02|16385|test|17|218747757|0|2261806|1312719480|224261173|219156033|5000709|13|0|0|1|101588992|0|||0|0|28324127.459|2600121.09|4.633|3292|0|0|0|2022-04-20 13:54:59.705696+02
794|1650457538.451476|2022-04-20 14:25:38.451476+02|16385|test|17|218872830|0|2261806|1313470514|224386495|219281353|5000709|13|0|0|1|101588992|0|||0|0|28340168.802|2601538.781|4.633|3294|0|0|0|2022-04-20 13:54:59.705696+02
795|1650457539.531164|2022-04-20 14:25:39.531164+02|16385|test|17|218997707|0|2261806|1314220372|224511621|219406477|5000709|13|0|0|1|101588992|0|||0|0|28356201.81|2602935.377|4.633|3296|0|0|0|2022-04-20 13:54:59.705696+02
796|1650457540.604586|2022-04-20 14:25:40.604586+02|16385|test|17|219122298|0|2261806|1314968514|224636461|219531315|5000709|13|0|0|1|101588992|0|||0|0|28372228.769|2604371.757|4.633|3298|0|0|0|2022-04-20 13:54:59.705696+02
797|1650457541.719957|2022-04-20 14:25:41.719957+02|16385|test|17|219306554|0|2261806|1316074646|224820966|219715818|5000709|13|0|0|1|101588992|0|||0|0|28396262.925|2606624.023|4.633|3300|0|0|0|2022-04-20 13:54:59.705696+02
798|1650457542.836312|2022-04-20 14:25:42.836312+02|16385|test|17|219427614|0|2261806|1316801602|224942275|219837125|5000709|13|0|0|1|101588992|0|||0|0|28412305.048|2608429.724|4.633|3302|0|0|0|2022-04-20 13:54:59.705696+02
799|1650457543.959648|2022-04-20 14:25:43.959648+02|16385|test|17|219550213|0|2261806|1317537792|225065123|219959971|5000709|13|0|0|1|101588992|0|||0|0|28428346.937|2609996.946|4.633|3304|0|0|0|2022-04-20 13:54:59.705696+02
800|1650457545.032734|2022-04-20 14:25:45.032734+02|16385|test|17|219673541|0|2261806|1318278356|225188700|220083546|5000709|13|0|0|1|101588992|0|||0|0|28444381.05|2611506.279|4.633|3306|0|0|0|2022-04-20 13:54:59.705696+02
801|1650457546.129305|2022-04-20 14:25:46.129305+02|16385|test|17|219797188|0|2261806|1319020834|225312596|220207440|5000709|13|0|0|1|101588992|0|||0|0|28460408.361|2613048.95|4.633|3308|0|0|0|2022-04-20 13:54:59.705696+02
802|1650457547.213894|2022-04-20 14:25:47.213894+02|16385|test|17|219985244|0|2261806|1320149766|225500901|220395743|5000709|13|0|0|1|101588992|0|||0|0|28484440.491|2615110.413|4.633|3310|0|0|0|2022-04-20 13:54:59.705696+02
803|1650457548.315353|2022-04-20 14:25:48.315353+02|16385|test|17|220107554|0|2261806|1320884222|225623460|220518300|5000709|13|0|0|1|101588992|0|||0|0|28500481.583|2616612.642|4.633|3312|0|0|0|2022-04-20 13:54:59.705696+02
804|1650457549.381106|2022-04-20 14:25:49.381106+02|16385|test|17|220231662|0|2261806|1321629466|225747817|220642655|5000709|13|0|0|1|101588992|0|||0|0|28516515.781|2618073.445|4.633|3314|0|0|0|2022-04-20 13:54:59.705696+02
805|1650457550.441074|2022-04-20 14:25:50.441074+02|16385|test|17|220354961|0|2261806|1322369856|225871365|220766201|5000709|13|0|0|1|101588992|0|||0|0|28532538.275|2619470.01|4.633|3316|0|0|0|2022-04-20 13:54:59.705696+02
806|1650457551.527702|2022-04-20 14:25:51.527702+02|16385|test|17|220479917|0|2261806|1323120188|225996570|220891404|5000709|13|0|0|1|101588992|0|||0|0|28548567.853|2620863.466|4.633|3318|0|0|0|2022-04-20 13:54:59.705696+02
807|1650457552.624116|2022-04-20 14:25:52.624116+02|16385|test|17|220602626|0|2261806|1323857038|226119528|221014360|5000709|13|0|0|1|101588992|0|||0|0|28564602.278|2622349|4.633|3320|0|0|0|2022-04-20 13:54:59.705696+02
808|1650457553.729750|2022-04-20 14:25:53.72975+02|16385|test|17|220789396|0|2261806|1324978254|226306547|221201377|5000709|13|0|0|1|101588992|0|||0|0|28588638.468|2624463.256|4.633|3322|0|0|0|2022-04-20 13:54:59.705696+02
809|1650457554.816118|2022-04-20 14:25:54.816118+02|16385|test|17|220912879|0|2261806|1325719748|226430279|221325107|5000709|13|0|0|1|101588992|0|||0|0|28604675.005|2625922.607|4.633|3324|0|0|0|2022-04-20 13:54:59.705696+02
810|1650457555.886749|2022-04-20 14:25:55.886749+02|16385|test|17|221035681|0|2261806|1326457156|226553330|221448156|5000709|13|0|0|1|101588992|0|||0|0|28620704.082|2627331.074|4.633|3326|0|0|0|2022-04-20 13:54:59.705696+02
811|1650457556.922829|2022-04-20 14:25:56.922829+02|16385|test|17|221159958|0|2261806|1327203414|226677856|221572680|5000709|13|0|0|1|101588992|0|||0|0|28636728.855|2628753.442|4.633|3328|0|0|0|2022-04-20 13:54:59.705696+02
812|1650457558.012502|2022-04-20 14:25:58.012502+02|16385|test|17|221283546|0|2261806|1327945538|226801693|221696515|5000709|13|0|0|1|101588992|0|||0|0|28652767.018|2630236.515|4.633|3330|0|0|0|2022-04-20 13:54:59.705696+02
813|1650457559.066780|2022-04-20 14:25:59.06678+02|16385|test|17|221407439|0|2261806|1328689492|226925835|221820655|5000709|13|0|0|1|101588992|0|||0|0|28668795.806|2631623.197|4.633|3332|0|0|0|2022-04-20 13:54:59.705696+02
814|1650457560.120167|2022-04-20 14:26:00.120167+02|16385|test|17|221532169|0|2261806|1329438468|227050814|221945632|5000709|13|0|0|1|101588992|0|||0|0|28684828.97|2633028.051|4.633|3334|0|0|0|2022-04-20 13:54:59.705696+02
815|1650457561.235921|2022-04-20 14:26:01.235921+02|16385|test|17|221718736|0|2261806|1330558466|227237630|222132446|5000709|13|0|0|1|101588992|0|||0|0|28708855.541|2635107.71|4.633|3336|0|0|0|2022-04-20 13:54:59.705696+02
816|1650457562.351193|2022-04-20 14:26:02.351193+02|16385|test|17|221842969|0|2261806|1331304460|227362112|222256926|5000709|13|0|0|1|101588992|0|||0|0|28724892.244|2636501.07|4.633|3338|0|0|0|2022-04-20 13:54:59.705696+02
817|1650457563.404262|2022-04-20 14:26:03.404262+02|16385|test|17|221965701|0|2261806|1332041448|227485093|222379905|5000709|13|0|0|1|101588992|0|||0|0|28740927.922|2638044.305|4.633|3340|0|0|0|2022-04-20 13:54:59.705696+02
818|1650457564.512275|2022-04-20 14:26:04.512275+02|16385|test|17|222089480|0|2261806|1332784718|227609121|222503931|5000709|13|0|0|1|101588992|0|||0|0|28756965.247|2639465.571|4.633|3342|0|0|0|2022-04-20 13:54:59.705696+02
819|1650457565.607192|2022-04-20 14:26:05.607192+02|16385|test|17|222212426|0|2261806|1333522990|227732316|222627124|5000709|13|0|0|1|101588992|0|||0|0|28773013.633|2641055.128|4.633|3344|0|0|0|2022-04-20 13:54:59.705696+02
820|1650457566.693149|2022-04-20 14:26:06.693149+02|16385|test|17|222399894|0|2261806|1334648394|227920033|222814839|5000709|13|0|0|1|101588992|0|||0|0|28797054.684|2643119.061|4.633|3346|0|0|0|2022-04-20 13:54:59.705696+02
821|1650457567.841042|2022-04-20 14:26:07.841042+02|16385|test|17|222521326|0|2261806|1335377582|228041714|222936518|5000709|13|0|0|1|101588992|0|||0|0|28813115.983|2644647.226|4.633|3348|0|0|0|2022-04-20 13:54:59.705696+02
822|1650457568.950806|2022-04-20 14:26:08.950806+02|16385|test|17|222643928|0|2261806|1336113790|228164565|223059367|5000709|13|0|0|1|101588992|0|||0|0|28829140.528|2646197.824|4.633|3350|0|0|0|2022-04-20 13:54:59.705696+02
823|1650457570.023972|2022-04-20 14:26:10.023972+02|16385|test|17|222768658|0|2261806|1336862766|228289544|223184344|5000709|13|0|0|1|101588992|0|||0|0|28845180.82|2647620.428|4.633|3352|0|0|0|2022-04-20 13:54:59.705696+02
824|1650457571.111630|2022-04-20 14:26:11.11163+02|16385|test|1|222939115|0|2261806|1337887667|228460856|223355647|5000709|13|0|0|1|101588992|0|||0|0|28867073.86|2649495.867|4.633|3359|0|0|0|2022-04-20 13:54:59.705696+02
