run|epoch|ts|datid|datname|numbackends|xact_commit|xact_rollback|blks_read|blks_hit|tup_returned|tup_fetched|tup_inserted|tup_updated|tup_deleted|conflicts|temp_files|temp_bytes|deadlocks|checksum_failures|checksum_last_failure|blk_read_time|blk_write_time|session_time|active_time|idle_in_transaction_time|sessions|sessions_abandoned|sessions_fatal|sessions_killed|stats_reset
1|1649675427.032370|2022-04-11 13:10:27.03237+02|16781|test|2|1319299514|0|737443897|7034012562|1562651687|1455441675|235102439|135090989|381|0|2|2007998464|0|||0|0|144222313.644|60272666.893|15212995.352|8951|0|0|0|2022-04-11 11:49:02.863296+02
1|1649675428.057679|2022-04-11 13:10:28.057679+02|16781|test|33|1319355485|0|737476960|7034717348|1562768315|1455557101|235158210|135146760|381|0|2|2007998464|0|||0|0|144254413.739|60294337.787|15219173.09|8986|0|0|0|2022-04-11 11:49:02.863296+02
2|1649675429.083473|2022-04-11 13:10:29.083473+02|16781|test|33|1319414624|0|737511743|7035455597|1562886938|1455675607|235217345|135205895|381|0|2|2007998464|0|||0|0|144286452.828|60315765.309|15225676.456|8988|0|0|0|2022-04-11 11:49:02.863296+02
3|1649675430.110143|2022-04-11 13:10:30.110143+02|16781|test|33|1319474473|0|737547387|7036203396|1563007013|1455795533|235277190|135265740|381|0|2|2007998464|0|||0|0|144318485.767|60337079.918|15232249.761|8990|0|0|0|2022-04-11 11:49:02.863296+02
4|1649675431.136680|2022-04-11 13:10:31.13668+02|16781|test|33|1319535397|0|737583147|7036964811|1563129243|1455917609|235338110|135326660|381|0|2|2007998464|0|||0|0|144350527.9|60358204.404|15238942.69|8992|0|0|0|2022-04-11 11:49:02.863296+02
5|1649675432.163429|2022-04-11 13:10:32.163429+02|16781|test|33|1319595704|0|737618696|7037718211|1563250240|1456038451|235398413|135386963|381|0|2|2007998464|0|||0|0|144382564.965|60379386.247|15245606.253|8994|0|0|0|2022-04-11 11:49:02.863296+02
6|1649675433.189904|2022-04-11 13:10:33.189904+02|16781|test|33|1319655940|0|737654422|7038471556|1563371072|1456159151|235458645|135447195|381|0|2|2007998464|0|||0|0|144414623.439|60400683.808|15252208.916|8996|0|0|0|2022-04-11 11:49:02.863296+02
7|1649675434.216622|2022-04-11 13:10:34.216622+02|16781|test|33|1319716785|0|737690352|7039231605|1563493103|1456281069|235519486|135508036|381|0|2|2007998464|0|||0|0|144446659.738|60421770.305|15258913.602|8998|0|0|0|2022-04-11 11:49:02.863296+02
8|1649675435.242983|2022-04-11 13:10:35.242983+02|16781|test|33|1319776586|0|737725755|7039978980|1563613070|1456400899|235579283|135567833|381|0|2|2007998464|0|||0|0|144478693.438|60443105.475|15265466.181|9000|0|0|0|2022-04-11 11:49:02.863296+02
9|1649675436.269256|2022-04-11 13:10:36.269256+02|16781|test|33|1319838432|0|737762408|7040752146|1563737118|1456524819|235641125|135629675|381|0|2|2007998464|0|||0|0|144510731.794|60464102.71|15272240.502|9002|0|0|0|2022-04-11 11:49:02.863296+02
10|1649675437.296059|2022-04-11 13:10:37.296059+02|16781|test|33|1319900945|0|737799273|7041532300|1563862507|1456650073|235703634|135692184|381|0|2|2007998464|0|||0|0|144542765.58|60484947.365|15279100.282|9004|0|0|0|2022-04-11 11:49:02.863296+02
11|1649675438.322036|2022-04-11 13:10:38.322036+02|16781|test|33|1319960553|0|737834514|7042277468|1563982082|1456769517|235763238|135751788|381|0|2|2007998464|0|||0|0|144574808.326|60506300.214|15285653.798|9006|0|0|0|2022-04-11 11:49:02.863296+02
12|1649675439.348044|2022-04-11 13:10:39.348044+02|16781|test|33|1320023675|0|737871712|7043065490|1564108697|1456895989|235826356|135814906|381|0|2|2007998464|0|||0|0|144606844.512|60527051.896|15292575.652|9008|0|0|0|2022-04-11 11:49:02.863296+02
13|1649675440.373695|2022-04-11 13:10:40.373695+02|16781|test|33|1320081316|0|737905997|7043786219|1564224331|1457011499|235883993|135872543|381|0|2|2007998464|0|||0|0|144638881.867|60548741.285|15298912.506|9010|0|0|0|2022-04-11 11:49:02.863296+02
14|1649675441.399491|2022-04-11 13:10:41.399491+02|16781|test|33|1320146094|0|737944135|7044595746|1564354282|1457141283|235948767|135937317|381|0|2|2007998464|0|||0|0|144670915.26|60569170.959|15306035.227|9012|0|0|0|2022-04-11 11:49:02.863296+02
15|1649675442.425229|2022-04-11 13:10:42.425229+02|16781|test|33|1320210651|0|737982169|7045401907|1564483778|1457270625|236013320|136001870|381|0|2|2007998464|0|||0|0|144702945.928|60589623.154|15313142.589|9014|0|0|0|2022-04-11 11:49:02.863296+02
16|1649675443.451706|2022-04-11 13:10:43.451706+02|16781|test|33|1320275307|0|738020523|7046210808|1564613471|1457400165|236077972|136066522|381|0|2|2007998464|0|||0|0|144734979.316|60610033.304|15320280.326|9016|0|0|0|2022-04-11 11:49:02.863296+02
17|1649675444.477757|2022-04-11 13:10:44.477757+02|16781|test|33|1320340620|0|738059284|7047027515|1564744469|1457531019|236143281|136131831|381|0|2|2007998464|0|||0|0|144767018.679|60630316.595|15327508.814|9018|0|0|0|2022-04-11 11:49:02.863296+02
18|1649675445.503878|2022-04-11 13:10:45.503878+02|16781|test|33|1320405557|0|738097666|7047838225|1564874706|1457661121|236208214|136196764|381|0|2|2007998464|0|||0|0|144799056.727|60650709.694|15334647.396|9020|0|0|0|2022-04-11 11:49:02.863296+02
19|1649675446.530445|2022-04-11 13:10:46.530445+02|16781|test|33|1320471850|0|738136824|7048666992|1565007663|1457793935|236274503|136263053|381|0|2|2007998464|0|||0|0|144831089.615|60670782.939|15342012.265|9022|0|0|0|2022-04-11 11:49:02.863296+02
20|1649675447.557891|2022-04-11 13:10:47.557891+02|16781|test|33|1320550011|0|738183587|7049643847|1565164400|1457950485|236352660|136341210|381|0|2|2007998464|0|||0|0|144869629.391|60695327.026|15350599.796|9024|0|0|0|2022-04-11 11:49:02.863296+02
21|1649675448.584440|2022-04-11 13:10:48.58444+02|16781|test|33|1320634207|0|738232594|7050694739|1565333219|1458119105|236436852|136425402|381|0|2|2007998464|0|||0|0|144911167.698|60721625.888|15359968.773|9026|0|0|0|2022-04-11 11:49:02.863296+02
22|1649675449.610534|2022-04-11 13:10:49.610534+02|16781|test|33|1320699217|0|738270844|7051507701|1565463624|1458249353|236501858|136490408|381|0|2|2007998464|0|||0|0|144943201.685|60742024.791|15367114.123|9028|0|0|0|2022-04-11 11:49:02.863296+02
23|1649675450.636558|2022-04-11 13:10:50.636558+02|16781|test|33|1320766756|0|738310948|7052351623|1565599086|1458384659|236569393|136557943|381|0|2|2007998464|0|||0|0|144975233.044|60761859.206|15374631.111|9030|0|0|0|2022-04-11 11:49:02.863296+02
24|1649675451.662789|2022-04-11 13:10:51.662789+02|16781|test|33|1320830100|0|738348567|7053143389|1565726141|1458511575|236632733|136621283|381|0|2|2007998464|0|||0|0|145007268.806|60782464.307|15381641.612|9032|0|0|0|2022-04-11 11:49:02.863296+02
25|1649675452.690028|2022-04-11 13:10:52.690028+02|16781|test|33|1320898563|0|738388710|7053998508|1565863440|1458648729|236701192|136689742|381|0|2|2007998464|0|||0|0|145039305.382|60802140.134|15389242.991|9034|0|0|0|2022-04-11 11:49:02.863296+02
26|1649675453.716438|2022-04-11 13:10:53.716438+02|16781|test|33|1320966917|0|738429070|7054853009|1566000506|1458785665|236769542|136758092|381|0|2|2007998464|0|||0|0|145071347.317|60821804.882|15396870.856|9036|0|0|0|2022-04-11 11:49:02.863296+02
27|1649675454.743632|2022-04-11 13:10:54.743632+02|16781|test|33|1321035420|0|738469475|7055708894|1566137885|1458922899|236838041|136826591|381|0|2|2007998464|0|||0|0|145103384.89|60841457.19|15404491.148|9038|0|0|0|2022-04-11 11:49:02.863296+02
28|1649675455.771097|2022-04-11 13:10:55.771097+02|16781|test|33|1321103537|0|738509680|7056561067|1566274514|1459059361|236906154|136894704|381|0|2|2007998464|0|||0|0|145135419.767|60861177.775|15412081.46|9040|0|0|0|2022-04-11 11:49:02.863296+02
29|1649675456.797740|2022-04-11 13:10:56.79774+02|16781|test|33|1321171637|0|738550028|7057411521|1566411088|1459195789|236974250|136962800|381|0|2|2007998464|0|||0|0|145167454.89|60880886.553|15419664.41|9042|0|0|0|2022-04-11 11:49:02.863296+02
30|1649675457.823442|2022-04-11 13:10:57.823442+02|16781|test|33|1321239349|0|738590116|7058257864|1566546881|1459331441|237041958|137030508|381|0|2|2007998464|0|||0|0|145199491.466|60900675.501|15427194.521|9044|0|0|0|2022-04-11 11:49:02.863296+02
31|1649675458.850462|2022-04-11 13:10:58.850462+02|16781|test|33|1321309264|0|738631269|7059131598|1566687110|1459471499|237111869|137100419|381|0|2|2007998464|0|||0|0|145231539.955|60920060.844|15434978.375|9046|0|0|0|2022-04-11 11:49:02.863296+02
32|1649675459.877303|2022-04-11 13:10:59.877303+02|16781|test|33|1321375711|0|738670271|7059961614|1566820391|1459604621|237178312|137166862|381|0|2|2007998464|0|||0|0|145263571.631|60940065.263|15442354.285|9048|0|0|0|2022-04-11 11:49:02.863296+02
33|1649675460.904303|2022-04-11 13:11:00.904303+02|16781|test|33|1321443910|0|738710434|7060813998|1566957149|1459741247|237246507|137235057|381|0|2|2007998464|0|||0|0|145295606.478|60959798.059|15449914.277|9050|0|0|0|2022-04-11 11:49:02.863296+02
34|1649675461.931569|2022-04-11 13:11:01.931569+02|16781|test|33|1321514114|0|738752141|7061691475|1567097937|1459881883|237316707|137305257|381|0|2|2007998464|0|||0|0|145327642.815|60979141.495|15457717.28|9052|0|0|0|2022-04-11 11:49:02.863296+02
35|1649675462.958792|2022-04-11 13:11:02.958792+02|16781|test|33|1321580323|0|738791021|7062519160|1567230717|1460014529|237382912|137371462|381|0|2|2007998464|0|||0|0|145359683.454|60999216.261|15465065.431|9054|0|0|0|2022-04-11 11:49:02.863296+02
36|1649675463.986075|2022-04-11 13:11:03.986075+02|16781|test|33|1321651258|0|738832950|7063405806|1567372959|1460156627|237453843|137442393|381|0|2|2007998464|0|||0|0|145391715.921|61018427.578|15472936.722|9056|0|0|0|2022-04-11 11:49:02.863296+02
37|1649675465.012488|2022-04-11 13:11:05.012488+02|16781|test|33|1321722022|0|738874857|7064291197|1567514889|1460298383|237524603|137513153|381|0|2|2007998464|0|||0|0|145423752.36|61037640.821|15480818.064|9058|0|0|0|2022-04-11 11:49:02.863296+02
38|1649675466.039031|2022-04-11 13:11:06.039031+02|16781|test|33|1321793075|0|738916793|7065178685|1567657396|1460440717|237595652|137584202|381|0|2|2007998464|0|||0|0|145455786.866|61056706.608|15488789.42|9060|0|0|0|2022-04-11 11:49:02.863296+02
39|1649675467.065683|2022-04-11 13:11:07.065683+02|16781|test|33|1321875822|0|738965584|7066212843|1567823299|1460606439|237678395|137666945|381|0|2|2007998464|0|||0|0|145492823.154|61078803.933|15497968.641|9062|0|0|0|2022-04-11 11:49:02.863296+02
40|1649675468.092252|2022-04-11 13:11:08.092252+02|16781|test|33|1321971249|0|739022051|7067405071|1568014582|1460797521|237773818|137762368|381|0|2|2007998464|0|||0|0|145535861.829|61104454.362|15508652.531|9064|0|0|0|2022-04-11 11:49:02.863296+02
41|1649675469.118850|2022-04-11 13:11:09.11885+02|16781|test|33|1322039824|0|739062868|7068263032|1568152101|1460934899|237842389|137830939|381|0|2|2007998464|0|||0|0|145567915.581|61124030.306|15516327.243|9066|0|0|0|2022-04-11 11:49:02.863296+02
42|1649675470.145605|2022-04-11 13:11:10.145605+02|16781|test|33|1322112409|0|739105585|7069169915|1568297655|1461080297|237914970|137903520|381|0|2|2007998464|0|||0|0|145599947.86|61142920.526|15524403.792|9068|0|0|0|2022-04-11 11:49:02.863296+02
43|1649675471.172504|2022-04-11 13:11:11.172504+02|16781|test|33|1322183371|0|739147784|7070057418|1568439950|1461222449|237985928|137974478|381|0|2|2007998464|0|||0|0|145631982.523|61162100.577|15532290.744|9070|0|0|0|2022-04-11 11:49:02.863296+02
44|1649675472.200045|2022-04-11 13:11:12.200045+02|16781|test|33|1322255435|0|739190178|7070958292|1568584493|1461366805|238057988|138046538|381|0|2|2007998464|0|||0|0|145664018.571|61181046.232|15540334.995|9072|0|0|0|2022-04-11 11:49:02.863296+02
45|1649675473.225968|2022-04-11 13:11:13.225968+02|16781|test|33|1322326979|0|739232250|7071853662|1568727976|1461510121|238129528|138118078|381|0|2|2007998464|0|||0|0|145696050.874|61200131.036|15548279.447|9074|0|0|0|2022-04-11 11:49:02.863296+02
46|1649675474.252584|2022-04-11 13:11:14.252584+02|16781|test|33|1322397774|0|739274019|7072738301|1568869958|1461651939|238200319|138188869|381|0|2|2007998464|0|||0|0|145728085.154|61219331.239|15556141.72|9076|0|0|0|2022-04-11 11:49:02.863296+02
47|1649675475.279455|2022-04-11 13:11:15.279455+02|16781|test|33|1322470934|0|739317359|7073653104|1569016656|1461798487|238273475|138262025|381|0|2|2007998464|0|||0|0|145760119.344|61238094.667|15564288.93|9078|0|0|0|2022-04-11 11:49:02.863296+02
48|1649675476.306558|2022-04-11 13:11:16.306558+02|16781|test|33|1322543749|0|739360337|7074563500|1569162660|1461944345|238346286|138334836|381|0|2|2007998464|0|||0|0|145792151.149|61256867.633|15572432.583|9080|0|0|0|2022-04-11 11:49:02.863296+02
49|1649675477.333465|2022-04-11 13:11:17.333465+02|16781|test|33|1322617748|0|739404382|7075489225|1569311049|1462092571|238420281|138408831|381|0|2|2007998464|0|||0|0|145824185.835|61275423.002|15580694.503|9082|0|0|0|2022-04-11 11:49:02.863296+02
50|1649675478.359937|2022-04-11 13:11:18.359937+02|16781|test|33|1322688820|0|739446289|7076377562|1569453580|1462234943|238491349|138479899|381|0|2|2007998464|0|||0|0|145856216.865|61294679.893|15588509.247|9084|0|0|0|2022-04-11 11:49:02.863296+02
51|1649675479.386949|2022-04-11 13:11:19.386949+02|16781|test|33|1322758760|0|739487586|7077251556|1569593849|1462375051|238561285|138549835|381|0|2|2007998464|0|||0|0|145888249.938|61314006.336|15596291.313|9086|0|0|0|2022-04-11 11:49:02.863296+02
52|1649675480.413446|2022-04-11 13:11:20.413446+02|16781|test|33|1322829186|0|739528989|7078132218|1569735086|1462516131|238631707|138620257|381|0|2|2007998464|0|||0|0|145920282.089|61333363.588|15604039.345|9088|0|0|0|2022-04-11 11:49:02.863296+02
53|1649675481.439805|2022-04-11 13:11:21.439805+02|16781|test|33|1322903789|0|739572683|7079064508|1569884705|1462665565|238706306|138694856|381|0|2|2007998464|0|||0|0|145952314.995|61351830.03|15612337.749|9090|0|0|0|2022-04-11 11:49:02.863296+02
54|1649675482.466830|2022-04-11 13:11:22.46683+02|16781|test|33|1322978232|0|739616488|7079995734|1570033971|1462814679|238780745|138769295|381|0|2|2007998464|0|||0|0|145984348.54|61370337.508|15620628.471|9092|0|0|0|2022-04-11 11:49:02.863296+02
55|1649675483.494375|2022-04-11 13:11:23.494375+02|16781|test|33|1323052827|0|739660382|7080928676|1570183563|1462964097|238855336|138843886|381|0|2|2007998464|0|||0|0|146016380.595|61388808.983|15628933.898|9094|0|0|0|2022-04-11 11:49:02.863296+02
56|1649675484.520873|2022-04-11 13:11:24.520873+02|16781|test|34|1323126230|0|739703676|7081846934|1570330741|1463111119|238928736|138917286|381|0|2|2007998464|0|||0|0|146048414.028|61407524.53|15637096.565|9095|0|0|0|2022-04-11 11:49:02.863296+02
57|1649675485.536825|2022-04-11 13:11:25.536825+02|16781|test|33|1323201622|0|739748153|7082789755|1570483187|1463262153|239004121|138992671|381|0|2|2007998464|0|||0|0|146080438.366|61425862.821|15645464.936|9098|0|0|0|2022-04-11 11:49:02.863296+02
58|1649675486.563569|2022-04-11 13:11:26.563569+02|16781|test|33|1323276006|0|739792203|7083720267|1570632338|1463411149|239078501|139067051|381|0|2|2007998464|0|||0|0|146112468.722|61444372.133|15653738.904|9100|0|0|0|2022-04-11 11:49:02.863296+02
59|1649675487.590793|2022-04-11 13:11:27.590793+02|16781|test|33|1323384554|0|739856319|7085077399|1570849874|1463628473|239187045|139175595|381|0|2|2007998464|0|||0|0|146160509.018|61472705.016|15665793.671|9102|0|0|0|2022-04-11 11:49:02.863296+02
60|1649675488.617761|2022-04-11 13:11:28.617761+02|16781|test|33|1323458568|0|739900169|7086002831|1570998289|1463776729|239261055|139249605|381|0|2|2007998464|0|||0|0|146192544.171|61491361.377|15673969.513|9104|0|0|0|2022-04-11 11:49:02.863296+02
61|1649675489.644945|2022-04-11 13:11:29.644945+02|16781|test|33|1323534064|0|739944555|7086946971|1571149674|1463927949|239336547|139325097|381|0|2|2007998464|0|||0|0|146224577.45|61509574.34|15682433.516|9106|0|0|0|2022-04-11 11:49:02.863296+02
62|1649675490.671925|2022-04-11 13:11:30.671925+02|16781|test|33|1323607961|0|739987913|7087871852|1571297853|1464075971|239410440|139398990|381|0|2|2007998464|0|||0|0|146256611.299|61528135.566|15690685.702|9108|0|0|0|2022-04-11 11:49:02.863296+02
63|1649675491.699388|2022-04-11 13:11:31.699388+02|16781|test|33|1323680243|0|740030564|7088775999|1571442810|1464220763|239482718|139471268|381|0|2|2007998464|0|||0|0|146288648.423|61547073.931|15698683.558|9110|0|0|0|2022-04-11 11:49:02.863296+02
64|1649675492.726565|2022-04-11 13:11:32.726565+02|16781|test|33|1323756089|0|740075232|7089725613|1571594889|1464372683|239558560|139547110|381|0|2|2007998464|0|||0|0|146320683.019|61565236.413|15707179.552|9112|0|0|0|2022-04-11 11:49:02.863296+02
65|1649675493.753781|2022-04-11 13:11:33.753781+02|16781|test|33|1323832156|0|740120087|7090677388|1571747415|1464525045|239634623|139623173|381|0|2|2007998464|0|||0|0|146352716.278|61583367.815|15715681.878|9114|0|0|0|2022-04-11 11:49:02.863296+02
66|1649675494.780727|2022-04-11 13:11:34.780727+02|16781|test|33|1323907955|0|740165002|7091625296|1571899411|1464676871|239710418|139698968|381|0|2|2007998464|0|||0|0|146384749.426|61601485.404|15724195.635|9116|0|0|0|2022-04-11 11:49:02.863296+02
67|1649675495.807390|2022-04-11 13:11:35.80739+02|16781|test|33|1323982079|0|740208973|7092551814|1572048075|1464825347|239784538|139773088|381|0|2|2007998464|0|||0|0|146416785.688|61620060.611|15732428.394|9118|0|0|0|2022-04-11 11:49:02.863296+02
68|1649675496.834538|2022-04-11 13:11:36.834538+02|16781|test|33|1324054017|0|740251242|7093450215|1572192330|1464969451|239856472|139845022|381|0|2|2007998464|0|||0|0|146448817.331|61638936.57|15740471.472|9120|0|0|0|2022-04-11 11:49:02.863296+02
69|1649675497.861357|2022-04-11 13:11:37.861357+02|16781|test|33|1324128424|0|740295351|7094381159|1572341519|1465118493|239930875|139919425|381|0|2|2007998464|0|||0|0|146480852.506|61657391.897|15748777.536|9122|0|0|0|2022-04-11 11:49:02.863296+02
70|1649675498.887320|2022-04-11 13:11:38.88732+02|16781|test|33|1324201201|0|740338429|7095291386|1572487440|1465264275|240003648|139992198|381|0|2|2007998464|0|||0|0|146512883.004|61676250.957|15756824.639|9124|0|0|0|2022-04-11 11:49:02.863296+02
71|1649675499.914501|2022-04-11 13:11:39.914501+02|16781|test|33|1324276892|0|740383316|7096237752|1572639211|1465415885|240079335|140067885|381|0|2|2007998464|0|||0|0|146544915.728|61694430.515|15765287.97|9126|0|0|0|2022-04-11 11:49:02.863296+02
72|1649675500.941302|2022-04-11 13:11:40.941302+02|16781|test|33|1324352039|0|740427537|7097178198|1572789868|1465566407|240154478|140143028|381|0|2|2007998464|0|||0|0|146576949.146|61712705.983|15773722.833|9128|0|0|0|2022-04-11 11:49:02.863296+02
73|1649675501.968551|2022-04-11 13:11:41.968551+02|16781|test|33|1324428457|0|740473052|7098133455|1572943100|1465719471|240230892|140219442|381|0|2|2007998464|0|||0|0|146608981.564|61730772.467|15782262.376|9130|0|0|0|2022-04-11 11:49:02.863296+02
74|1649675502.996037|2022-04-11 13:11:42.996037+02|16781|test|33|1324504940|0|740517977|7099088948|1573096447|1465872665|240307371|140295921|381|0|2|2007998464|0|||0|0|146641013.325|61748789.96|15790833.86|9132|0|0|0|2022-04-11 11:49:02.863296+02
75|1649675504.023597|2022-04-11 13:11:44.023597+02|16781|test|33|1324580578|0|740562737|7100034690|1573248104|1466024169|240383005|140371555|381|0|2|2007998464|0|||0|0|146673047.38|61766986.58|15799288.643|9134|0|0|0|2022-04-11 11:49:02.863296+02
76|1649675505.050447|2022-04-11 13:11:45.050447+02|16781|test|33|1324654241|0|740606118|7100955912|1573395826|1466171723|240456664|140445214|381|0|2|2007998464|0|||0|0|146705080.224|61785531.889|15807544.44|9136|0|0|0|2022-04-11 11:49:02.863296+02
77|1649675506.077492|2022-04-11 13:11:46.077492+02|16781|test|33|1324730759|0|740651507|7101912532|1573549243|1466324987|240533178|140521728|381|0|2|2007998464|0|||0|0|146737615.732|61804108.282|15816068.828|9138|0|0|0|2022-04-11 11:49:02.863296+02
78|1649675507.104601|2022-04-11 13:11:47.104601+02|16781|test|33|1324843826|0|740718493|7103324946|1573775852|1466551349|240646241|140634791|381|0|2|2007998464|0|||0|0|146785157.171|61830901.622|15828768.126|9140|0|0|0|2022-04-11 11:49:02.863296+02
79|1649675508.131357|2022-04-11 13:11:48.131357+02|16781|test|33|1324919076|0|740762840|7104265344|1573926738|1466702077|240721487|140710037|381|0|2|2007998464|0|||0|0|146817190.785|61849195.842|15837159.412|9142|0|0|0|2022-04-11 11:49:02.863296+02
80|1649675509.158501|2022-04-11 13:11:49.158501+02|16781|test|33|1324995899|0|740808167|7105226361|1574080779|1466855951|240798306|140786856|381|0|2|2007998464|0|||0|0|146849223.248|61867138.867|15845769.03|9144|0|0|0|2022-04-11 11:49:02.863296+02
81|1649675510.187698|2022-04-11 13:11:50.187698+02|16781|test|33|1325069150|0|740851286|7106141777|1574227649|1467002681|240871553|140860103|381|0|2|2007998464|0|||0|0|146881256.664|61885862.211|15853898.743|9146|0|0|0|2022-04-11 11:49:02.863296+02
82|1649675511.214885|2022-04-11 13:11:51.214885+02|16781|test|33|1325146046|0|740896682|7107103163|1574381841|1467156701|240948445|140936995|381|0|2|2007998464|0|||0|0|146913286.779|61903752.044|15862542.436|9148|0|0|0|2022-04-11 11:49:02.863296+02
83|1649675512.242003|2022-04-11 13:11:52.242003+02|16781|test|33|1325223163|0|740942673|7108067100|1574536459|1467311163|241025558|141014108|381|0|2|2007998464|0|||0|0|146945319.469|61921633.639|15871189.526|9150|0|0|0|2022-04-11 11:49:02.863296+02
84|1649675513.269411|2022-04-11 13:11:53.269411+02|16781|test|33|1325298706|0|740987197|7109011245|1574687911|1467462477|241101097|141089647|381|0|2|2007998464|0|||0|0|146977354.443|61939813.584|15879663.84|9152|0|0|0|2022-04-11 11:49:02.863296+02
85|1649675514.294629|2022-04-11 13:11:54.294629+02|16781|test|33|1325374478|0|741031865|7109959305|1574839840|1467614249|241176865|141165415|381|0|2|2007998464|0|||0|0|147009385.85|61957986.058|15888133.982|9154|0|0|0|2022-04-11 11:49:02.863296+02
86|1649675515.321096|2022-04-11 13:11:55.321096+02|16781|test|33|1325445710|0|741073691|7110850014|1574982691|1467756941|241248093|141236643|381|0|2|2007998464|0|||0|0|147041418.044|61976977.477|15896097.874|9156|0|0|0|2022-04-11 11:49:02.863296+02
87|1649675516.348220|2022-04-11 13:11:56.34822+02|16781|test|33|1325520724|0|741117929|7111788438|1575133109|1467907197|241323103|141311653|381|0|2|2007998464|0|||0|0|147073449.267|61995347.602|15904432.9|9158|0|0|0|2022-04-11 11:49:02.863296+02
88|1649675517.375050|2022-04-11 13:11:57.37505+02|16781|test|33|1325597555|0|741163450|7112748797|1575287156|1468061087|241399930|141388480|381|0|2|2007998464|0|||0|0|147105481.51|62013336.184|15913013.157|9160|0|0|0|2022-04-11 11:49:02.863296+02
89|1649675518.401849|2022-04-11 13:11:58.401849+02|16781|test|33|1325674376|0|741208891|7113708286|1575441200|1468214957|241476747|141465297|381|0|2|2007998464|0|||0|0|147137515.061|62031301.102|15921610.964|9162|0|0|0|2022-04-11 11:49:02.863296+02
90|1649675519.428114|2022-04-11 13:11:59.428114+02|16781|test|33|1325751342|0|741254334|7114670437|1575595505|1468369117|241553709|141542259|381|0|2|2007998464|0|||0|0|147169548.616|62049214.201|15930236.926|9164|0|0|0|2022-04-11 11:49:02.863296+02
91|1649675520.454899|2022-04-11 13:12:00.454899+02|16781|test|33|1325828550|0|741299923|7115637034|1575750327|1468523761|241630913|141619463|381|0|2|2007998464|0|||0|0|147201580.72|62067089.035|15938882.041|9166|0|0|0|2022-04-11 11:49:02.863296+02
92|1649675521.482409|2022-04-11 13:12:01.482409+02|16781|test|33|1325904515|0|741344682|7116586185|1575902650|1468675919|241706874|141695424|381|0|2|2007998464|0|||0|0|147233614.416|62085279.41|15947328.855|9168|0|0|0|2022-04-11 11:49:02.863296+02
93|1649675522.510139|2022-04-11 13:12:02.510139+02|16781|test|33|1325979430|0|741389050|7117523647|1576052877|1468825977|241781785|141770335|381|0|2|2007998464|0|||0|0|147265650.218|62103541.137|15955727.112|9170|0|0|0|2022-04-11 11:49:02.863296+02
94|1649675523.537052|2022-04-11 13:12:03.537052+02|16781|test|33|1326056315|0|741434499|7118485439|1576207061|1468979975|241858666|141847216|381|0|2|2007998464|0|||0|0|147297684.768|62121501.095|15964321.663|9172|0|0|0|2022-04-11 11:49:02.863296+02
95|1649675524.563334|2022-04-11 13:12:04.563334+02|16781|test|33|1326132701|0|741479515|7119440790|1576360246|1469132975|241935048|141923598|381|0|2|2007998464|0|||0|0|147329715.639|62139535.324|15972871.314|9174|0|0|0|2022-04-11 11:49:02.863296+02
96|1649675525.589193|2022-04-11 13:12:05.589193+02|16781|test|33|1326219534|0|741530752|7120525964|1576534336|1469306869|242021877|142010427|381|0|2|2007998464|0|||0|0|147365751.075|62159636.522|15982612.171|9176|0|0|0|2022-04-11 11:49:02.863296+02
97|1649675526.616094|2022-04-11 13:12:06.616094+02|16781|test|33|1326323476|0|741592326|7121826528|1576742669|1469514981|242125815|142114365|381|0|2|2007998464|0|||0|0|147409791.553|62184624.322|15994273.121|9178|0|0|0|2022-04-11 11:49:02.863296+02
98|1649675527.642789|2022-04-11 13:12:07.642789+02|16781|test|33|1326399414|0|741637008|7122775915|1576894937|1469667085|242201749|142190299|381|0|2|2007998464|0|||0|0|147441825.96|62202713.82|16002784.293|9180|0|0|0|2022-04-11 11:49:02.863296+02
99|1649675528.670012|2022-04-11 13:12:08.670012+02|16781|test|33|1326477224|0|741682844|7123749012|1577050951|1469822933|242279555|142268105|381|0|2|2007998464|0|||0|0|147473859.931|62220410.515|16011540.007|9182|0|0|0|2022-04-11 11:49:02.863296+02
100|1649675529.697210|2022-04-11 13:12:09.69721+02|16781|test|33|1326554949|0|741728841|7124721050|1577206783|1469978611|242357276|142345826|381|0|2|2007998464|0|||0|0|147505892.959|62238161.277|16020260.189|9184|0|0|0|2022-04-11 11:49:02.863296+02
101|1649675530.724021|2022-04-11 13:12:10.724021+02|16781|test|33|1326631792|0|741774129|7125682299|1577360863|1470132525|242434115|142422665|381|0|2|2007998464|0|||0|0|147537926.351|62256095.044|16028874.371|9186|0|0|0|2022-04-11 11:49:02.863296+02
102|1649675531.750140|2022-04-11 13:12:11.75014+02|16781|test|33|1326708757|0|741819356|7126644680|1577515189|1470286683|242511076|142499626|381|0|2|2007998464|0|||0|0|147569960.58|62273934.505|16037554.255|9188|0|0|0|2022-04-11 11:49:02.863296+02
103|1649675532.777274|2022-04-11 13:12:12.777274+02|16781|test|33|1326779023|0|741860844|7127523695|1577656112|1470427443|242581338|142569888|381|0|2|2007998464|0|||0|0|147601996.707|62293160.955|16045367.594|9190|0|0|0|2022-04-11 11:49:02.863296+02
104|1649675533.803976|2022-04-11 13:12:13.803976+02|16781|test|33|1326856906|0|741906758|7128496956|1577812259|1470583437|242659217|142647767|381|0|2|2007998464|0|||0|0|147634030.045|62310913.704|16054072.224|9192|0|0|0|2022-04-11 11:49:02.863296+02
105|1649675534.830934|2022-04-11 13:12:14.830934+02|16781|test|33|1326934325|0|741952445|7129465551|1577967476|1470738503|242736632|142725182|381|0|2|2007998464|0|||0|0|147666061.335|62328777.32|16062717.973|9194|0|0|0|2022-04-11 11:49:02.863296+02
106|1649675535.857914|2022-04-11 13:12:15.857914+02|16781|test|33|1327012451|0|741998473|7130442956|1578124115|1470894983|242814754|142803304|381|0|2|2007998464|0|||0|0|147698095.727|62346406.32|16071521.833|9196|0|0|0|2022-04-11 11:49:02.863296+02
107|1649675536.884738|2022-04-11 13:12:16.884738+02|16781|test|33|1327090367|0|742044396|7131418289|1578280336|1471051043|242892666|142881216|381|0|2|2007998464|0|||0|0|147730130.103|62364056.457|16080311.335|9198|0|0|0|2022-04-11 11:49:02.863296+02
108|1649675537.911883|2022-04-11 13:12:17.911883+02|16781|test|33|1327168124|0|742090255|7132390158|1578436244|1471206785|242970419|142958969|381|0|2|2007998464|0|||0|0|147762162.059|62381717.676|16089087.865|9200|0|0|0|2022-04-11 11:49:02.863296+02
109|1649675538.938523|2022-04-11 13:12:18.938523+02|16781|test|33|1327244318|0|742135385|7133343462|1578589022|1471359401|243046609|143035159|381|0|2|2007998464|0|||0|0|147794195.292|62399811.042|16097598.922|9202|0|0|0|2022-04-11 11:49:02.863296+02
110|1649675539.965182|2022-04-11 13:12:19.965182+02|16781|test|33|1327317735|0|742178843|7134261566|1578736252|1471506463|243120022|143108572|381|0|2|2007998464|0|||0|0|147826227.272|62418486.875|16105750.877|9204|0|0|0|2022-04-11 11:49:02.863296+02
111|1649675540.992621|2022-04-11 13:12:20.992621+02|16781|test|33|1327396062|0|742224983|7135240886|1578893273|1471663345|243198345|143186895|381|0|2|2007998464|0|||0|0|147858261.158|62436076.656|16114566.936|9206|0|0|0|2022-04-11 11:49:02.863296+02
112|1649675542.019289|2022-04-11 13:12:22.019289+02|16781|test|33|1327473139|0|742270800|7136204796|1579047834|1471817727|243275418|143263968|381|0|2|2007998464|0|||0|0|147890294.129|62453874.193|16123260.922|9208|0|0|0|2022-04-11 11:49:02.863296+02
113|1649675543.046273|2022-04-11 13:12:23.046273+02|16781|test|33|1327549820|0|742316161|7137163791|1579201583|1471971317|243352095|143340645|381|0|2|2007998464|0|||0|0|147922328.428|62471772.883|16131910.559|9210|0|0|0|2022-04-11 11:49:02.863296+02
114|1649675544.073967|2022-04-11 13:12:24.073967+02|16781|test|33|1327626374|0|742361236|7138121708|1579355075|1472124653|243428645|143417195|381|0|2|2007998464|0|||0|0|147954362.501|62489693.662|16140546.765|9212|0|0|0|2022-04-11 11:49:02.863296+02
115|1649675545.101211|2022-04-11 13:12:25.101211+02|16781|test|34|1327713979|0|742413169|7139218066|1579530763|1472300091|243516246|143504796|381|0|2|2007998464|0|||0|0|147990896.702|62510095.19|16150403.024|9214|0|0|0|2022-04-11 11:49:02.863296+02
116|1649675546.128825|2022-04-11 13:12:26.128825+02|16781|test|34|1327817789|0|742475172|7140527247|1579740076|1472507939|243620052|143608602|381|0|2|2007998464|0|||0|0|148034435.658|62534001.215|16162469.678|9216|0|0|0|2022-04-11 11:49:02.863296+02
117|1649675547.155282|2022-04-11 13:12:27.155282+02|16781|test|34|1327893077|0|742521054|7141486855|1579893212|1472658743|243695336|143683886|381|0|2|2007998464|0|||0|0|148066468.475|62551861.833|16171160.008|9218|0|0|0|2022-04-11 11:49:02.863296+02
118|1649675548.182478|2022-04-11 13:12:28.182478+02|16781|test|34|1327968504|0|742567350|7142458227|1580047766|1472809825|243770759|143759309|381|0|2|2007998464|0|||0|0|148098502.122|62569617.692|16179903.909|9220|0|0|0|2022-04-11 11:49:02.863296+02
119|1649675549.209363|2022-04-11 13:12:29.209363+02|16781|test|34|1328038134|0|742611038|7143363796|1580191380|1472949313|243840385|143828935|381|0|2|2007998464|0|||0|0|148130537.928|62588613.089|16187882.253|9222|0|0|0|2022-04-11 11:49:02.863296+02
120|1649675550.236161|2022-04-11 13:12:30.236161+02|16781|test|34|1328111905|0|742657962|7144330452|1580344430|1473097083|243914152|143902702|381|0|2|2007998464|0|||0|0|148162569.474|62606989.93|16196233.369|9224|0|0|0|2022-04-11 11:49:02.863296+02
121|1649675551.263375|2022-04-11 13:12:31.263375+02|16781|test|34|1328187883|0|742706905|7145335925|1580503200|1473249267|243990126|143978676|381|0|2|2007998464|0|||0|0|148194601.872|62624880.718|16204876.72|9226|0|0|0|2022-04-11 11:49:02.863296+02
122|1649675552.289641|2022-04-11 13:12:32.289641+02|16781|test|34|1328263820|0|742756179|7146349790|1580662899|1473401369|244066059|144054609|381|0|2|2007998464|0|||0|0|148226633.864|62642706.442|16213567.884|9228|0|0|0|2022-04-11 11:49:02.863296+02
123|1649675553.316744|2022-04-11 13:12:33.316744+02|16781|test|34|1328339862|0|742806455|7147374119|1580823800|1473553681|244142097|144130647|381|0|2|2007998464|0|||0|0|148258668.124|62660580.593|16222233.364|9230|0|0|0|2022-04-11 11:49:02.863296+02
124|1649675554.343419|2022-04-11 13:12:34.343419+02|16781|test|34|1328414599|0|742856639|7148389930|1580983135|1473703383|244216830|144205380|381|0|2|2007998464|0|||0|0|148290701.23|62678700.651|16230737.029|9232|0|0|0|2022-04-11 11:49:02.863296+02
125|1649675555.370248|2022-04-11 13:12:35.370248+02|16781|test|34|1328482532|0|742902481|7149318978|1581128680|1473839477|244284759|144273309|381|0|2|2007998464|0|||0|0|148322772.921|62698056.308|16238529.534|9234|0|0|0|2022-04-11 11:49:02.863296+02
126|1649675556.397808|2022-04-11 13:12:36.397808+02|16781|test|33|1328557938|0|743247223|7150349325|1581291034|1473991078|244360183|144348713|407|0|2|2007998464|0|||0|0|148354806.62|62715860.023|16247259.384|9236|0|0|0|2022-04-11 11:49:02.863296+02
127|1649675557.424498|2022-04-11 13:12:37.424498+02|16781|test|33|1328636086|0|743293616|7151331013|1581448367|1474147602|244438327|144426857|407|0|2|2007998464|0|||0|0|148386846.311|62733527.712|16256042.003|9238|0|0|0|2022-04-11 11:49:02.863296+02
128|1649675558.451495|2022-04-11 13:12:38.451495+02|16781|test|33|1328713515|0|743339782|7152304005|1581604304|1474302688|244515752|144504282|407|0|2|2007998464|0|||0|0|148418878.804|62751409.751|16264676.266|9240|0|0|0|2022-04-11 11:49:02.863296+02
129|1649675559.479037|2022-04-11 13:12:39.479037+02|16781|test|33|1328791758|0|743386318|7153288127|1581761841|1474459402|244593991|144582521|407|0|2|2007998464|0|||0|0|148450911.926|62768989.863|16273509.501|9242|0|0|0|2022-04-11 11:49:02.863296+02
130|1649675560.506907|2022-04-11 13:12:40.506907+02|16781|test|33|1328870150|0|743433015|7154273876|1581919679|1474616414|244672379|144660909|407|0|2|2007998464|0|||0|0|148482948.587|62786504.899|16282375.826|9244|0|0|0|2022-04-11 11:49:02.863296+02
131|1649675561.534399|2022-04-11 13:12:41.534399+02|16781|test|33|1328946942|0|743478638|7155240153|1582074284|1474770226|244749167|144737697|407|0|2|2007998464|0|||0|0|148514981.851|62804370.324|16291028.266|9246|0|0|0|2022-04-11 11:49:02.863296+02
132|1649675562.561651|2022-04-11 13:12:42.561651+02|16781|test|33|1329024214|0|743524550|7156211624|1582229850|1474924998|244826435|144814965|407|0|2|2007998464|0|||0|0|148547012.789|62822157.682|16299732.758|9248|0|0|0|2022-04-11 11:49:02.863296+02
133|1649675563.588417|2022-04-11 13:12:43.588417+02|16781|test|33|1329099203|0|743568946|7157153173|1582380772|1475075204|244901420|144889950|407|0|2|2007998464|0|||0|0|148579048.905|62840369.519|16308170.631|9250|0|0|0|2022-04-11 11:49:02.863296+02
134|1649675564.615026|2022-04-11 13:12:44.615026+02|16781|test|33|1329195334|0|743626075|7158361419|1582574231|1475267694|244997547|144986077|407|0|2|2007998464|0|||0|0|148618586.577|62862260.414|16318934.866|9252|0|0|0|2022-04-11 11:49:02.863296+02
135|1649675565.641602|2022-04-11 13:12:45.641602+02|16781|test|33|1329291661|0|743683242|7159571874|1582768064|1475460576|245093870|145082400|407|0|2|2007998464|0|||0|0|148659124.583|62885037.578|16329800.769|9254|0|0|0|2022-04-11 11:49:02.863296+02
136|1649675566.669050|2022-04-11 13:12:46.66905+02|16781|test|33|1329369451|0|743729729|7160549654|1582924591|1475616384|245171656|145160186|407|0|2|2007998464|0|||0|0|148691156.68|62902726.39|16338543.112|9256|0|0|0|2022-04-11 11:49:02.863296+02
137|1649675567.696156|2022-04-11 13:12:47.696156+02|16781|test|33|1329447722|0|743776517|7161533725|1583082096|1475773154|245249923|145238453|407|0|2|2007998464|0|||0|0|148723187.329|62920261.682|16347409.523|9258|0|0|0|2022-04-11 11:49:02.863296+02
138|1649675568.723341|2022-04-11 13:12:48.723341+02|16781|test|33|1329526141|0|743823609|7162519093|1583239916|1475930220|245328338|145316868|407|0|2|2007998464|0|||0|0|148755221.532|62937853.309|16356231.268|9260|0|0|0|2022-04-11 11:49:02.863296+02
139|1649675569.749823|2022-04-11 13:12:49.749823+02|16781|test|33|1329603674|0|743869456|7163492622|1583395906|1476085514|245405867|145394397|407|0|2|2007998464|0|||0|0|148787253.42|62955540.42|16365006.089|9262|0|0|0|2022-04-11 11:49:02.863296+02
140|1649675570.776938|2022-04-11 13:12:50.776938+02|16781|test|33|1329679823|0|743914937|7164450337|1583549159|1476238040|245482012|145470542|407|0|2|2007998464|0|||0|0|148819349.633|62973582.773|16373584.381|9264|0|0|0|2022-04-11 11:49:02.863296+02
141|1649675571.804129|2022-04-11 13:12:51.804129+02|16781|test|33|1329753424|0|743958547|7165374585|1583697266|1476385470|245555609|145544139|407|0|2|2007998464|0|||0|0|148851384.3|62992140.703|16381808.801|9266|0|0|0|2022-04-11 11:49:02.863296+02
142|1649675572.831700|2022-04-11 13:12:52.8317+02|16781|test|33|1329831967|0|744005444|7166361544|1583855351|1476542784|245634148|145622678|407|0|2|2007998464|0|||0|0|148883418.267|63009705.347|16390639.604|9268|0|0|0|2022-04-11 11:49:02.863296+02
143|1649675573.858467|2022-04-11 13:12:53.858467+02|16781|test|33|1329910784|0|744052240|7167351063|1584013903|1476700646|245712961|145701491|407|0|2|2007998464|0|||0|0|148915450.546|63027187.24|16399524.98|9270|0|0|0|2022-04-11 11:49:02.863296+02
144|1649675574.885487|2022-04-11 13:12:54.885487+02|16781|test|33|1329988414|0|744098196|7168325740|1584170061|1476856134|245790587|145779117|407|0|2|2007998464|0|||0|0|148947482.497|63044971.85|16408230.293|9272|0|0|0|2022-04-11 11:49:02.863296+02
145|1649675575.912352|2022-04-11 13:12:55.912352+02|16781|test|33|1330067016|0|744145131|7169312986|1584328180|1477013566|245869185|145857715|407|0|2|2007998464|0|||0|0|148979515.009|63062409.76|16417145.559|9274|0|0|0|2022-04-11 11:49:02.863296+02
146|1649675576.939432|2022-04-11 13:12:56.939432+02|16781|test|33|1330144548|0|744191172|7170287228|1584484180|1477168858|245946713|145935243|407|0|2|2007998464|0|||0|0|149011550.425|63080048.886|16425929.7|9276|0|0|0|2022-04-11 11:49:02.863296+02
147|1649675577.966355|2022-04-11 13:12:57.966355+02|16781|test|33|1330221968|0|744237276|7171260432|1584639977|1477323926|246024129|146012659|407|0|2|2007998464|0|||0|0|149043585.523|63097754.096|16434683.752|9278|0|0|0|2022-04-11 11:49:02.863296+02
148|1649675578.993801|2022-04-11 13:12:58.993801+02|16781|test|33|1330297630|0|744281756|7172209572|1584792189|1477475478|246099787|146088317|407|0|2|2007998464|0|||0|0|149075789.092|63115954.278|16443237.41|9280|0|0|0|2022-04-11 11:49:02.863296+02
149|1649675580.020620|2022-04-11 13:13:00.02062+02|16781|test|33|1330375885|0|744328231|7173191782|1584949580|1477632216|246178038|146166568|407|0|2|2007998464|0|||0|0|149107821.416|63133603.745|16452015.652|9282|0|0|0|2022-04-11 11:49:02.863296+02
150|1649675581.047661|2022-04-11 13:13:01.047661+02|16781|test|33|1330451526|0|744373221|7174141788|1585101772|1477783726|246253675|146242205|407|0|2|2007998464|0|||0|0|149139856.207|63151906.928|16460389.053|9284|0|0|0|2022-04-11 11:49:02.863296+02
151|1649675582.074305|2022-04-11 13:13:02.074305+02|16781|test|33|1330528284|0|744418959|7175104715|1585256161|1477937470|246330429|146318959|407|0|2|2007998464|0|||0|0|149171889.557|63169827.348|16469007.902|9286|0|0|0|2022-04-11 11:49:02.863296+02
152|1649675583.101240|2022-04-11 13:13:03.10124+02|16781|test|33|1330605505|0|744464768|7176074357|1585411495|1478092140|246407646|146396176|407|0|2|2007998464|0|||0|0|149203921.229|63187598.226|16477729.559|9288|0|0|0|2022-04-11 11:49:02.863296+02
153|1649675584.128279|2022-04-11 13:13:04.128279+02|16781|test|33|1330701210|0|744521807|7177276044|1585603907|1478283778|246503347|146491877|407|0|2|2007998464|0|||0|0|149242957.065|63209053.577|16488454.452|9290|0|0|0|2022-04-11 11:49:02.863296+02
154|1649675585.155197|2022-04-11 13:13:05.155197+02|16781|test|33|1330801941|0|744581232|7178539998|1585806426|1478485468|246604074|146592604|407|0|2|2007998464|0|||0|0|149283994.107|63231459.532|16499833.821|9292|0|0|0|2022-04-11 11:49:02.863296+02
155|1649675586.181806|2022-04-11 13:13:06.181806+02|16781|test|33|1330879146|0|744627101|7179509174|1585961710|1478640106|246681275|146669805|407|0|2|2007998464|0|||0|0|149316026.661|63249255.246|16508531.24|9294|0|0|0|2022-04-11 11:49:02.863296+02
156|1649675587.208876|2022-04-11 13:13:07.208876+02|16781|test|33|1330957176|0|744673260|7180488158|1586118644|1478796394|246759301|146747831|407|0|2|2007998464|0|||0|0|149348060.923|63266843.912|16517357.867|9296|0|0|0|2022-04-11 11:49:02.863296+02
157|1649675588.235332|2022-04-11 13:13:08.235332+02|16781|test|33|1331025408|0|744714136|7181344694|1586255903|1478933086|246827529|146816059|407|0|2|2007998464|0|||0|0|149380094.637|63286702.505|16524755.007|9298|0|0|0|2022-04-11 11:49:02.863296+02
158|1649675589.262367|2022-04-11 13:13:09.262367+02|16781|test|33|1331104202|0|744760838|7182332551|1586414313|1479090902|246906319|146894849|407|0|2|2007998464|0|||0|0|149412128.391|63304180.961|16533635.75|9300|0|0|0|2022-04-11 11:49:02.863296+02
159|1649675590.289686|2022-04-11 13:13:10.289686+02|16781|test|33|1331182698|0|744807631|7183317076|1586572173|1479248122|246984811|146973341|407|0|2|2007998464|0|||0|0|149444161.95|63321745.43|16542465.51|9302|0|0|0|2022-04-11 11:49:02.863296+02
160|1649675591.316766|2022-04-11 13:13:11.316766+02|16781|test|33|1331261475|0|744854390|7184305108|1586730570|1479405904|247063584|147052114|407|0|2|2007998464|0|||0|0|149476194.044|63339178.868|16551388.516|9304|0|0|0|2022-04-11 11:49:02.863296+02
161|1649675592.343216|2022-04-11 13:13:12.343216+02|16781|test|33|1331339742|0|744900942|7185287653|1586888000|1479562666|247141847|147130377|407|0|2|2007998464|0|||0|0|149508229.175|63356711.669|16560243.849|9306|0|0|0|2022-04-11 11:49:02.863296+02
162|1649675593.370155|2022-04-11 13:13:13.370155+02|16781|test|33|1331417758|0|744947117|7186265387|1587044860|1479718926|247219859|147208389|407|0|2|2007998464|0|||0|0|149540261.11|63374357.987|16569032.017|9308|0|0|0|2022-04-11 11:49:02.863296+02
163|1649675594.397095|2022-04-11 13:13:14.397095+02|16781|test|33|1331495224|0|744993238|7187238236|1587200636|1479874086|247297321|147285851|407|0|2|2007998464|0|||0|0|149572293.821|63392078.935|16577772.897|9310|0|0|0|2022-04-11 11:49:02.863296+02
164|1649675595.424259|2022-04-11 13:13:15.424259+02|16781|test|33|1331573695|0|745039516|7188223524|1587358427|1480031256|247375788|147364318|407|0|2|2007998464|0|||0|0|149604326.529|63409553.241|16586681.085|9312|0|0|0|2022-04-11 11:49:02.863296+02
165|1649675596.451235|2022-04-11 13:13:16.451235+02|16781|test|33|1331648869|0|745084116|7189167019|1587509592|1480181832|247450958|147439488|407|0|2|2007998464|0|||0|0|149636361.445|63427700.033|16595151.871|9314|0|0|0|2022-04-11 11:49:02.863296+02
166|1649675597.477737|2022-04-11 13:13:17.477737+02|16781|test|33|1331726466|0|745130273|7190140661|1587665616|1480337254|247528551|147517081|407|0|2|2007998464|0|||0|0|149668394.398|63445440.341|16603872.301|9316|0|0|0|2022-04-11 11:49:02.863296+02
167|1649675598.504315|2022-04-11 13:13:18.504315+02|16781|test|33|1331803842|0|745176340|7191112045|1587821172|1480492234|247605923|147594453|407|0|2|2007998464|0|||0|0|149700461.284|63463207.721|16612610.635|9318|0|0|0|2022-04-11 11:49:02.863296+02
168|1649675599.530801|2022-04-11 13:13:19.530801+02|16781|test|33|1331881055|0|745222096|7192080000|1587976393|1480646888|247683132|147671662|407|0|2|2007998464|0|||0|0|149732492.631|63481025.836|16621278.398|9320|0|0|0|2022-04-11 11:49:02.863296+02
169|1649675600.558604|2022-04-11 13:13:20.558604+02|16781|test|33|1331959490|0|745268433|7193063671|1588134061|1480803986|247761563|147750093|407|0|2|2007998464|0|||0|0|149764525.627|63498580.469|16630120.59|9322|0|0|0|2022-04-11 11:49:02.863296+02
170|1649675601.585994|2022-04-11 13:13:21.585994+02|16781|test|33|1332038203|0|745315059|7194050897|1588292318|1480961640|247840272|147828802|407|0|2|2007998464|0|||0|0|149796576.588|63516060.821|16639023.298|9324|0|0|0|2022-04-11 11:49:02.863296+02
171|1649675602.613172|2022-04-11 13:13:22.613172+02|16781|test|33|1332115672|0|745361000|7195023126|1588448058|1481116806|247917737|147906267|407|0|2|2007998464|0|||0|0|149828607.072|63533785.281|16647764.525|9326|0|0|0|2022-04-11 11:49:02.863296+02
172|1649675603.639822|2022-04-11 13:13:23.639822+02|16781|test|33|1332214274|0|745419127|7196259069|1588646209|1481314238|248016335|148004865|407|0|2|2007998464|0|||0|0|149870647.406|63557637.998|16658881.364|9328|0|0|0|2022-04-11 11:49:02.863296+02
173|1649675604.667062|2022-04-11 13:13:24.667062+02|16781|test|34|1332265375|0|745449884|7196900797|1588749018|1481416656|248067433|148055963|407|0|2|2007998464|0|||0|0|149892675.374|63570250.409|16664636.409|9329|0|0|0|2022-04-11 11:49:02.863296+02
174|1649675605.683128|2022-04-11 13:13:25.683128+02|16781|test|34|1332382228|0|745519547|7198371780|1588984485|1481650602|248184281|148172811|407|0|2|2007998464|0|||0|0|149940707.281|63596458.231|16677978.226|9332|0|0|0|2022-04-11 11:49:02.863296+02
175|1649675606.709893|2022-04-11 13:13:26.709893+02|16781|test|34|1332459581|0|745566229|7199356844|1589141713|1481805536|248261630|148250160|407|0|2|2007998464|0|||0|0|149972739.748|63613972.535|16686873.004|9334|0|0|0|2022-04-11 11:49:02.863296+02
176|1649675607.737214|2022-04-11 13:13:27.737214+02|16781|test|34|1332537073|0|745613937|7200352673|1589300267|1481960748|248339118|148327648|407|0|2|2007998464|0|||0|0|150004773.605|63631462.334|16695781.085|9336|0|0|0|2022-04-11 11:49:02.863296+02
177|1649675608.764164|2022-04-11 13:13:28.764164+02|16781|test|34|1332613433|0|745661252|7201342371|1589457564|1482113696|248415474|148404004|407|0|2|2007998464|0|||0|0|150036806.692|63649194.357|16704530.313|9338|0|0|0|2022-04-11 11:49:02.863296+02
178|1649675609.790928|2022-04-11 13:13:29.790928+02|16781|test|34|1332689783|0|745709183|7202340867|1589615952|1482266624|248491820|148480350|407|0|2|2007998464|0|||0|0|150068840.659|63666930.971|16713282.439|9340|0|0|0|2022-04-11 11:49:02.863296+02
179|1649675610.818375|2022-04-11 13:13:30.818375+02|16781|test|34|1332762270|0|745755283|7203297416|1589767289|1482411826|248564303|148552833|407|0|2|2007998464|0|||0|0|150100874.159|63685477.961|16721523.618|9342|0|0|0|2022-04-11 11:49:02.863296+02
180|1649675611.845665|2022-04-11 13:13:31.845665+02|16781|test|34|1332838047|0|745804032|7204306246|1589926524|1482563608|248640076|148628606|407|0|2|2007998464|0|||0|0|150132905.958|63703428.818|16730132.584|9344|0|0|0|2022-04-11 11:49:02.863296+02
181|1649675612.873080|2022-04-11 13:13:32.87308+02|16781|test|34|1332913458|0|745853068|7205319166|1590086044|1482714658|248715483|148704013|407|0|2|2007998464|0|||0|0|150164939.82|63721411.997|16738735.749|9346|0|0|0|2022-04-11 11:49:02.863296+02
182|1649675613.899968|2022-04-11 13:13:33.899968+02|16781|test|34|1332987866|0|745901536|7206324864|1590244358|1482863702|248789887|148778417|407|0|2|2007998464|0|||0|0|150196973.556|63739624.958|16747180.426|9348|0|0|0|2022-04-11 11:49:02.863296+02
183|1649675614.927138|2022-04-11 13:13:34.927138+02|16781|test|34|1333064427|0|745952374|7207369623|1590408335|1483017052|248866444|148854974|407|0|2|2007998464|0|||0|0|150229004.514|63757268.914|16755992.39|9350|0|0|0|2022-04-11 11:49:02.863296+02
184|1649675615.954267|2022-04-11 13:13:35.954267+02|16781|test|34|1333139943|0|746003066|7208409632|1590571218|1483168312|248941956|148930486|407|0|2|2007998464|0|||0|0|150261035.888|63775192.174|16764636.748|9352|0|0|0|2022-04-11 11:49:02.863296+02
185|1649675616.981371|2022-04-11 13:13:36.981371+02|16781|test|34|1333216083|0|746054831|7209466341|1590736486|1483320820|249018092|149006622|407|0|2|2007998464|0|||0|0|150293068.569|63792959.794|16773367.68|9354|0|0|0|2022-04-11 11:49:02.863296+02
186|1649675618.008650|2022-04-11 13:13:38.00865+02|16781|test|34|1333291884|0|746106936|7210526220|1590901990|1483472650|249093889|149082419|407|0|2|2007998464|0|||0|0|150325102.62|63810866.72|16782004.713|9356|0|0|0|2022-04-11 11:49:02.863296+02
187|1649675619.035778|2022-04-11 13:13:39.035778+02|16781|test|34|1333364610|0|746157299|7211553190|1591061938|1483618330|249166611|149155141|407|0|2|2007998464|0|||0|0|150357138.371|63829309.885|16790318.399|9358|0|0|0|2022-04-11 11:49:02.863296+02
188|1649675620.063168|2022-04-11 13:13:40.063168+02|16781|test|34|1333436829|0|746207964|7212578127|1591221680|1483762996|249238826|149227356|407|0|2|2007998464|0|||0|0|150389170.312|63847988.786|16798470.594|9360|0|0|0|2022-04-11 11:49:02.863296+02
189|1649675621.090464|2022-04-11 13:13:41.090464+02|16781|test|34|1333512974|0|746261667|7213671358|1591391297|1483915514|249314967|149303497|407|0|2|2007998464|0|||0|0|150421203.168|63865769.239|16807200.554|9362|0|0|0|2022-04-11 11:49:02.863296+02
190|1649675622.118002|2022-04-11 13:13:42.118002+02|16781|test|34|1333588537|0|746315327|7214761235|1591560576|1484066868|249390526|149379056|407|0|2|2007998464|0|||0|0|150453237.515|63883702.216|16815844.068|9364|0|0|0|2022-04-11 11:49:02.863296+02
191|1649675623.145500|2022-04-11 13:13:43.1455+02|16781|test|34|1333678067|0|746379898|7216062349|1591762228|1484246156|249480052|149468582|407|0|2|2007998464|0|||0|0|150491274.846|63905050.02|16826063.163|9366|0|0|0|2022-04-11 11:49:02.863296+02
192|1649675624.172874|2022-04-11 13:13:44.172874+02|16781|test|34|1333777190|0|746451854|7217517672|1591987289|1484444630|249579171|149567701|407|0|2|2007998464|0|||0|0|150533314.24|63928525.486|16837426.384|9368|0|0|0|2022-04-11 11:49:02.863296+02
193|1649675625.200673|2022-04-11 13:13:45.200673+02|16781|test|34|1333845408|0|746501781|7218527042|1592143309|1484581294|249647385|149635915|407|0|2|2007998464|0|||0|0|150565349.422|63947958.472|16845123.154|9370|0|0|0|2022-04-11 11:49:02.863296+02
194|1649675626.227906|2022-04-11 13:13:46.227906+02|16781|test|34|1333921486|0|746557616|7219662348|1592318492|1484733678|249723459|149711989|407|0|2|2007998464|0|||0|0|150597381.917|63965844.932|16853771.501|9372|0|0|0|2022-04-11 11:49:02.863296+02
195|1649675627.254957|2022-04-11 13:13:47.254957+02|16781|test|34|1333996631|0|746613375|7220791290|1592492596|1484884196|249798600|149787130|407|0|2|2007998464|0|||0|0|150629416.315|63983855.666|16862354.211|9374|0|0|0|2022-04-11 11:49:02.863296+02
196|1649675628.281980|2022-04-11 13:13:48.28198+02|16781|test|33|1334072227|0|746844930|7222050792|1592670020|1485036685|249874208|149862722|427|0|2|2007998464|0|||0|0|150661449.589|64001546.614|16871146.673|9376|0|0|0|2022-04-11 11:49:02.863296+02
197|1649675629.308676|2022-04-11 13:13:49.308676+02|16781|test|33|1334149860|0|746891910|7223041626|1592828293|1485192179|249951837|149940351|427|0|2|2007998464|0|||0|0|150693483.169|64019233.314|16879912.619|9378|0|0|0|2022-04-11 11:49:02.863296+02
198|1649675630.335646|2022-04-11 13:13:50.335646+02|16781|test|33|1334228074|0|746939031|7224038581|1592987698|1485348835|250030047|150018561|427|0|2|2007998464|0|||0|0|150725516.111|64036780.198|16888745.695|9380|0|0|0|2022-04-11 11:49:02.863296+02
199|1649675631.362461|2022-04-11 13:13:51.362461+02|16781|test|33|1334299866|0|746982149|7224954923|1593134084|1485492647|250101835|150090349|427|0|2|2007998464|0|||0|0|150757547.906|64055777.701|16896683.173|9382|0|0|0|2022-04-11 11:49:02.863296+02
200|1649675632.389524|2022-04-11 13:13:52.389524+02|16781|test|33|1334378366|0|747029624|7225956418|1593294221|1485649875|250180331|150168845|427|0|2|2007998464|0|||0|0|150789580.713|64073351.828|16905513.814|9384|0|0|0|2022-04-11 11:49:02.863296+02
201|1649675633.416276|2022-04-11 13:13:53.416276+02|16781|test|33|1334457286|0|747077052|7226962494|1593455017|1485807943|250259247|150247761|427|0|2|2007998464|0|||0|0|150821611.391|64090792.809|16914422.02|9386|0|0|0|2022-04-11 11:49:02.863296+02
202|1649675634.443259|2022-04-11 13:13:54.443259+02|16781|test|33|1334535856|0|747124458|7227963542|1593615168|1485965311|250337813|150326327|427|0|2|2007998464|0|||0|0|150853644.368|64108259.753|16923324.167|9388|0|0|0|2022-04-11 11:49:02.863296+02
203|1649675635.469887|2022-04-11 13:13:55.469887+02|16781|test|33|1334614908|0|747172288|7228971062|1593776231|1486123643|250416861|150405375|427|0|2|2007998464|0|||0|0|150885676.536|64125591.968|16932316.938|9390|0|0|0|2022-04-11 11:49:02.863296+02
204|1649675636.496268|2022-04-11 13:13:56.496268+02|16781|test|33|1334693092|0|747219695|7229967349|1593935552|1486280239|250495041|150483555|427|0|2|2007998464|0|||0|0|150917708.426|64143128.469|16941179.053|9392|0|0|0|2022-04-11 11:49:02.863296+02
205|1649675637.523009|2022-04-11 13:13:57.523009+02|16781|test|33|1334771308|0|747266984|7230963959|1594094896|1486436899|250573253|150561767|427|0|2|2007998464|0|||0|0|150949742.148|64160651.152|16950046.007|9394|0|0|0|2022-04-11 11:49:02.863296+02
206|1649675638.550109|2022-04-11 13:13:58.550109+02|16781|test|33|1334849612|0|747314071|7231961189|1594254420|1486593735|250651553|150640067|427|0|2|2007998464|0|||0|0|150981775.86|64178216.095|16958885.602|9396|0|0|0|2022-04-11 11:49:02.863296+02
207|1649675639.576608|2022-04-11 13:13:59.576608+02|16781|test|33|1334924166|0|747359059|7232910553|1594406299|1486743071|250726103|150714617|427|0|2|2007998464|0|||0|0|151013808.266|64196496.73|16967263.96|9398|0|0|0|2022-04-11 11:49:02.863296+02
208|1649675640.603505|2022-04-11 13:14:00.603505+02|16781|test|33|1335001609|0|747405942|7233896649|1594563935|1486898185|250803542|150792056|427|0|2|2007998464|0|||0|0|151045841.206|64214231.504|16975991.028|9400|0|0|0|2022-04-11 11:49:02.863296+02
209|1649675641.630612|2022-04-11 13:14:01.630612+02|16781|test|33|1335080517|0|747453626|7234900425|1594724541|1487056229|250882446|150870960|427|0|2|2007998464|0|||0|0|151077873.949|64231653.836|16984907.121|9402|0|0|0|2022-04-11 11:49:02.863296+02
210|1649675642.658063|2022-04-11 13:14:02.658063+02|16781|test|33|1335185101|0|747516434|7236231675|1594937398|1487265625|250987026|150975540|427|0|2|2007998464|0|||0|0|151121413.42|64255897.344|16996678.361|9404|0|0|0|2022-04-11 11:49:02.863296+02
211|1649675643.684980|2022-04-11 13:14:03.68498+02|16781|test|33|1335274856|0|747570752|7237373966|1595120088|1487445363|251076777|151065291|427|0|2|2007998464|0|||0|0|151157948.97|64275748.584|17006885.746|9406|0|0|0|2022-04-11 11:49:02.863296+02
212|1649675644.712391|2022-04-11 13:14:04.712391+02|16781|test|33|1335353542|0|747618161|7238373411|1595280044|1487602963|251155459|151143973|427|0|2|2007998464|0|||0|0|151189981.187|64293150.943|17015832.079|9408|0|0|0|2022-04-11 11:49:02.863296+02
213|1649675645.739607|2022-04-11 13:14:05.739607+02|16781|test|33|1335431179|0|747665037|7239361483|1595438020|1487758465|251233092|151221606|427|0|2|2007998464|0|||0|0|151222014.19|64310786.276|17024635.078|9410|0|0|0|2022-04-11 11:49:02.863296+02
214|1649675646.766287|2022-04-11 13:14:06.766287+02|16781|test|33|1335509383|0|747711964|7240355217|1595597065|1487915101|251311292|151299806|427|0|2|2007998464|0|||0|0|151254046.787|64328329.416|17033488.332|9412|0|0|0|2022-04-11 11:49:02.863296+02
215|1649675647.793088|2022-04-11 13:14:07.793088+02|16781|test|33|1335582021|0|747755945|7241278618|1595744757|1488060605|251383926|151372440|427|0|2|2007998464|0|||0|0|151286080.845|64346891.132|17041725.166|9414|0|0|0|2022-04-11 11:49:02.863296+02
216|1649675648.819790|2022-04-11 13:14:08.81979+02|16781|test|33|1335659433|0|747802393|7242261747|1595902151|1488215657|251461334|151449848|427|0|2|2007998464|0|||0|0|151318112.769|64364581.764|17050490.977|9416|0|0|0|2022-04-11 11:49:02.863296+02
217|1649675649.847080|2022-04-11 13:14:09.84708+02|16781|test|33|1335738231|0|747849865|7243263206|1596062419|1488373481|251540128|151528642|427|0|2|2007998464|0|||0|0|151350145.75|64382033.289|17059389.82|9418|0|0|0|2022-04-11 11:49:02.863296+02
218|1649675650.874105|2022-04-11 13:14:10.874105+02|16781|test|33|1335816900|0|747897158|7244262381|1596222373|1488531047|251618793|151607307|427|0|2|2007998464|0|||0|0|151382177.631|64399458.043|17068320.091|9420|0|0|0|2022-04-11 11:49:02.863296+02
219|1649675651.900830|2022-04-11 13:14:11.90083+02|16781|test|33|1335895732|0|747944316|7245262619|1596382634|1488688939|251697621|151686135|427|0|2|2007998464|0|||0|0|151414217.358|64416914.674|17077216.605|9422|0|0|0|2022-04-11 11:49:02.863296+02
220|1649675652.927856|2022-04-11 13:14:12.927856+02|16781|test|33|1335973975|0|747991569|7246254804|1596541600|1488845653|251775860|151764374|427|0|2|2007998464|0|||0|0|151446250.763|64434521.57|17086026.334|9424|0|0|0|2022-04-11 11:49:02.863296+02
221|1649675653.954666|2022-04-11 13:14:13.954666+02|16781|test|33|1336050705|0|748037962|7247228017|1596697433|1488999341|251852586|151841100|427|0|2|2007998464|0|||0|0|151478283.221|64452548.149|17094561.622|9426|0|0|0|2022-04-11 11:49:02.863296+02
222|1649675654.981535|2022-04-11 13:14:14.981535+02|16781|test|33|1336128260|0|748084744|7248212476|1596855051|1489154679|251930137|151918651|427|0|2|2007998464|0|||0|0|151510315.848|64470239.544|17103325.823|9428|0|0|0|2022-04-11 11:49:02.863296+02
223|1649675656.008652|2022-04-11 13:14:16.008652+02|16781|test|33|1336203450|0|748130234|7249165556|1597007675|1489305287|252005323|151993837|427|0|2|2007998464|0|||0|0|151542349.361|64488357.442|17111818.279|9430|0|0|0|2022-04-11 11:49:02.863296+02
224|1649675657.034713|2022-04-11 13:14:17.034713+02|16781|test|33|1336281424|0|748177123|7250154694|1597166040|1489461463|252083293|152071807|427|0|2|2007998464|0|||0|0|151574380.95|64506006.861|17120596.875|9432|0|0|0|2022-04-11 11:49:02.863296+02
225|1649675658.061696|2022-04-11 13:14:18.061696+02|16781|test|33|1336359784|0|748223994|7251149512|1597325214|1489618411|252161649|152150163|427|0|2|2007998464|0|||0|0|151606413.411|64523560.044|17129427.655|9434|0|0|0|2022-04-11 11:49:02.863296+02
226|1649675659.089398|2022-04-11 13:14:19.089398+02|16781|test|33|1336438034|0|748270942|7252141669|1597484016|1489775139|252239895|152228409|427|0|2|2007998464|0|||0|0|151638448.465|64541087.41|17138281.76|9436|0|0|0|2022-04-11 11:49:02.863296+02
227|1649675660.116925|2022-04-11 13:14:20.116925+02|16781|test|33|1336514555|0|748316909|7253112839|1597639335|1489928409|252316412|152304926|427|0|2|2007998464|0|||0|0|151670483.73|64559037.975|17146876.06|9438|0|0|0|2022-04-11 11:49:02.863296+02
228|1649675661.143987|2022-04-11 13:14:21.143987+02|16781|test|33|1336593381|0|748364223|7254111991|1597799316|1490086289|252395234|152383748|427|0|2|2007998464|0|||0|0|151702516.304|64576420.985|17155821.589|9440|0|0|0|2022-04-11 11:49:02.863296+02
229|1649675662.171509|2022-04-11 13:14:22.171509+02|16781|test|33|1336710456|0|748434702|7255595600|1598036871|1490320667|252512305|152500819|427|0|2|2007998464|0|||0|0|151750555.378|64602735.067|17169109.589|9442|0|0|0|2022-04-11 11:49:02.863296+02
230|1649675663.198461|2022-04-11 13:14:23.198461+02|16781|test|33|1336788837|0|748481930|7256589081|1598195954|1490477657|252590682|152579196|427|0|2|2007998464|0|||0|0|151782586.943|64620208.155|17178004.108|9444|0|0|0|2022-04-11 11:49:02.863296+02
231|1649675664.225507|2022-04-11 13:14:24.225507+02|16781|test|33|1336866879|0|748528603|7257578882|1598354340|1490633969|252668720|152657234|427|0|2|2007998464|0|||0|0|151814618.923|64637744.569|17186864.93|9446|0|0|0|2022-04-11 11:49:02.863296+02
232|1649675665.254579|2022-04-11 13:14:25.254579+02|16781|test|33|1336942849|0|748574457|7258541012|1598508529|1490786217|252744686|152733200|427|0|2|2007998464|0|||0|0|151846676.477|64655609.494|17195544.913|9448|0|0|0|2022-04-11 11:49:02.863296+02
233|1649675666.281498|2022-04-11 13:14:26.281498+02|16781|test|33|1337017357|0|748619281|7259484512|1598659711|1490935460|252819190|152807704|427|0|2|2007998464|0|||0|0|151878708.316|64674002.935|17203863.435|9450|0|0|0|2022-04-11 11:49:02.863296+02
234|1649675667.308852|2022-04-11 13:14:27.308852+02|16781|test|33|1337096519|0|748666659|7260487545|1598820310|1491094012|252898348|152886862|427|0|2|2007998464|0|||0|0|151910742.641|64691390.74|17212814.444|9452|0|0|0|2022-04-11 11:49:02.863296+02
235|1649675668.335922|2022-04-11 13:14:28.335922+02|16781|test|33|1337175511|0|748714262|7261486958|1598980484|1491252224|252977336|152965850|427|0|2|2007998464|0|||0|0|151942776.224|64708779.461|17221751.338|9454|0|0|0|2022-04-11 11:49:02.863296+02
236|1649675669.362700|2022-04-11 13:14:29.3627+02|16781|test|33|1337254200|0|748761597|7262483896|1599140070|1491409830|253056021|153044535|427|0|2|2007998464|0|||0|0|151974808.664|64726192.343|17230677.643|9456|0|0|0|2022-04-11 11:49:02.863296+02
237|1649675670.390295|2022-04-11 13:14:30.390295+02|16781|test|33|1337333053|0|748808578|7263482493|1599299951|1491567764|253134870|153123384|427|0|2|2007998464|0|||0|0|152006843.412|64743603.684|17239613.104|9458|0|0|0|2022-04-11 11:49:02.863296+02
238|1649675671.416850|2022-04-11 13:14:31.41685+02|16781|test|33|1337411271|0|748855588|7264472844|1599458600|1491724428|253213084|153201598|427|0|2|2007998464|0|||0|0|152038874.498|64761107.831|17248490.26|9460|0|0|0|2022-04-11 11:49:02.863296+02
239|1649675672.443817|2022-04-11 13:14:32.443817+02|16781|test|33|1337488758|0|748902209|7265453577|1599615726|1491879630|253290567|153279081|427|0|2|2007998464|0|||0|0|152070909.47|64778784.854|17257265.615|9462|0|0|0|2022-04-11 11:49:02.863296+02
240|1649675673.470768|2022-04-11 13:14:33.470768+02|16781|test|33|1337567208|0|748948832|7266446791|1599774763|1492036758|253369013|153357527|427|0|2|2007998464|0|||0|0|152102941.564|64796289.94|17266140.311|9464|0|0|0|2022-04-11 11:49:02.863296+02
241|1649675674.498293|2022-04-11 13:14:34.498293+02|16781|test|33|1337642443|0|748994204|7267399417|1599927316|1492187456|253444244|153432758|427|0|2|2007998464|0|||0|0|152134975.074|64814435.986|17274626.671|9466|0|0|0|2022-04-11 11:49:02.863296+02
242|1649675675.525204|2022-04-11 13:14:35.525204+02|16781|test|33|1337718869|0|749040012|7268365674|1600082201|1492340536|253520666|153509180|427|0|2|2007998464|0|||0|0|152167011.396|64832645.748|17283040.755|9468|0|0|0|2022-04-11 11:49:02.863296+02
243|1649675676.551584|2022-04-11 13:14:36.551584+02|16781|test|33|1337794857|0|749085531|7269326732|1600236163|1492492740|253596650|153585164|427|0|2|2007998464|0|||0|0|152199044.797|64850643.317|17291613.773|9470|0|0|0|2022-04-11 11:49:02.863296+02
244|1649675677.578551|2022-04-11 13:14:37.578551+02|16781|test|33|1337873909|0|749133062|7270326571|1600396408|1492651072|253675698|153664212|427|0|2|2007998464|0|||0|0|152231077.525|64868018.064|17300578.194|9472|0|0|0|2022-04-11 11:49:02.863296+02
245|1649675678.605923|2022-04-11 13:14:38.605923+02|16781|test|33|1337952724|0|749180350|7271322675|1600556098|1492808930|253754509|153743023|427|0|2|2007998464|0|||0|0|152263115.183|64885398.113|17309534.501|9474|0|0|0|2022-04-11 11:49:02.863296+02
246|1649675679.632777|2022-04-11 13:14:39.632777+02|16781|test|33|1338031232|0|749227339|7272315974|1600715237|1492966162|253833014|153821528|427|0|2|2007998464|0|||0|0|152295145.914|64902866.313|17318442.668|9475|0|0|0|2022-04-11 11:49:02.863296+02
247|1649675680.649817|2022-04-11 13:14:40.649817+02|16781|test|33|1338109537|0|749273909|7273305938|1600875125|1493123022|253911312|153899826|427|0|2|2007998464|0|||0|0|152327171.988|64920276.741|17327380.332|9478|0|0|0|2022-04-11 11:49:02.863296+02
248|1649675681.674427|2022-04-11 13:14:41.674427+02|16781|test|33|1338208867|0|749333260|7274562475|1601076342|1493321910|254010638|153999152|427|0|2|2007998464|0|||0|0|152370239.911|64945077.453|17338525.592|9480|0|0|0|2022-04-11 11:49:02.863296+02
249|1649675682.702005|2022-04-11 13:14:42.702005+02|16781|test|33|1338300016|0|749387847|7275714357|1601260925|1493504436|254101783|154090297|427|0|2|2007998464|0|||0|0|152407274.934|64965152.353|17348898.883|9482|0|0|0|2022-04-11 11:49:02.863296+02
250|1649675683.729320|2022-04-11 13:14:43.72932+02|16781|test|33|1338378925|0|749435279|7276711508|1601420747|1493662482|254180688|154169202|427|0|2|2007998464|0|||0|0|152439306.671|64982544.195|17357848.811|9484|0|0|0|2022-04-11 11:49:02.863296+02
251|1649675684.756918|2022-04-11 13:14:44.756918+02|16781|test|33|1338457369|0|749482249|7277703016|1601579579|1493819598|254259128|154247642|427|0|2|2007998464|0|||0|0|152471340.991|65000034.43|17366730.35|9486|0|0|0|2022-04-11 11:49:02.863296+02
252|1649675685.783645|2022-04-11 13:14:45.783645+02|16781|test|33|1338535084|0|749528590|7278684432|1601737044|1493975256|254336839|154325353|427|0|2|2007998464|0|||0|0|152503372.935|65017805.723|17375435.405|9488|0|0|0|2022-04-11 11:49:02.863296+02
253|1649675686.810731|2022-04-11 13:14:46.810731+02|16781|test|33|1338613285|0|749575557|7279671853|1601895381|1494131886|254415036|154403550|427|0|2|2007998464|0|||0|0|152535405.139|65035382.88|17384255.306|9490|0|0|0|2022-04-11 11:49:02.863296+02
254|1649675687.837472|2022-04-11 13:14:47.837472+02|16781|test|33|1338691634|0|749622531|7280661307|1602054012|1494288812|254493381|154481895|427|0|2|2007998464|0|||0|0|152567438.363|65052883.256|17393147.088|9492|0|0|0|2022-04-11 11:49:02.863296+02
255|1649675688.864506|2022-04-11 13:14:48.864506+02|16781|test|33|1338767429|0|749668117|7281618676|1602207462|1494440630|254569172|154557686|427|0|2|2007998464|0|||0|0|152599475.175|65070818.397|17401759.27|9494|0|0|0|2022-04-11 11:49:02.863296+02
256|1649675689.890905|2022-04-11 13:14:49.890905+02|16781|test|33|1338846492|0|749715356|7282616640|1602367518|1494598984|254648231|154636745|427|0|2|2007998464|0|||0|0|152631508.007|65088159.615|17410737.953|9496|0|0|0|2022-04-11 11:49:02.863296+02
257|1649675690.918225|2022-04-11 13:14:50.918225+02|16781|test|33|1338924454|0|749761858|7283601667|1602525352|1494755136|254726189|154714703|427|0|2|2007998464|0|||0|0|152663541.345|65105767.324|17419557.237|9498|0|0|0|2022-04-11 11:49:02.863296+02
258|1649675691.944613|2022-04-11 13:14:51.944613+02|16781|test|33|1339002084|0|749808411|7284582325|1602682502|1494910624|254803815|154792329|427|0|2|2007998464|0|||0|0|152695573.836|65123376.835|17428378.241|9500|0|0|0|2022-04-11 11:49:02.863296+02
259|1649675692.972179|2022-04-11 13:14:52.972179+02|16781|test|33|1339080242|0|749855053|7285569520|1602840661|1495067168|254881969|154870483|427|0|2|2007998464|0|||0|0|152727608.274|65140854.741|17437276.105|9502|0|0|0|2022-04-11 11:49:02.863296+02
260|1649675693.999480|2022-04-11 13:14:53.99948+02|16781|test|33|1339158015|0|749901460|7286551274|1602997990|1495222942|254959738|154948252|427|0|2|2007998464|0|||0|0|152759643.029|65158481.555|17446075.882|9504|0|0|0|2022-04-11 11:49:02.863296+02
261|1649675695.028395|2022-04-11 13:14:55.028395+02|16781|test|33|1339237149|0|749948953|7287550071|1603158213|1495381518|255038868|155027382|427|0|2|2007998464|0|||0|0|152791677.075|65175835.067|17455044.939|9506|0|0|0|2022-04-11 11:49:02.863296+02
262|1649675696.058976|2022-04-11 13:14:56.058976+02|16781|test|33|1339314961|0|749995524|7288532084|1603315760|1495537529|255116676|155105190|427|0|2|2007998464|0|||0|0|152823714.169|65193411.447|17463874.187|9508|0|0|0|2022-04-11 11:49:02.863296+02
263|1649675697.086026|2022-04-11 13:14:57.086026+02|16781|test|33|1339393151|0|750042395|7289519181|1603473918|1495694136|255194862|155183376|427|0|2|2007998464|0|||0|0|152855746.97|65210950.948|17472724.154|9510|0|0|0|2022-04-11 11:49:02.863296+02
264|1649675698.113331|2022-04-11 13:14:58.113331+02|16781|test|33|1339471009|0|750088890|7290501187|1603631356|1495850080|255272716|155261230|427|0|2|2007998464|0|||0|0|152887781.661|65228574.138|17481529.888|9512|0|0|0|2022-04-11 11:49:02.863296+02
265|1649675699.141316|2022-04-11 13:14:59.141316+02|16781|test|33|1339549601|0|750135879|7291492362|1603790289|1496007492|255351304|155339818|427|0|2|2007998464|0|||0|0|152919815.338|65246065.613|17490417.578|9514|0|0|0|2022-04-11 11:49:02.863296+02
266|1649675700.168783|2022-04-11 13:15:00.168783+02|16781|test|33|1339621926|0|750179375|7292405114|1603936593|1496152370|255423625|155412139|427|0|2|2007998464|0|||0|0|152951848.935|65264806.219|17498530.024|9516|0|0|0|2022-04-11 11:49:02.863296+02
267|1649675701.196192|2022-04-11 13:15:01.196192+02|16781|test|33|1339740284|0|750250337|7293896893|1604175795|1496389314|255541979|155530493|427|0|2|2007998464|0|||0|0|152999900.784|65290940.589|17511917.969|9518|0|0|0|2022-04-11 11:49:02.863296+02
268|1649675702.223058|2022-04-11 13:15:02.223058+02|16781|test|33|1339819170|0|750297322|7294892501|1604335347|1496547314|255620861|155609375|427|0|2|2007998464|0|||0|0|153031933.536|65308293.146|17520900.462|9520|0|0|0|2022-04-11 11:49:02.863296+02
269|1649675703.250736|2022-04-11 13:15:03.250736+02|16781|test|33|1339898166|0|750344527|7295889346|1604495095|1496705534|255699853|155688367|427|0|2|2007998464|0|||0|0|153063966.995|65325633.039|17529883.812|9522|0|0|0|2022-04-11 11:49:02.863296+02
270|1649675704.278215|2022-04-11 13:15:04.278215+02|16781|test|33|1339976276|0|750391191|7296873793|1604653003|1496861982|255777959|155766473|427|0|2|2007998464|0|||0|0|153096000.208|65343174.864|17538736.814|9524|0|0|0|2022-04-11 11:49:02.863296+02
271|1649675705.306164|2022-04-11 13:15:05.306164+02|16781|test|33|1340051093|0|750435816|7297816593|1604804272|1497011844|255852772|155841286|427|0|2|2007998464|0|||0|0|153128032.056|65361317.694|17547227.83|9526|0|0|0|2022-04-11 11:49:02.863296+02
272|1649675706.333536|2022-04-11 13:15:06.333536+02|16781|test|33|1340127917|0|750481616|7298785700|1604959616|1497165720|255929592|155918106|427|0|2|2007998464|0|||0|0|153160061.94|65379154.897|17555893.659|9528|0|0|0|2022-04-11 11:49:02.863296+02
273|1649675707.360590|2022-04-11 13:15:07.36059+02|16781|test|33|1340206891|0|750528878|7299781164|1605119204|1497323896|256008562|155997076|427|0|2|2007998464|0|||0|0|153192096.205|65396538.496|17564847.426|9530|0|0|0|2022-04-11 11:49:02.863296+02
274|1649675708.386902|2022-04-11 13:15:08.386902+02|16781|test|33|1340285759|0|750575747|7300774941|1605278707|1497481860|256087426|156075940|427|0|2|2007998464|0|||0|0|153224128.41|65413910.312|17573810.496|9532|0|0|0|2022-04-11 11:49:02.863296+02
275|1649675709.414232|2022-04-11 13:15:09.414232+02|16781|test|33|1340364597|0|750622871|7301768303|1605437998|1497639764|256166260|156154774|427|0|2|2007998464|0|||0|0|153256162.29|65431320.746|17582740.699|9534|0|0|0|2022-04-11 11:49:02.863296+02
276|1649675710.441589|2022-04-11 13:15:10.441589+02|16781|test|33|1340443392|0|750670058|7302761288|1605597295|1497797582|256245051|156233565|427|0|2|2007998464|0|||0|0|153288193.612|65448762.355|17591648.149|9536|0|0|0|2022-04-11 11:49:02.863296+02
277|1649675711.468601|2022-04-11 13:15:11.468601+02|16781|test|33|1340521655|0|750716959|7303747943|1605755406|1497954336|256323310|156311824|427|0|2|2007998464|0|||0|0|153320225.817|65466241.673|17600539.335|9538|0|0|0|2022-04-11 11:49:02.863296+02
278|1649675712.496095|2022-04-11 13:15:12.496095+02|16781|test|33|1340599781|0|750763575|7304732096|1605913250|1498110816|256401432|156389946|427|0|2|2007998464|0|||0|0|153352259.309|65483733.905|17609433.893|9540|0|0|0|2022-04-11 11:49:02.863296+02
279|1649675713.522706|2022-04-11 13:15:13.522706+02|16781|test|33|1340677887|0|750810239|7305716181|1606071124|1498267256|256479534|156468048|427|0|2|2007998464|0|||0|0|153384290.279|65501306.735|17618276.119|9542|0|0|0|2022-04-11 11:49:02.863296+02
280|1649675714.549493|2022-04-11 13:15:14.549493+02|16781|test|33|1340752894|0|750854889|7306661650|1606222697|1498417498|256554537|156543051|427|0|2|2007998464|0|||0|0|153416322.559|65519409.241|17626786.205|9544|0|0|0|2022-04-11 11:49:02.863296+02
281|1649675715.576663|2022-04-11 13:15:15.576663+02|16781|test|33|1340831967|0|750902161|7307658429|1606382444|1498575872|256633606|156622120|427|0|2|2007998464|0|||0|0|153448358.198|65536862.669|17635687.111|9546|0|0|0|2022-04-11 11:49:02.863296+02
282|1649675716.603676|2022-04-11 13:15:16.603676+02|16781|test|33|1340909752|0|750948509|7308638419|1606539596|1498731670|256711387|156699901|427|0|2|2007998464|0|||0|0|153480397.919|65554543.209|17644447.534|9548|0|0|0|2022-04-11 11:49:02.863296+02
283|1649675717.630611|2022-04-11 13:15:17.630611+02|16781|test|33|1340987372|0|750994813|7309616472|1606696427|1498887138|256789003|156777517|427|0|2|2007998464|0|||0|0|153512429.314|65572195.161|17653231.591|9550|0|0|0|2022-04-11 11:49:02.863296+02
284|1649675718.657228|2022-04-11 13:15:18.657228+02|16781|test|33|1341065314|0|751041284|7310597893|1606853886|1499043250|256866941|156855455|427|0|2|2007998464|0|||0|0|153544461.402|65589807.16|17662042.672|9552|0|0|0|2022-04-11 11:49:02.863296+02
285|1649675719.683920|2022-04-11 13:15:19.68392+02|16781|test|33|1341145195|0|751089057|7311603818|1607015252|1499203240|256946818|156935332|427|0|2|2007998464|0|||0|0|153576994.436|65607505.329|17671116.654|9554|0|0|0|2022-04-11 11:49:02.863296+02
286|1649675720.711723|2022-04-11 13:15:20.711723+02|16781|test|33|1341261189|0|751158206|7313062596|1607249443|1499435456|257062808|157051322|427|0|2|2007998464|0|||0|0|153624532.46|65633533.716|17684261.035|9556|0|0|0|2022-04-11 11:49:02.863296+02
287|1649675721.739242|2022-04-11 13:15:21.739242+02|16781|test|33|1341338847|0|751204973|7314040469|1607406366|1499591000|257140462|157128976|427|0|2|2007998464|0|||0|0|153656566.894|65651173.125|17693062.122|9558|0|0|0|2022-04-11 11:49:02.863296+02
288|1649675722.766825|2022-04-11 13:15:22.766825+02|16781|test|33|1341417154|0|751251452|7315026566|1607564489|1499747842|257218765|157207279|427|0|2|2007998464|0|||0|0|153688601.211|65668659.026|17701960.093|9560|0|0|0|2022-04-11 11:49:02.863296+02
289|1649675723.794098|2022-04-11 13:15:23.794098+02|16781|test|33|1341488942|0|751294126|7315930138|1607709461|1499891646|257290549|157279063|427|0|2|2007998464|0|||0|0|153720634.179|65687522.665|17710001.54|9562|0|0|0|2022-04-11 11:49:02.863296+02
290|1649675724.820859|2022-04-11 13:15:24.820859+02|16781|test|33|1341568013|0|751341272|7316926066|1607869168|1500050016|257369616|157358130|427|0|2|2007998464|0|||0|0|153752665.909|65704946.45|17718936.96|9564|0|0|0|2022-04-11 11:49:02.863296+02
291|1649675725.848127|2022-04-11 13:15:25.848127+02|16781|test|33|1341646432|0|751387810|7317913173|1608027560|1500207082|257448031|157436545|427|0|2|2007998464|0|||0|0|153784698.242|65722504.855|17727770.603|9566|0|0|0|2022-04-11 11:49:02.863296+02
292|1649675726.875414|2022-04-11 13:15:26.875414+02|16781|test|33|1341725256|0|751435053|7318905434|1608186688|1500364958|257526851|157515365|427|0|2|2007998464|0|||0|0|153816730.337|65739904.646|17736715.569|9568|0|0|0|2022-04-11 11:49:02.863296+02
293|1649675727.902184|2022-04-11 13:15:27.902184+02|16781|test|33|1341804192|0|751482034|7319899318|1608346082|1500523058|257605783|157594297|427|0|2|2007998464|0|||0|0|153848760.694|65757306.293|17745644.313|9570|0|0|0|2022-04-11 11:49:02.863296+02
294|1649675728.928494|2022-04-11 13:15:28.928494+02|16781|test|33|1341882053|0|751528418|7320879343|1608503271|1500679008|257683640|157672154|427|0|2|2007998464|0|||0|0|153880792.944|65774901.883|17754480.071|9572|0|0|0|2022-04-11 11:49:02.863296+02
295|1649675729.955460|2022-04-11 13:15:29.95546+02|16781|test|33|1341956669|0|751572882|7321817827|1608653885|1500828468|257758252|157746766|427|0|2|2007998464|0|||0|0|153912827.648|65793089.291|17762938.178|9574|0|0|0|2022-04-11 11:49:02.863296+02
296|1649675730.982913|2022-04-11 13:15:30.982913+02|16781|test|33|1342034110|0|751618918|7322792373|1608810230|1500983578|257835689|157824203|427|0|2|2007998464|0|||0|0|153944860.612|65810824.725|17771662.529|9576|0|0|0|2022-04-11 11:49:02.863296+02
297|1649675732.010092|2022-04-11 13:15:32.010092+02|16781|test|33|1342113125|0|751665992|7323787169|1608969794|1501141836|257914700|157903214|427|0|2|2007998464|0|||0|0|153976893.756|65828190.179|17780621.154|9578|0|0|0|2022-04-11 11:49:02.863296+02
298|1649675733.037940|2022-04-11 13:15:33.03794+02|16781|test|33|1342191979|0|751712944|7324779587|1609128912|1501299772|257993550|157982064|427|0|2|2007998464|0|||0|0|154008925.98|65845597.849|17789560.264|9580|0|0|0|2022-04-11 11:49:02.863296+02
299|1649675734.065238|2022-04-11 13:15:34.065238+02|16781|test|33|1342270770|0|751759979|7325771028|1609288012|1501457582|258072337|158060851|427|0|2|2007998464|0|||0|0|154040956.414|65863021.937|17798490.707|9582|0|0|0|2022-04-11 11:49:02.863296+02
300|1649675735.092298|2022-04-11 13:15:35.092298+02|16781|test|33|1342349206|0|751806940|7326757926|1609446323|1501614682|258150769|158139283|427|0|2|2007998464|0|||0|0|154072988.04|65880581.607|17807329.908|9584|0|0|0|2022-04-11 11:49:02.863296+02
301|1649675736.118686|2022-04-11 13:15:36.118686+02|16781|test|33|1342426562|0|751853054|7327730589|1609602470|1501769622|258228121|158216635|427|0|2|2007998464|0|||0|0|154105020.893|65898358.425|17816042.278|9586|0|0|0|2022-04-11 11:49:02.863296+02
302|1649675737.144776|2022-04-11 13:15:37.144776+02|16781|test|33|1342504859|0|751899977|7328715628|1609760499|1501926444|258306414|158294928|427|0|2|2007998464|0|||0|0|154137053.781|65915828.244|17824939.719|9588|0|0|0|2022-04-11 11:49:02.863296+02
303|1649675738.172036|2022-04-11 13:15:38.172036+02|16781|test|33|1342583147|0|751946272|7329700532|1609918538|1502083248|258384698|158373212|427|0|2|2007998464|0|||0|0|154169087.469|65933319.186|17833827.065|9590|0|0|0|2022-04-11 11:49:02.863296+02
304|1649675739.199613|2022-04-11 13:15:39.199613+02|16781|test|33|1342687223|0|752008422|7331009845|1610128491|1502291628|258488770|158477284|427|0|2|2007998464|0|||0|0|154211623.997|65956608.49|17845583.568|9592|0|0|0|2022-04-11 11:49:02.863296+02
305|1649675740.227114|2022-04-11 13:15:40.227114+02|16781|test|34|1342774400|0|752060293|7332106108|1610304351|1502466210|258575943|158564457|427|0|2|2007998464|0|||0|0|154249160.841|65977808.746|17855584.05|9594|0|0|0|2022-04-11 11:49:02.863296+02
306|1649675741.254166|2022-04-11 13:15:41.254166+02|16781|test|34|1342848889|0|752104595|7333042201|1610454611|1502615416|258650428|158638942|427|0|2|2007998464|0|||0|0|154281192.786|65995936.539|17864075.931|9596|0|0|0|2022-04-11 11:49:02.863296+02
307|1649675742.280840|2022-04-11 13:15:42.28084+02|16781|test|34|1342925721|0|752150262|7334009062|1610609650|1502769308|258727256|158715770|427|0|2|2007998464|0|||0|0|154313222.616|66013637.346|17872827.349|9598|0|0|0|2022-04-11 11:49:02.863296+02
308|1649675743.307362|2022-04-11 13:15:43.307362+02|16781|test|34|1343002561|0|752195943|7334975139|1610764686|1502923216|258804092|158792606|427|0|2|2007998464|0|||0|0|154345255.017|66031264.777|17881635.461|9600|0|0|0|2022-04-11 11:49:02.863296+02
309|1649675744.334349|2022-04-11 13:15:44.334349+02|16781|test|34|1343078844|0|752241546|7335934936|1610918601|1503076010|258880371|158868885|427|0|2|2007998464|0|||0|0|154377289.427|66049055.672|17890337.616|9602|0|0|0|2022-04-11 11:49:02.863296+02
310|1649675745.361856|2022-04-11 13:15:45.361856+02|16781|test|34|1343154362|0|752286279|7336883241|1611070942|1503227274|258955885|158944399|427|0|2|2007998464|0|||0|0|154409323.756|66067062.161|17898910.412|9604|0|0|0|2022-04-11 11:49:02.863296+02
311|1649675746.389203|2022-04-11 13:15:46.389203+02|16781|test|34|1343230389|0|752331784|7337839618|1611224325|1503379556|259031908|159020422|427|0|2|2007998464|0|||0|0|154441355.401|66084893.29|17907596.698|9606|0|0|0|2022-04-11 11:49:02.863296+02
312|1649675747.416208|2022-04-11 13:15:47.416208+02|16781|test|34|1343292441|0|752368696|7338619276|1611349531|1503503888|259093956|159082470|427|0|2|2007998464|0|||0|0|154473528.497|66105810.659|17914437.559|9608|0|0|0|2022-04-11 11:49:02.863296+02
313|1649675748.442798|2022-04-11 13:15:48.442798+02|16781|test|34|1343369613|0|752414819|7339588917|1611505192|1503658460|259171124|159159638|427|0|2|2007998464|0|||0|0|154505562.092|66123432.84|17923235.311|9610|0|0|0|2022-04-11 11:49:02.863296+02
314|1649675749.469840|2022-04-11 13:15:49.46984+02|16781|test|34|1343445867|0|752460438|7340547393|1611658991|1503811196|259247374|159235888|427|0|2|2007998464|0|||0|0|154537596.124|66141224.218|17931938.267|9612|0|0|0|2022-04-11 11:49:02.863296+02
315|1649675750.496497|2022-04-11 13:15:50.496497+02|16781|test|34|1343522785|0|752506412|7341513658|1611814168|1503965260|259324288|159312802|427|0|2|2007998464|0|||0|0|154569628.288|66158868.947|17940733.647|9614|0|0|0|2022-04-11 11:49:02.863296+02
316|1649675751.523882|2022-04-11 13:15:51.523882+02|16781|test|34|1343599508|0|752551805|7342478286|1611968968|1504118934|259401007|159389521|427|0|2|2007998464|0|||0|0|154601661.427|66176564.406|17949498.137|9616|0|0|0|2022-04-11 11:49:02.863296+02
317|1649675752.549273|2022-04-11 13:15:52.549273+02|16781|test|34|1343674541|0|752596630|7343420805|1612120311|1504269228|259476036|159464550|427|0|2|2007998464|0|||0|0|154633693.847|66194658.443|17958012.365|9618|0|0|0|2022-04-11 11:49:02.863296+02
318|1649675753.574394|2022-04-11 13:15:53.574394+02|16781|test|34|1343739994|0|752635637|7344243275|1612252346|1504400362|259541485|159529999|427|0|2|2007998464|0|||0|0|154665726.298|66214603.882|17965390.681|9620|0|0|0|2022-04-11 11:49:02.863296+02
319|1649675754.601196|2022-04-11 13:15:54.601196+02|16781|test|34|1343816630|0|752681285|7345206618|1612406908|1504553862|259618117|159606631|427|0|2|2007998464|0|||0|0|154697759.84|66232363.673|17974109.463|9622|0|0|0|2022-04-11 11:49:02.863296+02
320|1649675755.628345|2022-04-11 13:15:55.628345+02|16781|test|34|1343893322|0|752727076|7346171651|1612561537|1504707474|259694805|159683319|427|0|2|2007998464|0|||0|0|154729791.85|66250071.365|17982867.423|9624|0|0|0|2022-04-11 11:49:02.863296+02
321|1649675756.655817|2022-04-11 13:15:56.655817+02|16781|test|34|1343970238|0|752772795|7347137864|1612716641|1504861534|259771717|159760231|427|0|2|2007998464|0|||0|0|154761825.714|66267723.201|17991664.168|9626|0|0|0|2022-04-11 11:49:02.863296+02
322|1649675757.682552|2022-04-11 13:15:57.682552+02|16781|test|34|1344046892|0|752818674|7348101554|1612871257|1505015070|259848367|159836881|427|0|2|2007998464|0|||0|0|154793858.862|66285447.468|18000415.387|9628|0|0|0|2022-04-11 11:49:02.863296+02
323|1649675758.709568|2022-04-11 13:15:58.709568+02|16781|test|34|1344122496|0|752863833|7349051824|1613023757|1505166506|259923967|159912481|427|0|2|2007998464|0|||0|0|154825891.364|66303403.722|18009017.443|9630|0|0|0|2022-04-11 11:49:02.863296+02
324|1649675759.736764|2022-04-11 13:15:59.736764+02|16781|test|34|1344235023|0|752930664|7350465827|1613250542|1505391788|260036490|160025004|427|0|2|2007998464|0|||0|0|154873932.288|66330634.973|18021714.348|9632|0|0|0|2022-04-11 11:49:02.863296+02
325|1649675760.764139|2022-04-11 13:16:00.764139+02|16781|test|34|1344310954|0|752976069|7351420238|1613403649|1505543878|260112417|160100931|427|0|2|2007998464|0|||0|0|154905965.089|66348476.643|18030373.457|9634|0|0|0|2022-04-11 11:49:02.863296+02
326|1649675761.791058|2022-04-11 13:16:01.791058+02|16781|test|34|1344378249|0|753016174|7352266183|1613539403|1505678696|260179708|160168222|427|0|2|2007998464|0|||0|0|154937997.942|66368025.296|18037979.287|9636|0|0|0|2022-04-11 11:49:02.863296+02
327|1649675762.818484|2022-04-11 13:16:02.818484+02|16781|test|34|1344454586|0|753061503|7353224766|1613693276|1505831598|260256041|160244555|427|0|2|2007998464|0|||0|0|154970032.256|66385874.699|18046632.85|9638|0|0|0|2022-04-11 11:49:02.863296+02
328|1649675763.844636|2022-04-11 13:16:03.844636+02|16781|test|34|1344527020|0|753104578|7354135091|1613839315|1505976694|260328471|160316985|427|0|2|2007998464|0|||0|0|155002065.648|66404447.805|18054846.872|9640|0|0|0|2022-04-11 11:49:02.863296+02
329|1649675764.871389|2022-04-11 13:16:04.871389+02|16781|test|34|1344604040|0|753150717|7355102305|1613994625|1506130962|260405487|160394001|427|0|2|2007998464|0|||0|0|155034099.145|66422094.973|18063644.532|9642|0|0|0|2022-04-11 11:49:02.863296+02
330|1649675765.897526|2022-04-11 13:16:05.897526+02|16781|test|34|1344679415|0|753195616|7356049712|1614146573|1506281940|260480858|160469372|427|0|2|2007998464|0|||0|0|155066130.651|66440113.325|18072204.253|9644|0|0|0|2022-04-11 11:49:02.863296+02
331|1649675766.925290|2022-04-11 13:16:06.92529+02|16781|test|34|1344755695|0|753240983|7357007672|1614300390|1506434728|260557134|160545648|427|0|2|2007998464|0|||0|0|155098165.618|66457870.42|18080939.552|9646|0|0|0|2022-04-11 11:49:02.863296+02
332|1649675767.951396|2022-04-11 13:16:07.951396+02|16781|test|34|1344831782|0|753286204|7357963697|1614453795|1506587130|260633217|160621731|427|0|2|2007998464|0|||0|0|155130198.659|66475668.573|18089642.268|9648|0|0|0|2022-04-11 11:49:02.863296+02
333|1649675768.978403|2022-04-11 13:16:08.978403+02|16781|test|34|1344894755|0|753323769|7358755076|1614580770|1506713304|260696186|160684700|427|0|2|2007998464|0|||0|0|155162234.921|66496001.601|18096767.07|9650|0|0|0|2022-04-11 11:49:02.863296+02
334|1649675770.005125|2022-04-11 13:16:10.005125+02|16781|test|34|1344970785|0|753369104|7359710815|1614734018|1506865592|260772212|160760726|427|0|2|2007998464|0|||0|0|155194270.014|66513962.831|18105359.403|9652|0|0|0|2022-04-11 11:49:02.863296+02
335|1649675771.032426|2022-04-11 13:16:11.032426+02|16781|test|34|1345047948|0|753414893|7360680326|1614889609|1507020146|260849371|160837885|427|0|2|2007998464|0|||0|0|155226301.331|66531569.832|18114185.475|9654|0|0|0|2022-04-11 11:49:02.863296+02
336|1649675772.059776|2022-04-11 13:16:12.059776+02|16781|test|34|1345125012|0|753460851|7361648114|1615044904|1507174502|260926431|160914945|427|0|2|2007998464|0|||0|0|155258333.053|66549151.431|18123021.348|9656|0|0|0|2022-04-11 11:49:02.863296+02
337|1649675773.086523|2022-04-11 13:16:13.086523+02|16781|test|34|1345201035|0|753506284|7362603491|1615198128|1507326776|261002450|160990964|427|0|2|2007998464|0|||0|0|155290366.816|66567108.379|18131619.478|9658|0|0|0|2022-04-11 11:49:02.863296+02
338|1649675774.113663|2022-04-11 13:16:14.113663+02|16781|test|34|1345277449|0|753551707|7363563044|1615352152|1507479832|261078860|161067374|427|0|2|2007998464|0|||0|0|155322401.355|66584835.296|18140374.141|9660|0|0|0|2022-04-11 11:49:02.863296+02
339|1649675775.140454|2022-04-11 13:16:15.140454+02|16781|test|34|1345341439|0|753589763|7364366962|1615481122|1507608040|261142846|161131360|427|0|2|2007998464|0|||0|0|155354436.124|66605140.553|18147514.105|9662|0|0|0|2022-04-11 11:49:02.863296+02
340|1649675776.167452|2022-04-11 13:16:16.167452+02|16781|test|34|1345418586|0|753635597|7365334791|1615636626|1507762562|261219989|161208503|427|0|2|2007998464|0|||0|0|155386468.229|66622808.084|18156279.366|9664|0|0|0|2022-04-11 11:49:02.863296+02
341|1649675777.195114|2022-04-11 13:16:17.195114+02|16781|test|34|1345495527|0|753681164|7366301302|1615791663|1507916672|261296926|161285440|427|0|2|2007998464|0|||0|0|155418501.189|66640439.159|18165085.893|9666|0|0|0|2022-04-11 11:49:02.863296+02
342|1649675778.221596|2022-04-11 13:16:18.221596+02|16781|test|34|1345598773|0|753742550|7367597587|1615999646|1508123392|261400168|161388682|427|0|2|2007998464|0|||0|0|155461538.063|66664251.837|18176829.589|9668|0|0|0|2022-04-11 11:49:02.863296+02
343|1649675779.249356|2022-04-11 13:16:19.249356+02|16781|test|34|1345687530|0|753795279|7368712895|1616178456|1508301134|261488921|161477435|427|0|2|2007998464|0|||0|0|155498571.867|66684595.067|18187056.237|9670|0|0|0|2022-04-11 11:49:02.863296+02
344|1649675780.275786|2022-04-11 13:16:20.275786+02|16781|test|34|1345762833|0|753840031|7369657847|1616330245|1508451968|261564220|161552734|427|0|2|2007998464|0|||0|0|155530603.52|66702583.151|18195638.972|9672|0|0|0|2022-04-11 11:49:02.863296+02
345|1649675781.302967|2022-04-11 13:16:21.302967+02|16781|test|34|1345838696|0|753885138|7370609641|1616483122|1508603922|261640079|161628593|427|0|2|2007998464|0|||0|0|155562634.689|66720459.222|18204298.232|9674|0|0|0|2022-04-11 11:49:02.863296+02
346|1649675782.330250|2022-04-11 13:16:22.33025+02|16781|test|34|1345915032|0|753930506|7371567613|1616636924|1508756822|261716411|161704925|427|0|2|2007998464|0|||0|0|155594668.884|66738260.302|18212996.92|9676|0|0|0|2022-04-11 11:49:02.863296+02
347|1649675783.357549|2022-04-11 13:16:23.357549+02|16781|test|34|1345985769|0|753972735|7372455258|1616779507|1508898524|261787144|161775658|427|0|2|2007998464|0|||0|0|155626777.521|66757194.66|18221031.975|9678|0|0|0|2022-04-11 11:49:02.863296+02
348|1649675784.384830|2022-04-11 13:16:24.38483+02|16781|test|34|1346061660|0|754017902|7373408859|1616932473|1509050534|261863031|161851545|427|0|2|2007998464|0|||0|0|155658808.801|66775188.742|18229595.783|9680|0|0|0|2022-04-11 11:49:02.863296+02
349|1649675785.411493|2022-04-11 13:16:25.411493+02|16781|test|34|1346138131|0|754063296|7374368503|1617086560|1509203704|261939498|161928012|427|0|2|2007998464|0|||0|0|155690843.339|66792937.106|18238320.699|9682|0|0|0|2022-04-11 11:49:02.863296+02
350|1649675786.434680|2022-04-11 13:16:26.43468+02|16781|test|34|1346211147|0|754106881|7375284964|1617233721|1509349964|262012510|162001024|427|0|2|2007998464|0|||0|0|155722873.665|66811395.812|18246603.085|9684|0|0|0|2022-04-11 11:49:02.863296+02
351|1649675787.461461|2022-04-11 13:16:27.461461+02|16781|test|34|1346287284|0|754152270|7376240596|1617387115|1509502466|262088643|162077157|427|0|2|2007998464|0|||0|0|155754906.203|66829282.681|18255244.586|9686|0|0|0|2022-04-11 11:49:02.863296+02
352|1649675788.489356|2022-04-11 13:16:28.489356+02|16781|test|34|1346354883|0|754192578|7377089076|1617523371|1509637892|262156238|162144752|427|0|2|2007998464|0|||0|0|155786939.501|66848669.055|18262964.108|9688|0|0|0|2022-04-11 11:49:02.863296+02
353|1649675789.516032|2022-04-11 13:16:29.516032+02|16781|test|34|1346431809|0|754238616|7378054632|1617678361|1509791972|262233160|162221674|427|0|2|2007998464|0|||0|0|155818980.263|66866430.721|18271682.084|9690|0|0|0|2022-04-11 11:49:02.863296+02
354|1649675790.542891|2022-04-11 13:16:30.542891+02|16781|test|34|1346506991|0|754283108|7378997078|1617829846|1509942564|262308338|162296852|427|0|2|2007998464|0|||0|0|155851035.953|66884589.945|18280161.787|9692|0|0|0|2022-04-11 11:49:02.863296+02
355|1649675791.570254|2022-04-11 13:16:31.570254+02|16781|test|34|1346578829|0|754325645|7379898865|1617974587|1510086468|262380172|162368686|427|0|2|2007998464|0|||0|0|155883081.432|66903277.761|18288317.234|9694|0|0|0|2022-04-11 11:49:02.863296+02
356|1649675792.596684|2022-04-11 13:16:32.596684+02|16781|test|34|1346655625|0|754371665|7380863004|1618129364|1510240288|262456964|162445478|427|0|2|2007998464|0|||0|0|155915112.627|66921031.59|18297032.293|9696|0|0|0|2022-04-11 11:49:02.863296+02
357|1649675793.623862|2022-04-11 13:16:33.623862+02|16781|test|34|1346732802|0|754417500|7381831476|1618284869|1510394870|262534137|162522651|427|0|2|2007998464|0|||0|0|155947147.153|66938596.475|18305874.121|9698|0|0|0|2022-04-11 11:49:02.863296+02
358|1649675794.650742|2022-04-11 13:16:34.650742+02|16781|test|34|1346809353|0|754463008|7382791815|1618439081|1510548200|262610684|162599198|427|0|2|2007998464|0|||0|0|155979180.244|66956412.253|18314558.653|9700|0|0|0|2022-04-11 11:49:02.863296+02
359|1649675795.677957|2022-04-11 13:16:35.677957+02|16781|test|34|1346884260|0|754507726|7383732048|1618589966|1510698242|262685587|162674101|427|0|2|2007998464|0|||0|0|156011214.274|66974546.685|18323052.969|9702|0|0|0|2022-04-11 11:49:02.863296+02
360|1649675796.705577|2022-04-11 13:16:36.705577+02|16781|test|34|1346951038|0|754547274|7384571028|1618724531|1510832026|262752361|162740875|427|0|2|2007998464|0|||0|0|156043273.639|66994147.431|18330653.12|9704|0|0|0|2022-04-11 11:49:02.863296+02
361|1649675797.734739|2022-04-11 13:16:37.734739+02|16781|test|34|1347041516|0|754600884|7385706662|1618906786|1511013210|262842835|162831349|427|0|2|2007998464|0|||0|0|156081810.285|67015907.266|18340883.164|9706|0|0|0|2022-04-11 11:49:02.863296+02
362|1649675798.762285|2022-04-11 13:16:38.762285+02|16781|test|34|1347141405|0|754660635|7386960403|1619107966|1511213216|262942720|162931234|427|0|2|2007998464|0|||0|0|156123361.058|67038748.584|18352327.059|9708|0|0|0|2022-04-11 11:49:02.863296+02
363|1649675799.789054|2022-04-11 13:16:39.789054+02|16781|test|35|1347179989|0|754683606|7387444428|1619185786|1511290600|262981301|162969815|427|0|2|2007998464|0|||0|0|156139384.831|67047540.703|18356742.851|9709|0|0|0|2022-04-11 11:49:02.863296+02
364|1649675800.806264|2022-04-11 13:16:40.806264+02|16781|test|35|1347295379|0|754752455|7388898024|1619418845|1511521620|263096686|163085200|427|0|2|2007998464|0|||0|0|156187416.422|67073829.903|18370062.523|9712|0|0|0|2022-04-11 11:49:02.863296+02
365|1649675801.833230|2022-04-11 13:16:41.83323+02|16781|test|35|1347371577|0|754798130|7389867710|1619574028|1511674244|263172880|163161394|427|0|2|2007998464|0|||0|0|156219451.11|67091449.083|18378899.637|9714|0|0|0|2022-04-11 11:49:02.863296+02
366|1649675802.860860|2022-04-11 13:16:42.86086+02|16781|test|35|1347442782|0|754841406|7390780985|1619720060|1511816882|263244081|163232595|427|0|2|2007998464|0|||0|0|156251486.131|67110101.156|18387067.341|9716|0|0|0|2022-04-11 11:49:02.863296+02
367|1649675803.888114|2022-04-11 13:16:43.888114+02|16781|test|35|1347519046|0|754887683|7391768711|1619877605|1511969638|263320341|163308855|427|0|2|2007998464|0|||0|0|156283525.43|67127812.107|18395821.984|9718|0|0|0|2022-04-11 11:49:02.863296+02
368|1649675804.914819|2022-04-11 13:16:44.914819+02|16781|test|35|1347594320|0|754934099|7392750378|1620034007|1512120414|263395611|163384125|427|0|2|2007998464|0|||0|0|156315559.307|67145634.032|18404518.691|9720|0|0|0|2022-04-11 11:49:02.863296+02
369|1649675805.942114|2022-04-11 13:16:45.942114+02|16781|test|35|1347670263|0|754980671|7393748702|1620192808|1512272528|263471550|163460064|427|0|2|2007998464|0|||0|0|156347593.603|67163371.18|18413270.742|9722|0|0|0|2022-04-11 11:49:02.863296+02
370|1649675806.969166|2022-04-11 13:16:46.969166+02|16781|test|35|1347745683|0|755027866|7394749016|1620351640|1512423596|263546966|163535480|427|0|2|2007998464|0|||0|0|156379625.616|67181262.144|18421917.916|9724|0|0|0|2022-04-11 11:49:02.863296+02
371|1649675807.996160|2022-04-11 13:16:47.99616+02|16781|test|35|1347818041|0|755073249|7395714735|1620504828|1512568540|263619320|163607834|427|0|2|2007998464|0|||0|0|156411694.085|67199754.674|18430226.06|9726|0|0|0|2022-04-11 11:49:02.863296+02
372|1649675809.023344|2022-04-11 13:16:49.023344+02|16781|test|35|1347894664|0|755121802|7396746883|1620668210|1512722014|263695939|163684453|427|0|2|2007998464|0|||0|0|156443726.886|67217406.252|18439019.32|9728|0|0|0|2022-04-11 11:49:02.863296+02
373|1649675810.050200|2022-04-11 13:16:50.0502+02|16781|test|35|1347970304|0|755169977|7397775630|1620830678|1512873522|263771575|163760089|427|0|2|2007998464|0|||0|0|156475759.11|67235196.499|18447729.95|9730|0|0|0|2022-04-11 11:49:02.863296+02
374|1649675811.077667|2022-04-11 13:16:51.077667+02|16781|test|35|1348040862|0|755215167|7398739982|1620982952|1513014866|263842129|163830643|427|0|2|2007998464|0|||0|0|156507792.721|67254108.658|18455740.91|9732|0|0|0|2022-04-11 11:49:02.863296+02
375|1649675812.104467|2022-04-11 13:16:52.104467+02|16781|test|35|1348115789|0|755263999|7399775665|1621145993|1513164948|263917052|163905566|427|0|2|2007998464|0|||0|0|156539824.77|67272110.867|18464319.696|9734|0|0|0|2022-04-11 11:49:02.863296+02
376|1649675813.131785|2022-04-11 13:16:53.131785+02|16781|test|35|1348190229|0|755312593|7400809510|1621308747|1513314056|263991488|163980002|427|0|2|2007998464|0|||0|0|156571859.868|67290194.029|18472862.935|9736|0|0|0|2022-04-11 11:49:02.863296+02
377|1649675814.159674|2022-04-11 13:16:54.159674+02|16781|test|35|1348263591|0|755360784|7401838277|1621470314|1513461008|264064846|164053360|427|0|2|2007998464|0|||0|0|156603894.948|67308499.864|18481251.353|9738|0|0|0|2022-04-11 11:49:02.863296+02
378|1649675815.187284|2022-04-11 13:16:55.187284+02|16781|test|35|1348339605|0|755410759|7402916016|1621639051|1513613264|264140856|164129370|427|0|2|2007998464|0|||0|0|156635926.899|67326230.814|18490003.436|9740|0|0|0|2022-04-11 11:49:02.863296+02
379|1649675816.215011|2022-04-11 13:16:56.215011+02|16781|test|35|1348415950|0|755461801|7404004691|1621809451|1513766182|264217197|164205711|427|0|2|2007998464|0|||0|0|156667962.265|67343948.462|18498762.077|9742|0|0|0|2022-04-11 11:49:02.863296+02
380|1649675817.242260|2022-04-11 13:16:57.24226+02|16781|test|35|1348500876|0|755519017|7405224487|1622000029|1513936262|264302119|164290633|427|0|2|2007998464|0|||0|0|156703997.023|67364083.785|18508483.974|9744|0|0|0|2022-04-11 11:49:02.863296+02
381|1649675818.267620|2022-04-11 13:16:58.26762+02|16781|test|35|1348600460|0|755586561|7406669140|1622225378|1514135658|264401699|164390213|427|0|2|2007998464|0|||0|0|156748049.984|67389461.629|18519909.724|9746|0|0|0|2022-04-11 11:49:02.863296+02
382|1649675819.294628|2022-04-11 13:16:59.294628+02|16781|test|35|1348671457|0|755635456|7407707895|1622387189|1514277880|264472692|164461206|427|0|2|2007998464|0|||0|0|156780083.384|67408254.617|18528004.858|9748|0|0|0|2022-04-11 11:49:02.863296+02
383|1649675820.321025|2022-04-11 13:17:00.321025+02|16781|test|35|1348747738|0|755688095|7408829954|1622561762|1514430670|264548969|164537483|427|0|2|2007998464|0|||0|0|156812115.549|67426023.524|18536719.917|9750|0|0|0|2022-04-11 11:49:02.863296+02
384|1649675821.347961|2022-04-11 13:17:01.347961+02|16781|test|35|1348823656|0|755741111|7409956403|1622736810|1514582734|264624883|164613397|427|0|2|2007998464|0|||0|0|156844149.616|67443719.166|18545513.331|9752|0|0|0|2022-04-11 11:49:02.863296+02
385|1649675822.375466|2022-04-11 13:17:02.375466+02|16781|test|35|1348899368|0|755794359|7411090774|1622912589|1514734386|264700591|164689105|427|0|2|2007998464|0|||0|0|156876186.76|67461580.289|18554173.602|9754|0|0|0|2022-04-11 11:49:02.863296+02
386|1649675823.401521|2022-04-11 13:17:03.401521+02|16781|test|35|1348973803|0|755847248|7412214091|1623086547|1514883484|264775022|164763536|427|0|2|2007998464|0|||0|0|156908220.678|67479662.174|18562720.635|9756|0|0|0|2022-04-11 11:49:02.863296+02
387|1649675824.425731|2022-04-11 13:17:04.425731+02|16781|test|35|1349045074|0|755898277|7413296170|1623254004|1515026254|264846289|164834803|427|0|2|2007998464|0|||0|0|156940250.766|67498268.774|18570939.2|9758|0|0|0|2022-04-11 11:49:02.863296+02
388|1649675825.452998|2022-04-11 13:17:05.452998+02|16781|test|35|1349115363|0|755949268|7414369780|1623419950|1515167060|264916574|164905088|427|0|2|2007998464|0|||0|0|156972286.075|67517206.782|18578939.662|9760|0|0|0|2022-04-11 11:49:02.863296+02
389|1649675826.479771|2022-04-11 13:17:06.479771+02|16781|test|35|1349190810|0|756004631|7415529849|1623599089|1515318182|264992017|164980531|427|0|2|2007998464|0|||0|0|157004320.84|67535120.911|18587584.722|9762|0|0|0|2022-04-11 11:49:02.863296+02
390|1649675827.506590|2022-04-11 13:17:07.50659+02|16781|test|35|1349266345|0|756060371|7416701455|1623779587|1515469480|265067548|165056062|427|0|2|2007998464|0|||0|0|157036353.435|67552917.274|18596305.807|9764|0|0|0|2022-04-11 11:49:02.863296+02
391|1649675828.533227|2022-04-11 13:17:08.533227+02|16781|test|35|1349341553|0|756116504|7417876521|1623960235|1515620124|265142752|165131266|427|0|2|2007998464|0|||0|0|157068387.186|67570846.888|18604932.266|9766|0|0|0|2022-04-11 11:49:02.863296+02
392|1649675829.559522|2022-04-11 13:17:09.559522+02|16781|test|35|1349412859|0|756169987|7418998976|1624132719|1515762964|265214054|165202568|427|0|2|2007998464|0|||0|0|157100422.968|67589500.795|18613124.733|9768|0|0|0|2022-04-11 11:49:02.863296+02
393|1649675830.586315|2022-04-11 13:17:10.586315+02|16781|test|35|1349488090|0|756227431|7420190843|1624315578|1515913654|265289281|165277795|427|0|2|2007998464|0|||0|0|157132454.951|67607422.983|18621756.372|9770|0|0|0|2022-04-11 11:49:02.863296+02
394|1649675831.613234|2022-04-11 13:17:11.613234+02|16781|test|35|1349557785|0|756281076|7421303912|1624486218|1516053272|265358972|165347486|427|0|2|2007998464|0|||0|0|157164488.48|67626411.859|18629728.088|9772|0|0|0|2022-04-11 11:49:02.863296+02
395|1649675832.639894|2022-04-11 13:17:12.639894+02|16781|test|35|1349633322|0|756339887|7422518657|1624672158|1516204574|265434505|165423019|427|0|2|2007998464|0|||0|0|157196522.412|67644234.684|18638422.85|9774|0|0|0|2022-04-11 11:49:02.863296+02
396|1649675833.667503|2022-04-11 13:17:13.667503+02|16781|test|35|1349708913|0|756399473|7423742598|1624859325|1516355984|265510092|165498606|427|0|2|2007998464|0|||0|0|157228559.132|67662035.111|18647118.829|9776|0|0|0|2022-04-11 11:49:02.863296+02
397|1649675834.695050|2022-04-11 13:17:14.69505+02|16781|test|35|1349783561|0|756459128|7424959225|1625045030|1516505508|265584736|165573250|427|0|2|2007998464|0|||0|0|157260592.936|67680052.519|18655691.622|9778|0|0|0|2022-04-11 11:49:02.863296+02
398|1649675835.721738|2022-04-11 13:17:15.721738+02|16781|test|35|1349856091|0|756517913|7426149516|1625226600|1516650796|265657262|165645776|427|0|2|2007998464|0|||0|0|157292681.751|67698518.141|18664025.34|9780|0|0|0|2022-04-11 11:49:02.863296+02
399|1649675836.749016|2022-04-11 13:17:16.749016+02|16781|test|35|1349926074|0|756575717|7427306807|1625402811|1516790990|265727241|165715755|427|0|2|2007998464|0|||0|0|157326217.826|67719050.916|18671951.367|9782|0|0|0|2022-04-11 11:49:02.863296+02
400|1649675837.775975|2022-04-11 13:17:17.775975+02|16781|test|35|1350035947|0|756666971|7429135381|1625680964|1517010964|265837110|165825624|427|0|2|2007998464|0|||0|0|157372757.512|67744905.635|18684605.381|9784|0|0|0|2022-04-11 11:49:02.863296+02
401|1649675838.802844|2022-04-11 13:17:18.802844+02|16781|test|35|1350110962|0|756730632|7430396436|1625872476|1517161222|265912121|165900635|427|0|2|2007998464|0|||0|0|157404790.541|67762781.468|18693266.945|9786|0|0|0|2022-04-11 11:49:02.863296+02
402|1649675839.830173|2022-04-11 13:17:19.830173+02|16781|test|34|1350184388|0|756968239|7431698629|1626055325|1517309372|265985559|165974057|447|0|2|2007998464|0|||0|0|157436825.039|67780623.355|18701975.216|9788|0|0|0|2022-04-11 11:49:02.863296+02
403|1649675840.857114|2022-04-11 13:17:20.857114+02|16781|test|34|1350259486|0|757015279|7432677335|1626211651|1517459796|266060653|166049151|447|0|2|2007998464|0|||0|0|157468858.637|67798612.212|18710565.89|9790|0|0|0|2022-04-11 11:49:02.863296+02
404|1649675841.883664|2022-04-11 13:17:21.883664+02|16781|test|34|1350326482|0|757056880|7433550330|1626351174|1517594016|266127645|166116143|447|0|2|2007998464|0|||0|0|157500891.561|67818284.344|18718096.41|9792|0|0|0|2022-04-11 11:49:02.863296+02
405|1649675842.911058|2022-04-11 13:17:22.911058+02|16781|test|34|1350402626|0|757104538|7434542188|1626509705|1517746532|266203785|166192283|447|0|2|2007998464|0|||0|0|157532927.702|67836135.613|18726751.239|9794|0|0|0|2022-04-11 11:49:02.863296+02
406|1649675843.938063|2022-04-11 13:17:23.938063+02|16781|test|34|1350478381|0|757152036|7435528544|1626667222|1517898270|266279536|166268034|447|0|2|2007998464|0|||0|0|157564961.15|67854130.83|18735315.467|9796|0|0|0|2022-04-11 11:49:02.863296+02
407|1649675844.965137|2022-04-11 13:17:24.965137+02|16781|test|34|1350554199|0|757199454|7436516505|1626825087|1518050134|266355350|166343848|447|0|2|2007998464|0|||0|0|157596994.619|67871973.595|18743985.006|9798|0|0|0|2022-04-11 11:49:02.863296+02
408|1649675845.991994|2022-04-11 13:17:25.991994+02|16781|test|34|1350630427|0|757246905|7437508196|1626983584|1518202818|266431574|166420072|447|0|2|2007998464|0|||0|0|157629028.557|67889715.322|18752714.786|9800|0|0|0|2022-04-11 11:49:02.863296+02
409|1649675847.018924|2022-04-11 13:17:27.018924+02|16781|test|34|1350703873|0|757292630|7438463379|1627136272|1518349938|266505016|166493514|447|0|2|2007998464|0|||0|0|157661061.448|67908024.239|18761089.561|9802|0|0|0|2022-04-11 11:49:02.863296+02
410|1649675848.045626|2022-04-11 13:17:28.045626+02|16781|test|34|1350779498|0|757339786|7439446571|1627293349|1518501416|266580637|166569135|447|0|2|2007998464|0|||0|0|157693096.878|67925938.155|18769711.488|9804|0|0|0|2022-04-11 11:49:02.863296+02
411|1649675849.072730|2022-04-11 13:17:29.07273+02|16781|test|34|1350854102|0|757386255|7440414805|1627448310|1518650852|266655237|166643735|447|0|2|2007998464|0|||0|0|157725129.856|67944152.014|18778146.129|9806|0|0|0|2022-04-11 11:49:02.863296+02
412|1649675850.099689|2022-04-11 13:17:30.099689+02|16781|test|34|1350929132|0|757432736|7441389192|1627604281|1518801140|266730263|166718761|447|0|2|2007998464|0|||0|0|157757164.625|67962144.541|18786732.798|9808|0|0|0|2022-04-11 11:49:02.863296+02
413|1649675851.126436|2022-04-11 13:17:31.126436+02|16781|test|34|1351004419|0|757479718|7442366007|1627760526|1518951942|266805546|166794044|447|0|2|2007998464|0|||0|0|157789198.175|67980094.605|18795328.266|9810|0|0|0|2022-04-11 11:49:02.863296+02
414|1649675852.153360|2022-04-11 13:17:32.15336+02|16781|test|34|1351067950|0|757519352|7443190588|1627892517|1519079232|266869073|166857571|447|0|2|2007998464|0|||0|0|157821229.532|68000256.048|18802566.866|9812|0|0|0|2022-04-11 11:49:02.863296+02
415|1649675853.180338|2022-04-11 13:17:33.180338+02|16781|test|34|1351144363|0|757566945|7444181747|1628051099|1519232286|266945482|166933980|447|0|2|2007998464|0|||0|0|157853262.455|68018159.168|18811174.823|9814|0|0|0|2022-04-11 11:49:02.863296+02
416|1649675854.207315|2022-04-11 13:17:34.207315+02|16781|test|34|1351220407|0|757614219|7445167203|1628208779|1519384602|267021522|167010020|447|0|2|2007998464|0|||0|0|157885295.913|68035959.202|18819849.595|9816|0|0|0|2022-04-11 11:49:02.863296+02
417|1649675855.234673|2022-04-11 13:17:35.234673+02|16781|test|34|1351295592|0|757660711|7446142937|1628364738|1519535200|267096703|167085201|447|0|2|2007998464|0|||0|0|157917328.616|68053988.435|18828401.249|9818|0|0|0|2022-04-11 11:49:02.863296+02
418|1649675856.261968|2022-04-11 13:17:36.261968+02|16781|test|34|1351380983|0|757713595|7447248666|1628541716|1519706210|267182090|167170588|447|0|2|2007998464|0|||0|0|157953862.219|68074628.753|18838088.61|9820|0|0|0|2022-04-11 11:49:02.863296+02
419|1649675857.288877|2022-04-11 13:17:37.288877+02|16781|test|34|1351482824|0|757776887|7448568195|1628752705|1519910120|267283927|167272425|447|0|2|2007998464|0|||0|0|157997398.854|68099110.228|18849733.689|9822|0|0|0|2022-04-11 11:49:02.863296+02
420|1649675858.316109|2022-04-11 13:17:38.316109+02|16781|test|34|1351548669|0|757817924|7449421099|1628889101|1520042038|267349768|167338266|447|0|2|2007998464|0|||0|0|158029436.316|68119018.351|18857106.018|9824|0|0|0|2022-04-11 11:49:02.863296+02
421|1649675859.343790|2022-04-11 13:17:39.34379+02|16781|test|34|1351625170|0|757864991|7450410619|1629047671|1520195268|267426265|167414763|447|0|2|2007998464|0|||0|0|158061469.052|68136761.504|18865834.247|9826|0|0|0|2022-04-11 11:49:02.863296+02
422|1649675860.370195|2022-04-11 13:17:40.370195+02|16781|test|34|1351701446|0|757912339|7451398109|1629206896|1520348078|267502533|167491031|447|0|2|2007998464|0|||0|0|158093500.13|68154492.903|18874567.016|9828|0|0|0|2022-04-11 11:49:02.863296+02
423|1649675861.397448|2022-04-11 13:17:41.397448+02|16781|test|34|1351777590|0|757959169|7452381643|1629364451|1520500594|267578673|167567171|447|0|2|2007998464|0|||0|0|158125533.047|68172278.896|18883275.284|9830|0|0|0|2022-04-11 11:49:02.863296+02
424|1649675862.424588|2022-04-11 13:17:42.424588+02|16781|test|34|1351852761|0|758005845|7453353694|1629520092|1520651164|267653840|167642338|447|0|2|2007998464|0|||0|0|158157565.623|68190246.179|18891869.609|9832|0|0|0|2022-04-11 11:49:02.863296+02
425|1649675863.451158|2022-04-11 13:17:43.451158+02|16781|test|34|1351925543|0|758050878|7454293048|1629670591|1520796956|267726618|167715116|447|0|2|2007998464|0|||0|0|158189599.685|68208718.131|18900145.906|9834|0|0|0|2022-04-11 11:49:02.863296+02
426|1649675864.480338|2022-04-11 13:17:44.480338+02|16781|test|34|1351995499|0|758093962|7455195871|1629815183|1520937096|267796570|167785068|447|0|2|2007998464|0|||0|0|158221635.368|68227736.042|18908059.089|9836|0|0|0|2022-04-11 11:49:02.863296+02
427|1649675865.508126|2022-04-11 13:17:45.508126+02|16781|test|34|1352071807|0|758141115|7456181091|1629973068|1521089940|267872874|167861372|447|0|2|2007998464|0|||0|0|158253669.26|68245515.257|18916769.628|9838|0|0|0|2022-04-11 11:49:02.863296+02
428|1649675866.535733|2022-04-11 13:17:46.535733+02|16781|test|34|1352148016|0|758188222|7457164160|1630130455|1521242586|267949079|167937577|447|0|2|2007998464|0|||0|0|158285702.74|68263259.031|18925506.464|9840|0|0|0|2022-04-11 11:49:02.863296+02
429|1649675867.563545|2022-04-11 13:17:47.563545+02|16781|test|34|1352224252|0|758234878|7458147472|1630287967|1521395286|268025311|168013809|447|0|2|2007998464|0|||0|0|158317735.686|68281041.802|18934201.668|9842|0|0|0|2022-04-11 11:49:02.863296+02
430|1649675868.590881|2022-04-11 13:17:48.590881+02|16781|test|34|1352298917|0|758280802|7459110795|1630442297|1521544844|268099972|168088470|447|0|2|2007998464|0|||0|0|158349770.518|68299114.855|18942735.192|9844|0|0|0|2022-04-11 11:49:02.863296+02
431|1649675869.618052|2022-04-11 13:17:49.618052+02|16781|test|34|1352373814|0|758326849|7460076768|1630597040|1521694866|268174865|168163363|447|0|2|2007998464|0|||0|0|158381804.24|68317278.738|18951192.9|9846|0|0|0|2022-04-11 11:49:02.863296+02
432|1649675870.645509|2022-04-11 13:17:50.645509+02|16781|test|34|1352449323|0|758373230|7461049321|1630752930|1521846112|268250370|168238868|447|0|2|2007998464|0|||0|0|158413837.583|68335168.321|18959828.37|9848|0|0|0|2022-04-11 11:49:02.863296+02
433|1649675871.672870|2022-04-11 13:17:51.67287+02|16781|test|34|1352524694|0|758419515|7462019828|1630908468|1521997082|268325737|168314235|447|0|2|2007998464|0|||0|0|158445871.583|68353115.031|18968434.639|9850|0|0|0|2022-04-11 11:49:02.863296+02
434|1649675872.699376|2022-04-11 13:17:52.699376+02|16781|test|34|1352600386|0|758466030|7462995812|1631064738|1522148694|268401425|168389923|447|0|2|2007998464|0|||0|0|158477905.305|68370980.008|18977083.216|9852|0|0|0|2022-04-11 11:49:02.863296+02
435|1649675873.726611|2022-04-11 13:17:53.726611+02|16781|test|34|1352675406|0|758512356|7463960722|1631219328|1522298962|268476441|168464939|447|0|2|2007998464|0|||0|0|158509938.867|68389016.709|18985633.587|9854|0|0|0|2022-04-11 11:49:02.863296+02
436|1649675874.753237|2022-04-11 13:17:54.753237+02|16781|test|34|1352739549|0|758551432|7464786506|1631351601|1522427476|268540580|168529078|447|0|2|2007998464|0|||0|0|158542027.731|68409184.66|18992896.222|9856|0|0|0|2022-04-11 11:49:02.863296+02
437|1649675875.780649|2022-04-11 13:17:55.780649+02|16781|test|34|1352850079|0|758619238|7466208195|1631579340|1522648764|268651106|168639604|447|0|2|2007998464|0|||0|0|158588564.313|68435271.043|19005355.075|9858|0|0|0|2022-04-11 11:49:02.863296+02
438|1649675876.807328|2022-04-11 13:17:56.807328+02|16781|test|34|1352929152|0|758667578|7467225078|1631742279|1522807138|268730175|168718673|447|0|2|2007998464|0|||0|0|158622095.86|68454029.903|19014384.727|9860|0|0|0|2022-04-11 11:49:02.863296+02
439|1649675877.834362|2022-04-11 13:17:57.834362+02|16781|test|34|1353002808|0|758712598|7468170876|1631894056|1522954678|268803827|168792325|447|0|2|2007998464|0|||0|0|158654127.982|68472479.412|19022661.789|9862|0|0|0|2022-04-11 11:49:02.863296+02
440|1649675878.860879|2022-04-11 13:17:58.860879+02|16781|test|34|1353076906|0|758757957|7469123720|1632046715|1523103102|268877921|168866419|447|0|2|2007998464|0|||0|0|158686162.249|68490848.277|19030986.357|9864|0|0|0|2022-04-11 11:49:02.863296+02
441|1649675879.887969|2022-04-11 13:17:59.887969+02|16781|test|34|1353143394|0|758798730|7469977875|1632183687|1523236306|268944405|168932903|447|0|2|2007998464|0|||0|0|158718203.483|68510499.403|19038542.658|9866|0|0|0|2022-04-11 11:49:02.863296+02
442|1649675880.915238|2022-04-11 13:18:00.915238+02|16781|test|34|1353219717|0|758845395|7470959135|1632340930|1523389180|269020724|169009222|447|0|2|2007998464|0|||0|0|158750237.617|68528304.578|19047238.331|9868|0|0|0|2022-04-11 11:49:02.863296+02
443|1649675881.942346|2022-04-11 13:18:01.942346+02|16781|test|34|1353295845|0|758892052|7471936631|1632497690|1523541664|269096848|169085346|447|0|2|2007998464|0|||0|0|158782270.434|68546112.754|19055920.875|9870|0|0|0|2022-04-11 11:49:02.863296+02
444|1649675882.969892|2022-04-11 13:18:02.969892+02|16781|test|34|1353372084|0|758938465|7472915530|1632654643|1523694370|269173083|169161581|447|0|2|2007998464|0|||0|0|158814302.946|68563904.44|19064608.625|9872|0|0|0|2022-04-11 11:49:02.863296+02
445|1649675883.997751|2022-04-11 13:18:03.997751+02|16781|test|34|1353447440|0|758984503|7473883012|1632809721|1523845310|269248435|169236933|447|0|2|2007998464|0|||0|0|158846338.201|68581846.45|19073206.972|9874|0|0|0|2022-04-11 11:49:02.863296+02
446|1649675885.025419|2022-04-11 13:18:05.025419+02|16781|test|34|1353522932|0|759030919|7474851786|1632965049|1523996522|269323923|169312421|447|0|2|2007998464|0|||0|0|158878371.55|68599764.058|19081836.369|9876|0|0|0|2022-04-11 11:49:02.863296+02
447|1649675886.051998|2022-04-11 13:18:06.051998+02|16781|test|34|1353592651|0|759073160|7475745002|1633108414|1524136188|269393638|169382136|447|0|2|2007998464|0|||0|0|158910467.415|68618857.447|19089776.066|9878|0|0|0|2022-04-11 11:49:02.863296+02
448|1649675887.078913|2022-04-11 13:18:07.078913+02|16781|test|34|1353665872|0|759117788|7476684459|1633259045|1524282858|269466855|169455353|447|0|2|2007998464|0|||0|0|158942500.277|68637219.621|19098111.294|9880|0|0|0|2022-04-11 11:49:02.863296+02
449|1649675888.106638|2022-04-11 13:18:08.106638+02|16781|test|34|1353741382|0|759163820|7477652088|1633414295|1524434106|269542361|169530859|447|0|2|2007998464|0|||0|0|158974534.676|68655199.001|19106697.503|9882|0|0|0|2022-04-11 11:49:02.863296+02
450|1649675889.134299|2022-04-11 13:18:09.134299+02|16781|test|34|1353817742|0|759210614|7478629383|1633571174|1524587054|269618717|169607215|447|0|2|2007998464|0|||0|0|159006567.358|68672973.635|19115416.813|9884|0|0|0|2022-04-11 11:49:02.863296+02
451|1649675890.161600|2022-04-11 13:18:10.1616+02|16781|test|34|1353893790|0|759257087|7479603802|1633727428|1524739378|269694761|169683259|447|0|2|2007998464|0|||0|0|159038601.785|68690787.744|19124100.401|9886|0|0|0|2022-04-11 11:49:02.863296+02
452|1649675891.188837|2022-04-11 13:18:11.188837+02|16781|test|34|1353968640|0|759302884|7480561582|1633881237|1524889306|269769607|169758105|447|0|2|2007998464|0|||0|0|159070636.687|68708917.496|19132594.839|9888|0|0|0|2022-04-11 11:49:02.863296+02
453|1649675892.216341|2022-04-11 13:18:12.216341+02|16781|test|34|1354044068|0|759348948|7481528197|1634036268|1525040390|269845031|169833529|447|0|2|2007998464|0|||0|0|159102669.299|68726875.259|19141193.978|9890|0|0|0|2022-04-11 11:49:02.863296+02
454|1649675893.244090|2022-04-11 13:18:13.24409+02|16781|test|34|1354119398|0|759394848|7482492762|1634191016|1525191278|269920357|169908855|447|0|2|2007998464|0|||0|0|159134702.899|68744847.701|19149776.222|9892|0|0|0|2022-04-11 11:49:02.863296+02
455|1649675894.271865|2022-04-11 13:18:14.271865+02|16781|test|34|1354195101|0|759440958|7483463031|1634346573|1525342912|269996056|169984554|447|0|2|2007998464|0|||0|0|159166739.466|68762751.96|19158412.493|9894|0|0|0|2022-04-11 11:49:02.863296+02
456|1649675895.299084|2022-04-11 13:18:15.299084+02|16781|test|34|1354306486|0|759508781|7484887387|1634575250|1525565910|270107437|170095935|447|0|2|2007998464|0|||0|0|159214279.628|68789512.62|19171096.043|9896|0|0|0|2022-04-11 11:49:02.863296+02
457|1649675896.325332|2022-04-11 13:18:16.325332+02|16781|test|34|1354361022|0|759542072|7485584141|1634687216|1525675210|270161969|170150467|447|0|2|2007998464|0|||0|0|159237818.536|68802906.277|19177272.928|9898|0|0|0|2022-04-11 11:49:02.863296+02
458|1649675897.348220|2022-04-11 13:18:17.34822+02|16781|test|34|1354440424|0|759590000|7486598621|1634850095|1525834242|270241367|170229865|447|0|2|2007998464|0|||0|0|159275702.033|68826031.393|19186258.079|9900|0|0|0|2022-04-11 11:49:02.863296+02
459|1649675898.375828|2022-04-11 13:18:18.375828+02|16781|test|34|1354516248|0|759636551|7487567848|1635005694|1525986118|270317187|170305685|447|0|2|2007998464|0|||0|0|159307734.273|68844028.427|19194816.257|9902|0|0|0|2022-04-11 11:49:02.863296+02
460|1649675899.403478|2022-04-11 13:18:19.403478+02|16781|test|34|1354595297|0|759684766|7488578784|1635167911|1526144444|270396232|170384730|447|0|2|2007998464|0|||0|0|159341266.723|68862770.432|19203864.803|9904|0|0|0|2022-04-11 11:49:02.863296+02
461|1649675900.430975|2022-04-11 13:18:20.430975+02|16781|test|34|1354676500|0|759734145|7489616182|1635334561|1526307078|270477431|170465929|447|0|2|2007998464|0|||0|0|159375801.268|68882069.352|19213187.585|9906|0|0|0|2022-04-11 11:49:02.863296+02
462|1649675901.458675|2022-04-11 13:18:21.458675+02|16781|test|34|1354751670|0|759779830|7490577192|1635488709|1526457646|270552597|170541095|447|0|2|2007998464|0|||0|0|159407834.359|68900028.682|19221788.553|9908|0|0|0|2022-04-11 11:49:02.863296+02
463|1649675902.485990|2022-04-11 13:18:22.48599+02|16781|test|34|1354826419|0|759825296|7491531830|1635642023|1526607372|270627342|170615840|447|0|2|2007998464|0|||0|0|159439867.814|68918010.119|19230393.006|9910|0|0|0|2022-04-11 11:49:02.863296+02
464|1649675903.513301|2022-04-11 13:18:23.513301+02|16781|test|34|1354895075|0|759867102|7492408436|1635782708|1526744912|270695994|170684492|447|0|2|2007998464|0|||0|0|159471900.418|68937244.736|19238203.501|9912|0|0|0|2022-04-11 11:49:02.863296+02
465|1649675904.540250|2022-04-11 13:18:24.54025+02|16781|test|34|1354971199|0|759913620|7493380047|1635938776|1526897388|270772114|170760612|447|0|2|2007998464|0|||0|0|159503934.397|68955085.914|19246867.463|9914|0|0|0|2022-04-11 11:49:02.863296+02
466|1649675905.567934|2022-04-11 13:18:25.567934+02|16781|test|34|1355047288|0|759959797|7494350782|1636094702|1527049794|270848199|170836697|447|0|2|2007998464|0|||0|0|159535966.89|68972880.861|19255559.072|9916|0|0|0|2022-04-11 11:49:02.863296+02
467|1649675906.595411|2022-04-11 13:18:26.595411+02|16781|test|34|1355123063|0|760006010|7495318839|1636250050|1527201572|270923970|170912468|447|0|2|2007998464|0|||0|0|159568000.846|68990846.062|19264148.097|9918|0|0|0|2022-04-11 11:49:02.863296+02
468|1649675907.622862|2022-04-11 13:18:27.622862+02|16781|test|34|1355198659|0|760051934|7496283212|1636404977|1527352992|270999562|170988060|447|0|2|2007998464|0|||0|0|159600040.231|69008784.694|19272752.777|9920|0|0|0|2022-04-11 11:49:02.863296+02
469|1649675908.649684|2022-04-11 13:18:28.649684+02|16781|test|34|1355264969|0|760092052|7497129166|1636540828|1527485840|271065868|171054366|447|0|2|2007998464|0|||0|0|159632074.66|69028459.845|19280289.821|9922|0|0|0|2022-04-11 11:49:02.863296+02
470|1649675909.677082|2022-04-11 13:18:29.677082+02|16781|test|34|1355341980|0|760138725|7498111944|1636698538|1527640090|271142875|171131373|447|0|2|2007998464|0|||0|0|159664106.567|69046117.433|19289063.769|9924|0|0|0|2022-04-11 11:49:02.863296+02
471|1649675910.704384|2022-04-11 13:18:30.704384+02|16781|test|34|1355418690|0|760185249|7499090511|1636855659|1527793738|271219581|171208079|447|0|2|2007998464|0|||0|0|159696139.678|69063790.696|19297833.796|9926|0|0|0|2022-04-11 11:49:02.863296+02
472|1649675911.731781|2022-04-11 13:18:31.731781+02|16781|test|34|1355494997|0|760231707|7500063230|1637011891|1527946580|271295884|171284382|447|0|2|2007998464|0|||0|0|159728172.453|69081504.356|19306587.685|9928|0|0|0|2022-04-11 11:49:02.863296+02
473|1649675912.759297|2022-04-11 13:18:32.759297+02|16781|test|34|1355571490|0|760277991|7501036914|1637168379|1528099794|271372373|171360871|447|0|2|2007998464|0|||0|0|159760205.669|69099194.366|19315361.377|9930|0|0|0|2022-04-11 11:49:02.863296+02
474|1649675913.786874|2022-04-11 13:18:33.786874+02|16781|test|34|1355653183|0|760327687|7502079335|1637335690|1528263408|271454062|171442560|447|0|2|2007998464|0|||0|0|159794741.815|69118445.263|19324691.707|9932|0|0|0|2022-04-11 11:49:02.863296+02
475|1649675914.814658|2022-04-11 13:18:34.814658+02|16781|test|34|1355751064|0|760387097|7503326584|1637536038|1528459398|271551939|171540437|447|0|2|2007998464|0|||0|0|159836281.838|69141717.64|19335850.14|9934|0|0|0|2022-04-11 11:49:02.863296+02
476|1649675915.841534|2022-04-11 13:18:35.841534+02|16781|test|34|1355826837|0|760432777|7504292620|1637691118|1528611172|271627708|171616206|447|0|2|2007998464|0|||0|0|159868314.454|69159575.388|19344518.97|9936|0|0|0|2022-04-11 11:49:02.863296+02
477|1649675916.868347|2022-04-11 13:18:36.868347+02|16781|test|34|1355902113|0|760478585|7505251151|1637845159|1528761952|271702980|171691478|447|0|2|2007998464|0|||0|0|159900347.379|69177572.696|19353086.004|9938|0|0|0|2022-04-11 11:49:02.863296+02
478|1649675917.895818|2022-04-11 13:18:37.895818+02|16781|test|34|1355980930|0|760526818|7506253918|1638006350|1528919814|271781793|171770291|447|0|2|2007998464|0|||0|0|159933880.564|69196330.457|19362138.82|9940|0|0|0|2022-04-11 11:49:02.863296+02
479|1649675918.922894|2022-04-11 13:18:38.922894+02|16781|test|34|1356049481|0|760568167|7507127287|1638146588|1529057144|271850340|171838838|447|0|2|2007998464|0|||0|0|159968412.661|69217943.289|19370042.789|9942|0|0|0|2022-04-11 11:49:02.863296+02
480|1649675919.949595|2022-04-11 13:18:39.949595+02|16781|test|34|1356087769|0|760591326|7507615289|1638225021|1529133936|271888625|171877123|447|0|2|2007998464|0|||0|0|159984437.439|69226894.474|19374342.551|9943|0|0|0|2022-04-11 11:49:02.863296+02
481|1649675920.966338|2022-04-11 13:18:40.966338+02|16781|test|34|1356202515|0|760660798|7509075793|1638460355|1529363679|272003364|171991862|447|0|2|2007998464|0|||0|0|160032469.122|69253523.47|19387412.229|9946|0|0|0|2022-04-11 11:49:02.863296+02
482|1649675921.992750|2022-04-11 13:18:41.99275+02|16781|test|34|1356278551|0|760706728|7510042660|1638615737|1529515979|272079396|172067894|447|0|2|2007998464|0|||0|0|160064503.026|69271307.525|19396129.358|9948|0|0|0|2022-04-11 11:49:02.863296+02
483|1649675923.018821|2022-04-11 13:18:43.018821+02|16781|test|34|1356353251|0|760752205|7510993674|1638768499|1529665607|272154092|172142590|447|0|2|2007998464|0|||0|0|160096536.418|69289488.823|19404584.403|9950|0|0|0|2022-04-11 11:49:02.863296+02
484|1649675924.044358|2022-04-11 13:18:44.044358+02|16781|test|34|1356428233|0|760797803|7511947221|1638921868|1529815799|272229070|172217568|447|0|2|2007998464|0|||0|0|160128567.842|69307542.731|19413128.573|9952|0|0|0|2022-04-11 11:49:02.863296+02
485|1649675925.071974|2022-04-11 13:18:45.071974+02|16781|test|34|1356492331|0|760836786|7512762526|1639052949|1529944223|272293164|172281662|447|0|2|2007998464|0|||0|0|160160599.96|69327680.028|19420383.266|9954|0|0|0|2022-04-11 11:49:02.863296+02
486|1649675926.099055|2022-04-11 13:18:46.099055+02|16781|test|34|1356569021|0|760883076|7513738026|1639209728|1530097831|272369850|172358348|447|0|2|2007998464|0|||0|0|160192635.092|69345415.786|19429108.752|9956|0|0|0|2022-04-11 11:49:02.863296+02
487|1649675927.126949|2022-04-11 13:18:47.126949+02|16781|test|34|1356645603|0|760929209|7514712859|1639366246|1530251223|272446428|172434926|447|0|2|2007998464|0|||0|0|160224667.188|69363107.062|19437872.016|9958|0|0|0|2022-04-11 11:49:02.863296+02
488|1649675928.154052|2022-04-11 13:18:48.154052+02|16781|test|34|1356722052|0|760975718|7515684989|1639522381|1530404349|272522873|172511371|447|0|2|2007998464|0|||0|0|160256703.222|69380834.337|19446616.451|9960|0|0|0|2022-04-11 11:49:02.863296+02
489|1649675929.181518|2022-04-11 13:18:49.181518+02|16781|test|34|1356797987|0|761021658|7516649798|1639677583|1530556447|272598804|172587302|447|0|2|2007998464|0|||0|0|160288737.11|69398644.415|19455304.864|9962|0|0|0|2022-04-11 11:49:02.863296+02
490|1649675930.208956|2022-04-11 13:18:50.208956+02|16781|test|34|1356866262|0|761063128|7517518289|1639817118|1530693225|272667075|172655573|447|0|2|2007998464|0|||0|0|160320962.099|69418167.153|19463072.597|9964|0|0|0|2022-04-11 11:49:02.863296+02
491|1649675931.236130|2022-04-11 13:18:51.23613+02|16781|test|34|1356940804|0|761108201|7518465353|1639969322|1530842537|272741613|172730111|447|0|2|2007998464|0|||0|0|160352995.945|69436289.468|19471573.309|9966|0|0|0|2022-04-11 11:49:02.863296+02
492|1649675932.263306|2022-04-11 13:18:52.263306+02|16781|test|34|1357017131|0|761154450|7519434670|1640125179|1530995419|272817936|172806434|447|0|2|2007998464|0|||0|0|160385027.635|69454089.663|19480269.91|9968|0|0|0|2022-04-11 11:49:02.863296+02
493|1649675933.290435|2022-04-11 13:18:53.290435+02|16781|test|34|1357093784|0|761200749|7520407553|1640281625|1531148953|272894585|172883083|447|0|2|2007998464|0|||0|0|160417059.082|69471783.361|19489031.202|9970|0|0|0|2022-04-11 11:49:02.863296+02
494|1649675934.317828|2022-04-11 13:18:54.317828+02|16781|test|34|1357199198|0|761264729|7521745948|1640496792|1531360009|272999995|172988493|447|0|2|2007998464|0|||0|0|160461096.961|69496175.682|19501021.609|9972|0|0|0|2022-04-11 11:49:02.863296+02
495|1649675935.344786|2022-04-11 13:18:55.344786+02|16781|test|34|1357275010|0|761310817|7522708363|1640651576|1531511861|273075803|173064301|447|0|2|2007998464|0|||0|0|160493130.73|69514007.455|19509699.143|9974|0|0|0|2022-04-11 11:49:02.863296+02
496|1649675936.372347|2022-04-11 13:18:56.372347+02|16781|test|34|1357350806|0|761356896|7523671667|1640806352|1531663681|273151595|173140093|447|0|2|2007998464|0|||0|0|160525164.891|69531854.268|19518365.212|9976|0|0|0|2022-04-11 11:49:02.863296+02
497|1649675937.399983|2022-04-11 13:18:57.399983+02|16781|test|34|1357426177|0|761402140|7524627865|1640960111|1531814651|273226962|173215460|447|0|2|2007998464|0|||0|0|160557198.241|69549839.88|19526947.207|9978|0|0|0|2022-04-11 11:49:02.863296+02
498|1649675938.427237|2022-04-11 13:18:58.427237+02|16781|test|34|1357511006|0|761453321|7525705293|1641133195|1531984537|273311787|173300285|447|0|2|2007998464|0|||0|0|160593234.024|69569939.009|19536698.761|9980|0|0|0|2022-04-11 11:49:02.863296+02
499|1649675939.455143|2022-04-11 13:18:59.455143+02|16781|test|34|1357577660|0|761493748|7526551407|1641269280|1532118073|273378437|173366935|447|0|2|2007998464|0|||0|0|160625266.758|69589517.792|19544312.184|9982|0|0|0|2022-04-11 11:49:02.863296+02
500|1649675940.482275|2022-04-11 13:19:00.482275+02|16781|test|34|1357654489|0|761540194|7527525690|1641425950|1532271959|273455262|173443760|447|0|2|2007998464|0|||0|0|160657301.403|69607243.567|19553052.104|9984|0|0|0|2022-04-11 11:49:02.863296+02
501|1649675941.509215|2022-04-11 13:19:01.509215+02|16781|test|34|1357726255|0|761583517|7528435647|1641572347|1532415719|273527024|173515522|447|0|2|2007998464|0|||0|0|160689334.639|69625965.643|19561159.789|9986|0|0|0|2022-04-11 11:49:02.863296+02
502|1649675942.535785|2022-04-11 13:19:02.535785+02|16781|test|34|1357802973|0|761629779|7529407115|1641728628|1532569383|273603738|173592236|447|0|2|2007998464|0|||0|0|160721367.352|69643674.801|19569909.382|9988|0|0|0|2022-04-11 11:49:02.863296+02
503|1649675943.563260|2022-04-11 13:19:03.56326+02|16781|test|34|1357878596|0|761675366|7530365851|1641882791|1532720857|273679357|173667855|447|0|2|2007998464|0|||0|0|160753404.36|69661645.753|19578505.622|9990|0|0|0|2022-04-11 11:49:02.863296+02
504|1649675944.590824|2022-04-11 13:19:04.590824+02|16781|test|34|1357954612|0|761721352|7531329569|1642037826|1532873117|273755369|173743867|447|0|2|2007998464|0|||0|0|160785439.599|69679455.099|19587200.762|9992|0|0|0|2022-04-11 11:49:02.863296+02
505|1649675945.617360|2022-04-11 13:19:05.61736+02|16781|test|34|1358030051|0|761766923|7532285225|1642191610|1533024223|273830804|173819302|447|0|2|2007998464|0|||0|0|160817472.85|69697362.984|19595836.282|9994|0|0|0|2022-04-11 11:49:02.863296+02
506|1649675946.644370|2022-04-11 13:19:06.64437+02|16781|test|34|1358105546|0|761812680|7533242478|1642345614|1533175441|273906295|173894793|447|0|2|2007998464|0|||0|0|160849507.464|69715269.209|19604475.357|9996|0|0|0|2022-04-11 11:49:02.863296+02
507|1649675947.671659|2022-04-11 13:19:07.671659+02|16781|test|34|1358170667|0|761851764|7534068910|1642478454|1533305911|273971412|173959910|447|0|2|2007998464|0|||0|0|160881542.913|69735237.908|19611829.975|9998|0|0|0|2022-04-11 11:49:02.863296+02
508|1649675948.698919|2022-04-11 13:19:08.698919+02|16781|test|34|1358247574|0|761898291|7535043107|1642635129|1533459953|274048315|174036813|447|0|2|2007998464|0|||0|0|160913575.816|69752971.955|19620549.692|10000|0|0|0|2022-04-11 11:49:02.863296+02
509|1649675949.725587|2022-04-11 13:19:09.725587+02|16781|test|34|1358324394|0|761944645|7536016835|1642791788|1533613821|274125131|174113629|447|0|2|2007998464|0|||0|0|160945608.055|69770642.929|19629317.867|10002|0|0|0|2022-04-11 11:49:02.863296+02
510|1649675950.752709|2022-04-11 13:19:10.752709+02|16781|test|34|1358400166|0|761990542|7536977476|1642946225|1533765593|274200899|174189397|447|0|2|2007998464|0|||0|0|160977639.552|69788561.488|19637930.878|10004|0|0|0|2022-04-11 11:49:02.863296+02
511|1649675951.779736|2022-04-11 13:19:11.779736+02|16781|test|34|1358475183|0|762035740|7537928405|1643099148|1533915855|274275912|174264410|447|0|2|2007998464|0|||0|0|161009674.143|69806626.192|19646465.908|10006|0|0|0|2022-04-11 11:49:02.863296+02
512|1649675952.806614|2022-04-11 13:19:12.806614+02|16781|test|34|1358548157|0|762079794|7538853768|1643247963|1534062031|274348882|174337380|447|0|2|2007998464|0|||0|0|161041925|69825261.969|19654797.184|10008|0|0|0|2022-04-11 11:49:02.863296+02
513|1649675953.833443|2022-04-11 13:19:13.833443+02|16781|test|34|1358646860|0|762139173|7540103476|1643448941|1534259665|274447581|174436079|447|0|2|2007998464|0|||0|0|161085962.442|69851026.942|19665915.975|10010|0|0|0|2022-04-11 11:49:02.863296+02
514|1649675954.861143|2022-04-11 13:19:14.861143+02|16781|test|34|1358723499|0|762185318|7541074398|1643605108|1534413171|274524216|174512714|447|0|2|2007998464|0|||0|0|161117994.575|69868735.562|19674662.297|10012|0|0|0|2022-04-11 11:49:02.863296+02
515|1649675955.888618|2022-04-11 13:19:15.888618+02|16781|test|34|1358799854|0|762231517|7542041746|1643760627|1534566109|274600567|174589065|447|0|2|2007998464|0|||0|0|161150028.248|69886455.947|19683408.067|10014|0|0|0|2022-04-11 11:49:02.863296+02
516|1649675956.915705|2022-04-11 13:19:16.915705+02|16781|test|34|1358876463|0|762277364|7543011317|1643916586|1534719555|274677172|174665670|447|0|2|2007998464|0|||0|0|161182061.625|69904093.982|19692205.691|10016|0|0|0|2022-04-11 11:49:02.863296+02
517|1649675957.942526|2022-04-11 13:19:17.942526+02|16781|test|34|1358952250|0|762323168|7543970788|1644070914|1534871357|274752955|174741453|447|0|2|2007998464|0|||0|0|161214096.121|69921980.415|19700844.891|10018|0|0|0|2022-04-11 11:49:02.863296+02
518|1649675958.969747|2022-04-11 13:19:18.969747+02|16781|test|34|1359037297|0|762374016|7545047629|1644244029|1535041679|274837998|174826496|447|0|2|2007998464|0|||0|0|161250129.915|69942039.642|19710618.77|10020|0|0|0|2022-04-11 11:49:02.863296+02
519|1649675959.997383|2022-04-11 13:19:19.997383+02|16781|test|34|1359112850|0|762419851|7546003865|1644397865|1535193013|274913547|174902045|447|0|2|2007998464|0|||0|0|161282165.121|69959915.227|19719276.171|10022|0|0|0|2022-04-11 11:49:02.863296+02
520|1649675961.024509|2022-04-11 13:19:21.024509+02|16781|test|34|1359188331|0|762465667|7546960365|1644551592|1535344203|274989024|174977522|447|0|2|2007998464|0|||0|0|161314217.855|69977905.15|19727866.799|10024|0|0|0|2022-04-11 11:49:02.863296+02
521|1649675962.051313|2022-04-11 13:19:22.051313+02|16781|test|34|1359259616|0|762508652|7547863240|1644696774|1535487001|275060305|175048803|447|0|2|2007998464|0|||0|0|161347064.932|69997379.795|19736021.037|10026|0|0|0|2022-04-11 11:49:02.863296+02
522|1649675963.078380|2022-04-11 13:19:23.07838+02|16781|test|34|1359336366|0|762554833|7548833980|1644853048|1535640729|275137051|175125549|447|0|2|2007998464|0|||0|0|161379097.489|70015138.63|19744726.402|10028|0|0|0|2022-04-11 11:49:02.863296+02
523|1649675964.105941|2022-04-11 13:19:24.105941+02|16781|test|34|1359409053|0|762598532|7549753542|1645001021|1535786331|275209734|175198232|447|0|2|2007998464|0|||0|0|161411159.278|70033657.763|19752992.704|10030|0|0|0|2022-04-11 11:49:02.863296+02
524|1649675965.133056|2022-04-11 13:19:25.133056+02|16781|test|34|1359485549|0|762644382|7550721487|1645156666|1535939551|275286226|175274724|447|0|2|2007998464|0|||0|0|161443192.949|70051441.177|19761691.827|10032|0|0|0|2022-04-11 11:49:02.863296+02
525|1649675966.160240|2022-04-11 13:19:26.16024+02|16781|test|34|1359560953|0|762690177|7551675378|1645310089|1536090587|275361626|175350124|447|0|2|2007998464|0|||0|0|161475226.338|70069452.47|19770250.772|10034|0|0|0|2022-04-11 11:49:02.863296+02
526|1649675967.187584|2022-04-11 13:19:27.187584+02|16781|test|34|1359637024|0|762736032|7552638257|1645465016|1536242957|275437693|175426191|447|0|2|2007998464|0|||0|0|161507259.316|70087278.196|19778924.862|10036|0|0|0|2022-04-11 11:49:02.863296+02
527|1649675968.214905|2022-04-11 13:19:28.214905+02|16781|test|34|1359703753|0|762776263|7553482703|1645600932|1536376643|275504418|175492916|447|0|2|2007998464|0|||0|0|161539290.914|70106926.556|19786461.927|10038|0|0|0|2022-04-11 11:49:02.863296+02
528|1649675969.240945|2022-04-11 13:19:29.240945+02|16781|test|34|1359779225|0|762821840|7554436999|1645754520|1536527815|275579886|175568384|447|0|2|2007998464|0|||0|0|161571325.92|70124930.447|19795027.42|10040|0|0|0|2022-04-11 11:49:02.863296+02
529|1649675970.265990|2022-04-11 13:19:30.26599+02|16781|test|34|1359851977|0|762865803|7555356943|1645902540|1536673547|275652634|175641132|447|0|2|2007998464|0|||0|0|161603356.05|70143417.105|19803305.807|10042|0|0|0|2022-04-11 11:49:02.863296+02
530|1649675971.292929|2022-04-11 13:19:31.292929+02|16781|test|34|1359928609|0|762912179|7556325398|1646058462|1536827039|275729262|175717760|447|0|2|2007998464|0|||0|0|161635396.119|70161132.288|19812047.445|10044|0|0|0|2022-04-11 11:49:02.863296+02
531|1649675972.320085|2022-04-11 13:19:32.320085+02|16781|test|34|1360006224|0|762958989|7557307042|1646216345|1536982497|275806873|175795371|447|0|2|2007998464|0|||0|0|161667433.425|70178460.385|19821048.968|10046|0|0|0|2022-04-11 11:49:02.863296+02
532|1649675973.346289|2022-04-11 13:19:33.346289+02|16781|test|34|1360083904|0|763005794|7558289615|1646374352|1537138085|275884549|175873047|447|0|2|2007998464|0|||0|0|161699466.951|70195766.28|19830089.06|10048|0|0|0|2022-04-11 11:49:02.863296+02
533|1649675974.373701|2022-04-11 13:19:34.373701+02|16781|test|34|1360184171|0|763066061|7559556823|1646578230|1537338847|275984812|175973310|447|0|2|2007998464|0|||0|0|161743580.399|70221154.367|19841549.521|10050|0|0|0|2022-04-11 11:49:02.863296+02
534|1649675975.401080|2022-04-11 13:19:35.40108+02|16781|test|34|1360255711|0|763109744|7560461380|1646723800|1537482155|276056348|176044846|447|0|2|2007998464|0|||0|0|161775658.291|70239962.486|19849636.219|10052|0|0|0|2022-04-11 11:49:02.863296+02
535|1649675976.427920|2022-04-11 13:19:36.42792+02|16781|test|34|1360333414|0|763156876|7561443481|1646881796|1537637789|276134047|176122545|447|0|2|2007998464|0|||0|0|161807690.668|70257372.806|19858581.65|10054|0|0|0|2022-04-11 11:49:02.863296+02
536|1649675977.455260|2022-04-11 13:19:37.45526+02|16781|test|34|1360410271|0|763203123|7562414915|1647038102|1537791731|276210900|176199398|447|0|2|2007998464|0|||0|0|161839723.136|70275126.452|19867307.344|10056|0|0|0|2022-04-11 11:49:02.863296+02
537|1649675978.482615|2022-04-11 13:19:38.482615+02|16781|test|34|1360497197|0|763255492|7563512982|1647214818|1537965811|276297822|176286320|447|0|2|2007998464|0|||0|0|161875756.964|70294856.277|19877284.582|10058|0|0|0|2022-04-11 11:49:02.863296+02
538|1649675979.509617|2022-04-11 13:19:39.509617+02|16781|test|34|1360574853|0|763302423|7564494143|1647372693|1538121351|276375474|176363972|447|0|2|2007998464|0|||0|0|161907790.269|70312258.704|19886236.88|10060|0|0|0|2022-04-11 11:49:02.863296+02
539|1649675980.535903|2022-04-11 13:19:40.535903+02|16781|test|35|1360650900|0|763348155|7565457534|1647527666|1538273673|276451517|176440015|447|0|2|2007998464|0|||0|0|161939822.283|70329865.341|19895092.949|10062|0|0|0|2022-04-11 11:49:02.863296+02
540|1649675981.562710|2022-04-11 13:19:41.56271+02|16781|test|35|1360727249|0|763394547|7566431755|1647684215|1538426599|276527862|176516360|447|0|2|2007998464|0|||0|0|161971855.055|70347461.649|19903940.805|10064|0|0|0|2022-04-11 11:49:02.863296+02
541|1649675982.590067|2022-04-11 13:19:42.590067+02|16781|test|35|1360803399|0|763441320|7567414022|1647841556|1538579127|276604008|176592506|447|0|2|2007998464|0|||0|0|162003890.153|70365138.588|19912735.789|10066|0|0|0|2022-04-11 11:49:02.863296+02
542|1649675983.617525|2022-04-11 13:19:43.617525+02|16781|test|35|1360878372|0|763487703|7568388096|1647997440|1538729301|276678977|176667475|447|0|2|2007998464|0|||0|0|162035926.081|70382957.961|19921452.878|10068|0|0|0|2022-04-11 11:49:02.863296+02
543|1649675984.644787|2022-04-11 13:19:44.644787+02|16781|test|35|1360953621|0|763534663|7569372692|1648154989|1538880027|276754222|176742720|447|0|2|2007998464|0|||0|0|162067958.704|70400768.522|19930153.517|10070|0|0|0|2022-04-11 11:49:02.863296+02
544|1649675985.671879|2022-04-11 13:19:45.671879+02|16781|test|35|1361018092|0|763574731|7570223507|1648290860|1539009197|276818689|176807187|447|0|2|2007998464|0|||0|0|162099992.214|70420586.408|19937597.83|10072|0|0|0|2022-04-11 11:49:02.863296+02
545|1649675986.699379|2022-04-11 13:19:46.699379+02|16781|test|35|1361092764|0|763621833|7571217220|1648449203|1539158769|276893357|176881855|447|0|2|2007998464|0|||0|0|162132027.002|70438543.348|19946196.232|10074|0|0|0|2022-04-11 11:49:02.863296+02
546|1649675987.726598|2022-04-11 13:19:47.726598+02|16781|test|35|1361168069|0|763669338|7572227410|1648609795|1539309607|276968658|176957156|447|0|2|2007998464|0|||0|0|162164059.908|70456394.237|19954863.381|10076|0|0|0|2022-04-11 11:49:02.863296+02
547|1649675988.753881|2022-04-11 13:19:48.753881+02|16781|test|35|1361243103|0|763717144|7573242881|1648770899|1539459903|277043688|177032186|447|0|2|2007998464|0|||0|0|162196092.464|70474283.354|19963515.215|10078|0|0|0|2022-04-11 11:49:02.863296+02
548|1649675989.781784|2022-04-11 13:19:49.781784+02|16781|test|35|1361316588|0|763764264|7574245442|1648929813|1539607101|277117169|177105667|447|0|2|2007998464|0|||0|0|162228122.637|70492461.097|19971994.025|10080|0|0|0|2022-04-11 11:49:02.863296+02
549|1649675990.809271|2022-04-11 13:19:50.809271+02|16781|test|35|1361391693|0|763812870|7575276949|1649093193|1539757539|277192270|177180768|447|0|2|2007998464|0|||0|0|162260157.44|70510323.36|19980658.99|10082|0|0|0|2022-04-11 11:49:02.863296+02
550|1649675991.836569|2022-04-11 13:19:51.836569+02|16781|test|35|1361459305|0|763856977|7576212850|1649241191|1539892991|277259878|177248376|447|0|2|2007998464|0|||0|0|162293611.104|70531448.117|19988166.457|10084|0|0|0|2022-04-11 11:49:02.863296+02
551|1649675992.864163|2022-04-11 13:19:52.864163+02|16781|test|35|1361535344|0|763906653|7577273173|1649408546|1540045297|277335913|177324411|447|0|2|2007998464|0|||0|0|162325644.073|70549208.929|19996885.353|10086|0|0|0|2022-04-11 11:49:02.863296+02
552|1649675993.891560|2022-04-11 13:19:53.89156+02|16781|test|35|1361610605|0|763956184|7578333534|1649575495|1540196047|277411170|177399668|447|0|2|2007998464|0|||0|0|162357678.137|70567040.178|20005562.273|10088|0|0|0|2022-04-11 11:49:02.863296+02
553|1649675994.918711|2022-04-11 13:19:54.918711+02|16781|test|35|1361685042|0|764005753|7579390138|1649741752|1540345149|277485603|177474101|447|0|2|2007998464|0|||0|0|162389711.936|70585037.596|20014137.946|10090|0|0|0|2022-04-11 11:49:02.863296+02
554|1649675995.945745|2022-04-11 13:19:55.945745+02|16781|test|35|1361786564|0|764074044|7580843504|1649969854|1540548421|277587121|177575619|447|0|2|2007998464|0|||0|0|162433747.204|70610011.857|20025771.47|10092|0|0|0|2022-04-11 11:49:02.863296+02
555|1649675996.972505|2022-04-11 13:19:56.972505+02|16781|test|35|1361860972|0|764124229|7581917432|1650138373|1540697465|277661525|177650023|447|0|2|2007998464|0|||0|0|162469782.02|70632095.263|20034311.496|10094|0|0|0|2022-04-11 11:49:02.863296+02
556|1649675997.999605|2022-04-11 13:19:57.999605+02|16781|test|35|1361936695|0|764176217|7583020280|1650311025|1540849139|277737244|177725742|447|0|2|2007998464|0|||0|0|162501815.622|70649871.177|20043021.88|10096|0|0|0|2022-04-11 11:49:02.863296+02
557|1649675999.026868|2022-04-11 13:19:59.026868+02|16781|test|35|1362010885|0|764227137|7584108057|1650481129|1540997747|277811430|177799928|447|0|2|2007998464|0|||0|0|162533848.891|70667886.644|20051583.534|10098|0|0|0|2022-04-11 11:49:02.863296+02
558|1649676000.053213|2022-04-11 13:20:00.053213+02|16781|test|35|1362086590|0|764279942|7585225941|1650655717|1541149385|277887131|177875629|447|0|2|2007998464|0|||0|0|162565989.497|70685754.584|20060302.746|10100|0|0|0|2022-04-11 11:49:02.863296+02
559|1649676001.077800|2022-04-11 13:20:01.0778+02|16781|test|35|1362158553|0|764330492|7586296725|1650822710|1541293539|277959090|177947588|447|0|2|2007998464|0|||0|0|162598020.459|70704286.826|20068539.007|10102|0|0|0|2022-04-11 11:49:02.863296+02
560|1649676002.105261|2022-04-11 13:20:02.105261+02|16781|test|35|1362231163|0|764381801|7587383892|1650992117|1541438987|278031696|178020194|447|0|2|2007998464|0|||0|0|162630056.011|70722822.194|20076782.006|10104|0|0|0|2022-04-11 11:49:02.863296+02
561|1649676003.132631|2022-04-11 13:20:03.132631+02|16781|test|35|1362298272|0|764429638|7588394549|1651149382|1541573433|278098801|178087299|447|0|2|2007998464|0|||0|0|162662089.016|70742267.232|20084470.243|10106|0|0|0|2022-04-11 11:49:02.863296+02
562|1649676004.159744|2022-04-11 13:20:04.159744+02|16781|test|35|1362373324|0|764483870|7589535785|1651326529|1541723765|278173849|178162347|447|0|2|2007998464|0|||0|0|162694552.698|70760623.248|20093086.05|10108|0|0|0|2022-04-11 11:49:02.863296+02
563|1649676005.185489|2022-04-11 13:20:05.185489+02|16781|test|35|1362448444|0|764538376|7590683852|1651504781|1541874233|278248965|178237463|447|0|2|2007998464|0|||0|0|162726583.585|70778641.006|20101635.548|10110|0|0|0|2022-04-11 11:49:02.863296+02
564|1649676006.212759|2022-04-11 13:20:06.212759+02|16781|test|35|1362521961|0|764592467|7591820536|1651680722|1542021495|278322478|178310976|447|0|2|2007998464|0|||0|0|162758615.908|70796794.8|20110126.473|10112|0|0|0|2022-04-11 11:49:02.863296+02
565|1649676007.240168|2022-04-11 13:20:07.240168+02|16781|test|35|1362595481|0|764646235|7592960589|1651857390|1542168763|278395994|178384492|447|0|2|2007998464|0|||0|0|162790648.582|70815051.522|20118535.085|10114|0|0|0|2022-04-11 11:49:02.863296+02
566|1649676008.266630|2022-04-11 13:20:08.26663+02|16781|test|35|1362660965|0|764690072|7593974701|1652015632|1542299959|278461474|178449972|447|0|2|2007998464|0|||0|0|162822679.433|70835012.959|20125884.173|10116|0|0|0|2022-04-11 11:49:02.863296+02
567|1649676009.293369|2022-04-11 13:20:09.293369+02|16781|test|35|1362737102|0|764736748|7595148583|1652200309|1542452461|278537607|178526105|447|0|2|2007998464|0|||0|0|162854711.209|70852960.135|20134478.436|10118|0|0|0|2022-04-11 11:49:02.863296+02
568|1649676010.320697|2022-04-11 13:20:10.320697+02|16781|test|35|1362811581|0|764782636|7596302529|1652381916|1542601647|278612082|178600580|447|0|2|2007998464|0|||0|0|162886751.417|70871165.872|20142922.238|10120|0|0|0|2022-04-11 11:49:02.863296+02
569|1649676011.347062|2022-04-11 13:20:11.347062+02|16781|test|35|1362886664|0|764828991|7597469136|1652565461|1542752041|278687161|178675659|447|0|2|2007998464|0|||0|0|162918782.888|70889084.767|20151539.588|10122|0|0|0|2022-04-11 11:49:02.863296+02
570|1649676012.374363|2022-04-11 13:20:12.374363+02|16781|test|35|1362961539|0|764874918|7598637317|1652749306|1542902019|278762032|178750530|447|0|2|2007998464|0|||0|0|162950816.796|70907130.219|20160086.389|10124|0|0|0|2022-04-11 11:49:02.863296+02
571|1649676013.401482|2022-04-11 13:20:13.401482+02|16781|test|35|1363033555|0|764919593|7599762345|1652926280|1543046279|278834044|178822542|447|0|2|2007998464|0|||0|0|162982856.925|70925840.499|20168217.161|10126|0|0|0|2022-04-11 11:49:02.863296+02
572|1649676014.429581|2022-04-11 13:20:14.429581+02|16781|test|35|1363108885|0|764965855|7600948202|1653112732|1543197167|278909370|178897868|447|0|2|2007998464|0|||0|0|163014889.45|70943792.495|20176829.695|10128|0|0|0|2022-04-11 11:49:02.863296+02
573|1649676015.456850|2022-04-11 13:20:15.45685+02|16781|test|35|1363182535|0|765011648|7602110004|1653295295|1543344695|278983016|178971514|447|0|2|2007998464|0|||0|0|163046921.903|70962078.604|20185232.746|10130|0|0|0|2022-04-11 11:49:02.863296+02
574|1649676016.484147|2022-04-11 13:20:16.484147+02|16781|test|35|1363294603|0|765081161|7603887769|1653574446|1543569059|279095080|179083578|447|0|2|2007998464|0|||0|0|163094962.063|70989264.342|20197962.024|10132|0|0|0|2022-04-11 11:49:02.863296+02
575|1649676017.510969|2022-04-11 13:20:17.510969+02|16781|test|34|1363366557|0|765292523|7605135505|1653752282|1543714425|279167046|179155528|467|0|2|2007998464|0|||0|0|163126995.183|71007548.579|20206385.028|10134|0|0|0|2022-04-11 11:49:02.863296+02
576|1649676018.537589|2022-04-11 13:20:18.537589+02|16781|test|34|1363431841|0|765332046|7605972507|1653887181|1543845221|279232326|179220808|467|0|2|2007998464|0|||0|0|163159075.857|71027474.648|20213797.232|10136|0|0|0|2022-04-11 11:49:02.863296+02
577|1649676019.564940|2022-04-11 13:20:19.56494+02|16781|test|34|1363507859|0|765378570|7606946845|1654044138|1543997485|279308340|179296822|467|0|2|2007998464|0|||0|0|163191110.82|71045206.945|20222547.516|10138|0|0|0|2022-04-11 11:49:02.863296+02
578|1649676020.591788|2022-04-11 13:20:20.591788+02|16781|test|34|1363583078|0|765424161|7607910350|1654199399|1544148151|279383555|179372037|467|0|2|2007998464|0|||0|0|163223142.935|71063155.277|20231151.126|10140|0|0|0|2022-04-11 11:49:02.863296+02
579|1649676021.619667|2022-04-11 13:20:21.619667+02|16781|test|34|1363657036|0|765469149|7608855839|1654351878|1544296295|279457509|179445991|467|0|2|2007998464|0|||0|0|163255475.103|71081648.212|20239615.585|10142|0|0|0|2022-04-11 11:49:02.863296+02
580|1649676022.647366|2022-04-11 13:20:22.647366+02|16781|test|34|1363731530|0|765514456|7609807211|1654505384|1544445511|279531999|179520481|467|0|2|2007998464|0|||0|0|163287508.545|71099694.289|20248165.116|10144|0|0|0|2022-04-11 11:49:02.863296+02
581|1649676023.674277|2022-04-11 13:20:23.674277+02|16781|test|34|1363804198|0|765558668|7610736893|1654655208|1544591075|279604663|179593145|467|0|2|2007998464|0|||0|0|163319542.235|71118171.554|20256444.722|10146|0|0|0|2022-04-11 11:49:02.863296+02
582|1649676024.701304|2022-04-11 13:20:24.701304+02|16781|test|34|1363872874|0|765600213|7611615126|1654796792|1544728655|279673335|179661817|467|0|2|2007998464|0|||0|0|163351576.323|71137344.203|20264292.431|10148|0|0|0|2022-04-11 11:49:02.863296+02
583|1649676025.728394|2022-04-11 13:20:25.728394+02|16781|test|34|1363949327|0|765646414|7612591691|1654954163|1544881789|279749784|179738266|467|0|2|2007998464|0|||0|0|163383608.261|71155023.516|20273067.412|10150|0|0|0|2022-04-11 11:49:02.863296+02
584|1649676026.755190|2022-04-11 13:20:26.75519+02|16781|test|34|1364023638|0|765691441|7613541793|1655107171|1545030639|279824091|179812573|467|0|2|2007998464|0|||0|0|163415721.155|71173293.946|20281520.828|10152|0|0|0|2022-04-11 11:49:02.863296+02
585|1649676027.782398|2022-04-11 13:20:27.782398+02|16781|test|34|1364099128|0|765737549|7614505644|1655262630|1545181847|279899577|179888059|467|0|2|2007998464|0|||0|0|163447753.537|71191118.076|20290209.246|10154|0|0|0|2022-04-11 11:49:02.863296+02
586|1649676028.809680|2022-04-11 13:20:28.80968+02|16781|test|34|1364174014|0|765783073|7615461630|1655416783|1545331847|279974459|179962941|467|0|2|2007998464|0|||0|0|163479788.042|71209052.143|20298840.034|10156|0|0|0|2022-04-11 11:49:02.863296+02
587|1649676029.836846|2022-04-11 13:20:29.836846+02|16781|test|34|1364238535|0|765822243|7616284761|1655549641|1545461117|280038976|180027458|467|0|2|2007998464|0|||0|0|163511822.667|71228987.041|20306234.127|10158|0|0|0|2022-04-11 11:49:02.863296+02
588|1649676030.864171|2022-04-11 13:20:30.864171+02|16781|test|34|1364314500|0|765868558|7617253469|1655705941|1545613275|280114937|180103419|467|0|2|2007998464|0|||0|0|163543854.611|71246779.214|20314948|10160|0|0|0|2022-04-11 11:49:02.863296+02
589|1649676031.890503|2022-04-11 13:20:31.890503+02|16781|test|34|1364390296|0|765914663|7618219856|1655861756|1545765095|280190729|180179211|467|0|2|2007998464|0|||0|0|163575888.374|71264535.066|20323684.857|10162|0|0|0|2022-04-11 11:49:02.863296+02
590|1649676032.918538|2022-04-11 13:20:32.918538+02|16781|test|34|1364464741|0|765960176|7619167696|1656014738|1545914213|280265170|180253652|467|0|2|2007998464|0|||0|0|163607919.714|71282542.717|20332249.675|10164|0|0|0|2022-04-11 11:49:02.863296+02
591|1649676033.946255|2022-04-11 13:20:33.946255+02|16781|test|34|1364540625|0|766005995|7620134429|1656170783|1546066209|280341050|180329532|467|0|2|2007998464|0|||0|0|163639954.094|71300323.432|20340964.696|10166|0|0|0|2022-04-11 11:49:02.863296+02
592|1649676034.972244|2022-04-11 13:20:34.972244+02|16781|test|34|1364616025|0|766051966|7621095073|1656325667|1546217237|280416446|180404928|467|0|2|2007998464|0|||0|0|163672067.395|71318251.523|20349634.868|10168|0|0|0|2022-04-11 11:49:02.863296+02
593|1649676035.999211|2022-04-11 13:20:35.999211+02|16781|test|34|1364704671|0|766105666|7622223151|1656507607|1546394757|280505088|180493570|467|0|2|2007998464|0|||0|0|163710102.494|71339654.474|20359807.152|10170|0|0|0|2022-04-11 11:49:02.863296+02
594|1649676037.026729|2022-04-11 13:20:37.026729+02|16781|test|34|1364802363|0|766164996|7623466785|1656708121|1546590369|280602776|180591258|467|0|2|2007998464|0|||0|0|163752141.237|71363295.312|20371070.507|10172|0|0|0|2022-04-11 11:49:02.863296+02
595|1649676038.054104|2022-04-11 13:20:38.054104+02|16781|test|34|1364877690|0|766210734|7624423739|1656862693|1546741251|280678099|180666581|467|0|2|2007998464|0|||0|0|163784174.099|71381200.734|20379700.081|10174|0|0|0|2022-04-11 11:49:02.863296+02
596|1649676039.081747|2022-04-11 13:20:39.081747+02|16781|test|34|1364950629|0|766254795|7625352610|1657012436|1546887357|280751034|180739516|467|0|2|2007998464|0|||0|0|163816208.571|71399573.072|20388050.478|10176|0|0|0|2022-04-11 11:49:02.863296+02
597|1649676040.108344|2022-04-11 13:20:40.108344+02|16781|test|35|1364989361|0|766278243|7625845216|1657092003|1546965037|280789763|180778245|467|0|2|2007998464|0|||0|0|163832233.011|71408340.257|20392483.327|10177|0|0|0|2022-04-11 11:49:02.863296+02
598|1649676041.121635|2022-04-11 13:20:41.121635+02|16781|test|35|1365086110|0|766336836|7627074596|1657290341|1547158775|280886507|180874989|467|0|2|2007998464|0|||0|0|163880290.397|71438068.368|20403686.01|10180|0|0|0|2022-04-11 11:49:02.863296+02
599|1649676042.149237|2022-04-11 13:20:42.149237+02|16781|test|35|1365159820|0|766381504|7628011417|1657441556|1547306423|280960213|180948695|467|0|2|2007998464|0|||0|0|163912325.884|71456048.376|20412290.84|10182|0|0|0|2022-04-11 11:49:02.863296+02
600|1649676043.176321|2022-04-11 13:20:43.176321+02|16781|test|35|1365232684|0|766425497|7628937254|1657590885|1547452379|281033073|181021555|467|0|2|2007998464|0|||0|0|163944359.127|71474179.162|20420794.886|10184|0|0|0|2022-04-11 11:49:02.863296+02
601|1649676044.204185|2022-04-11 13:20:44.204185+02|16781|test|35|1365305694|0|766470128|7629864381|1657740450|1547598627|281106079|181094561|467|0|2|2007998464|0|||0|0|163976392.625|71492318.399|20429293.537|10186|0|0|0|2022-04-11 11:49:02.863296+02
602|1649676045.231347|2022-04-11 13:20:45.231347+02|16781|test|35|1365377323|0|766513366|7630774378|1657887384|1547742113|281177704|181166186|467|0|2|2007998464|0|||0|0|164008432.737|71510691.367|20437656.131|10188|0|0|0|2022-04-11 11:49:02.863296+02
603|1649676046.258641|2022-04-11 13:20:46.258641+02|16781|test|35|1365449844|0|766557306|7631694846|1658035923|1547887383|281250221|181238703|467|0|2|2007998464|0|||0|0|164040465.945|71528913.031|20446108.543|10190|0|0|0|2022-04-11 11:49:02.863296+02
604|1649676047.285141|2022-04-11 13:20:47.285141+02|16781|test|35|1365516168|0|766597484|7632537573|1658171957|1548020259|281316541|181305023|467|0|2|2007998464|0|||0|0|164072498.203|71548423.039|20453763.411|10192|0|0|0|2022-04-11 11:49:02.863296+02
605|1649676048.312358|2022-04-11 13:20:48.312358+02|16781|test|35|1365590231|0|766642495|7633478277|1658323682|1548168613|281390600|181379082|467|0|2|2007998464|0|||0|0|164104528.694|71566351.157|20462399.331|10194|0|0|0|2022-04-11 11:49:02.863296+02
606|1649676049.340211|2022-04-11 13:20:49.340211+02|16781|test|35|1365664221|0|766687729|7634416375|1658475027|1548316821|281464586|181453068|467|0|2|2007998464|0|||0|0|164136562.225|71584273.505|20471051.087|10196|0|0|0|2022-04-11 11:49:02.863296+02
607|1649676050.368236|2022-04-11 13:20:50.368236+02|16781|test|35|1365736760|0|766731604|7635335545|1658623586|1548462127|281537121|181525603|467|0|2|2007998464|0|||0|0|164168594.142|71602465.719|20479529.517|10198|0|0|0|2022-04-11 11:49:02.863296+02
608|1649676051.396324|2022-04-11 13:20:51.396324+02|16781|test|35|1365810010|0|766775807|7636264588|1658773450|1548608855|281610367|181598849|467|0|2|2007998464|0|||0|0|164200627.859|71620475.696|20488117.804|10200|0|0|0|2022-04-11 11:49:02.863296+02
609|1649676052.423802|2022-04-11 13:20:52.423802+02|16781|test|35|1365879931|0|766818266|7637150901|1658916439|1548748925|281680284|181668766|467|0|2|2007998464|0|||0|0|164232694.532|71639313.841|20496207.54|10202|0|0|0|2022-04-11 11:49:02.863296+02
610|1649676053.450257|2022-04-11 13:20:53.450257+02|16781|test|35|1365948237|0|766859829|7638017324|1659056249|1548885765|281748586|181737068|467|0|2|2007998464|0|||0|0|164264726.287|71658383.729|20504128.624|10204|0|0|0|2022-04-11 11:49:02.863296+02
611|1649676054.477965|2022-04-11 13:20:54.477965+02|16781|test|35|1366022030|0|766904528|7638952921|1659207248|1549033579|281822375|181810857|467|0|2|2007998464|0|||0|0|164296759.163|71676388.017|20512707.646|10206|0|0|0|2022-04-11 11:49:02.863296+02
612|1649676055.504589|2022-04-11 13:20:55.504589+02|16781|test|35|1366108423|0|766956915|7640046801|1659383887|1549206593|281908764|181897246|467|0|2|2007998464|0|||0|0|164334794.121|71697956.601|20522781.019|10208|0|0|0|2022-04-11 11:49:02.863296+02
613|1649676056.531338|2022-04-11 13:20:56.531338+02|16781|test|35|1366204425|0|767015172|7641262496|1659580091|1549398825|282004762|181993244|467|0|2|2007998464|0|||0|0|164376329.987|71721140.469|20534025.505|10210|0|0|0|2022-04-11 11:49:02.863296+02
614|1649676057.558942|2022-04-11 13:20:57.558942+02|16781|test|35|1366277375|0|767059445|7642186864|1659729178|1549544953|282077708|182066190|467|0|2|2007998464|0|||0|0|164408864.548|71739787.394|20542531.654|10212|0|0|0|2022-04-11 11:49:02.863296+02
615|1649676058.585896|2022-04-11 13:20:58.585896+02|16781|test|35|1366350531|0|767103881|7643114152|1659878821|1549691493|282150860|182139342|467|0|2|2007998464|0|||0|0|164440897.697|71757843.769|20551099.352|10214|0|0|0|2022-04-11 11:49:02.863296+02
616|1649676059.613144|2022-04-11 13:20:59.613144+02|16781|test|35|1366423412|0|767148126|7644036722|1660027740|1549837483|282223737|182212219|467|0|2|2007998464|0|||0|0|164472930.858|71775986.434|20559609.259|10216|0|0|0|2022-04-11 11:49:02.863296+02
617|1649676060.640438|2022-04-11 13:21:00.640438+02|16781|test|35|1366496075|0|767191958|7644955826|1660176227|1549983037|282296396|182284878|467|0|2|2007998464|0|||0|0|164504963.373|71794189.967|20568071.031|10218|0|0|0|2022-04-11 11:49:02.863296+02
618|1649676061.667549|2022-04-11 13:21:01.667549+02|16781|test|35|1366569161|0|767236374|7645880812|1660325462|1550129437|282369478|182357960|467|0|2|2007998464|0|||0|0|164536998.246|71812273.069|20576617.32|10220|0|0|0|2022-04-11 11:49:02.863296+02
619|1649676062.695286|2022-04-11 13:21:02.695286+02|16781|test|35|1366640505|0|767279590|7646783043|1660471189|1550272353|282440818|182429300|467|0|2|2007998464|0|||0|0|164569031.818|71830746.55|20584921.103|10222|0|0|0|2022-04-11 11:49:02.863296+02
620|1649676063.723227|2022-04-11 13:21:03.723227+02|16781|test|35|1366704028|0|767318099|7647585953|1660600914|1550399627|282504337|182492819|467|0|2|2007998464|0|||0|0|164601064.197|71850709.199|20592303.651|10224|0|0|0|2022-04-11 11:49:02.863296+02
621|1649676064.751067|2022-04-11 13:21:04.751067+02|16781|test|35|1366778189|0|767362841|7648523944|1660752321|1550548177|282578494|182566976|467|0|2|2007998464|0|||0|0|164633098.396|71868623.613|20600938.861|10226|0|0|0|2022-04-11 11:49:02.863296+02
622|1649676065.778777|2022-04-11 13:21:05.778777+02|16781|test|35|1366852504|0|767407883|7649463397|1660904034|1550697035|282652805|182641287|467|0|2|2007998464|0|||0|0|164665476.071|71886765.588|20609659.835|10228|0|0|0|2022-04-11 11:49:02.863296+02
623|1649676066.806304|2022-04-11 13:21:06.806304+02|16781|test|35|1366925335|0|767451685|7650384243|1661052653|1550842925|282725632|182714114|467|0|2|2007998464|0|||0|0|164697509.692|71904841.683|20618218.798|10230|0|0|0|2022-04-11 11:49:02.863296+02
624|1649676067.833396|2022-04-11 13:21:07.833396+02|16781|test|35|1366997775|0|767495352|7651300546|1661200498|1550988033|282798068|182786550|467|0|2|2007998464|0|||0|0|164729686.542|71923237.893|20626660.662|10232|0|0|0|2022-04-11 11:49:02.863296+02
625|1649676068.860280|2022-04-11 13:21:08.86028+02|16781|test|35|1367070115|0|767539196|7652214353|1661348141|1551132941|282870404|182858886|467|0|2|2007998464|0|||0|0|164761719.787|71941476.14|20635102.083|10234|0|0|0|2022-04-11 11:49:02.863296+02
626|1649676069.887716|2022-04-11 13:21:09.887716+02|16781|test|35|1367136785|0|767579589|7653056875|1661484169|1551266509|282937070|182925552|467|0|2|2007998464|0|||0|0|164793755.138|71960921.779|20642792.772|10236|0|0|0|2022-04-11 11:49:02.863296+02
627|1649676070.915349|2022-04-11 13:21:10.915349+02|16781|test|35|1367210960|0|767624426|7653993481|1661635496|1551415087|283011241|182999723|467|0|2|2007998464|0|||0|0|164825788.088|71978812.4|20651458.715|10238|0|0|0|2022-04-11 11:49:02.863296+02
628|1649676071.942309|2022-04-11 13:21:11.942309+02|16781|test|35|1367285190|0|767669321|7654931556|1661786972|1551563775|283085467|183073949|467|0|2|2007998464|0|||0|0|164857820.736|71996664.399|20660135.966|10240|0|0|0|2022-04-11 11:49:02.863296+02
629|1649676072.969988|2022-04-11 13:21:12.969988+02|16781|test|35|1367359225|0|767714331|7655866177|1661937907|1551712073|283159498|183147980|467|0|2|2007998464|0|||0|0|164889852.608|72014536.482|20668812.327|10242|0|0|0|2022-04-11 11:49:02.863296+02
630|1649676073.997079|2022-04-11 13:21:13.997079+02|16781|test|35|1367432069|0|767758623|7656786202|1662086473|1551857989|283232338|183220820|467|0|2|2007998464|0|||0|0|164922386.031|72033155.852|20677348.705|10244|0|0|0|2022-04-11 11:49:02.863296+02
631|1649676075.023888|2022-04-11 13:21:15.023888+02|16781|test|35|1367517676|0|767810394|7657868476|1662260981|1552029431|283317941|183306423|467|0|2|2007998464|0|||0|0|164959921.302|72054362.657|20687352.96|10246|0|0|0|2022-04-11 11:49:02.863296+02
632|1649676076.050801|2022-04-11 13:21:16.050801+02|16781|test|35|1367607102|0|767864557|7658998021|1662443284|1552208511|283407363|183395845|467|0|2|2007998464|0|||0|0|165001960.059|72079411.089|20697759.744|10248|0|0|0|2022-04-11 11:49:02.863296+02
633|1649676077.078650|2022-04-11 13:21:17.07865+02|16781|test|35|1367680642|0|767909278|7659926914|1662593273|1552355819|283480899|183469381|467|0|2|2007998464|0|||0|0|165033993.682|72097387.593|20706374.39|10250|0|0|0|2022-04-11 11:49:02.863296+02
634|1649676078.105889|2022-04-11 13:21:18.105889+02|16781|test|35|1367754584|0|767954182|7660860200|1662744017|1552503931|283554837|183543319|467|0|2|2007998464|0|||0|0|165066027.363|72115266.856|20715042.327|10252|0|0|0|2022-04-11 11:49:02.863296+02
635|1649676079.133312|2022-04-11 13:21:19.133312+02|16781|test|35|1367828911|0|767999061|7661798488|1662895465|1552652813|283629160|183617642|467|0|2|2007998464|0|||0|0|165098063.179|72133094.393|20723750.471|10254|0|0|0|2022-04-11 11:49:02.863296+02
636|1649676080.160640|2022-04-11 13:21:20.16064+02|16781|test|34|1367903135|0|770078657|7664769915|1663048356|1552801796|283703376|183691858|467|0|2|2007998464|0|||0|0|165130095.052|72150949.407|20732434.73|10256|0|0|0|2022-04-11 11:49:02.863296+02
637|1649676081.185822|2022-04-11 13:21:21.185822+02|16781|test|34|1367975349|0|770122299|7665681244|1663195455|1552946452|283775586|183764068|467|0|2|2007998464|0|||0|0|165162315.172|72169561.703|20740758.076|10258|0|0|0|2022-04-11 11:49:02.863296+02
638|1649676082.213460|2022-04-11 13:21:22.21346+02|16781|test|34|1368049579|0|770167195|7666619041|1663346751|1553095140|283849812|183838294|467|0|2|2007998464|0|||0|0|165194350.226|72187486.258|20749400.313|10260|0|0|0|2022-04-11 11:49:02.863296+02
639|1649676083.240861|2022-04-11 13:21:23.240861+02|16781|test|34|1368123113|0|770211927|7667547489|1663496676|1553242436|283923342|183911824|467|0|2|2007998464|0|||0|0|165226384.503|72205545.57|20757959.472|10262|0|0|0|2022-04-11 11:49:02.863296+02
640|1649676084.268302|2022-04-11 13:21:24.268302+02|16781|test|34|1368197040|0|770256813|7668481596|1663647366|1553390518|283997265|183985747|467|0|2|2007998464|0|||0|0|165258416.646|72223536.016|20766529.521|10264|0|0|0|2022-04-11 11:49:02.863296+02
641|1649676085.295753|2022-04-11 13:21:25.295753+02|16781|test|34|1368270630|0|770301441|7669410223|1663797341|1553537926|284070851|184059333|467|0|2|2007998464|0|||0|0|165290451.334|72241597.352|20775084.028|10266|0|0|0|2022-04-11 11:49:02.863296+02
642|1649676086.323919|2022-04-11 13:21:26.323919+02|16781|test|34|1368337754|0|770342050|7670257369|1663934129|1553672402|284137971|184126453|467|0|2|2007998464|0|||0|0|165322486.66|72261016.907|20782791.333|10268|0|0|0|2022-04-11 11:49:02.863296+02
643|1649676087.351776|2022-04-11 13:21:27.351776+02|16781|test|34|1368410407|0|770385760|7671173480|1664082014|1553817936|284210620|184199102|467|0|2|2007998464|0|||0|0|165354522.495|72279276.822|20791220.035|10270|0|0|0|2022-04-11 11:49:02.863296+02
644|1649676088.379558|2022-04-11 13:21:28.379558+02|16781|test|34|1368485180|0|770430867|7672117202|1664234318|1553967710|284285389|184273871|467|0|2|2007998464|0|||0|0|165386555.466|72297090.767|20799917.425|10272|0|0|0|2022-04-11 11:49:02.863296+02
645|1649676089.407939|2022-04-11 13:21:29.407939+02|16781|test|34|1368559599|0|770475677|7673056929|1664385894|1554116776|284359804|184348286|467|0|2|2007998464|0|||0|0|165418755.21|72315183.758|20808534.211|10274|0|0|0|2022-04-11 11:49:02.863296+02
646|1649676090.435777|2022-04-11 13:21:30.435777+02|16781|test|34|1368633855|0|770520521|7673993770|1664537100|1554265516|284434056|184422538|467|0|2|2007998464|0|||0|0|165450790.265|72333174.778|20817119.354|10276|0|0|0|2022-04-11 11:49:02.863296+02
647|1649676091.463573|2022-04-11 13:21:31.463573+02|16781|test|34|1368706329|0|770564578|7674907036|1664684594|1554410692|284506526|184495008|467|0|2|2007998464|0|||0|0|165483138.602|72351847.187|20825487.668|10278|0|0|0|2022-04-11 11:49:02.863296+02
648|1649676092.491471|2022-04-11 13:21:32.491471+02|16781|test|34|1368775918|0|770606375|7675784496|1664826306|1554550098|284576111|184564593|467|0|2|2007998464|0|||0|0|165515173.412|72370772.799|20833492.413|10280|0|0|0|2022-04-11 11:49:02.863296+02
649|1649676093.518644|2022-04-11 13:21:33.518644+02|16781|test|34|1368850460|0|770651558|7676725365|1664978094|1554699410|284650649|184639131|467|0|2|2007998464|0|||0|0|165547205.274|72388627.934|20842168.173|10282|0|0|0|2022-04-11 11:49:02.863296+02
650|1649676094.545970|2022-04-11 13:21:34.54597+02|16781|test|34|1368939246|0|770705146|7677845164|1665158824|1554877210|284739431|184727913|467|0|2|2007998464|0|||0|0|165585241.18|72409805.705|20852481.739|10284|0|0|0|2022-04-11 11:49:02.863296+02
651|1649676095.573495|2022-04-11 13:21:35.573495+02|16781|test|34|1369014367|0|770750810|7678792340|1665311756|1555027680|284814548|184803030|467|0|2|2007998464|0|||0|0|165617273.958|72427574.935|20861207.347|10286|0|0|0|2022-04-11 11:49:02.863296+02
652|1649676096.601355|2022-04-11 13:21:36.601355+02|16781|test|34|1369111237|0|770809783|7680013677|1665508853|1555221648|284911414|184899896|467|0|2|2007998464|0|||0|0|165659313.187|72451235.034|20872451.935|10288|0|0|0|2022-04-11 11:49:02.863296+02
653|1649676097.629247|2022-04-11 13:21:37.629247+02|16781|test|34|1369184899|0|770854489|7680942618|1665658710|1555369200|284985072|184973554|467|0|2|2007998464|0|||0|0|165691345.629|72469244.687|20881041.41|10290|0|0|0|2022-04-11 11:49:02.863296+02
654|1649676098.656714|2022-04-11 13:21:38.656714+02|16781|test|34|1369258131|0|770898647|7681865517|1665807780|1555515892|285058300|185046782|467|0|2|2007998464|0|||0|0|165723378.62|72487346.442|20889565.635|10292|0|0|0|2022-04-11 11:49:02.863296+02
655|1649676099.683485|2022-04-11 13:21:39.683485+02|16781|test|35|1369331224|0|770942825|7682785894|1665956492|1555662294|285131390|185119872|467|0|2|2007998464|0|||0|0|165755409.742|72505498.733|20898047.172|10293|0|0|0|2022-04-11 11:49:02.863296+02
656|1649676100.700813|2022-04-11 13:21:40.700813+02|16781|test|35|1369405345|0|770987765|7683721767|1666107637|1555810776|285205506|185193988|467|0|2|2007998464|0|||0|0|165787435.633|72523129.575|20906894.668|10296|0|0|0|2022-04-11 11:49:02.863296+02
657|1649676101.728070|2022-04-11 13:21:41.72807+02|16781|test|35|1369479542|0|771032543|7684665706|1666259847|1555959398|285279699|185268181|467|0|2|2007998464|0|||0|0|165819670.661|72541035.866|20915702.191|10298|0|0|0|2022-04-11 11:49:02.863296+02
658|1649676102.756291|2022-04-11 13:21:42.756291+02|16781|test|35|1369548939|0|771074372|7685553967|1666402991|1556098420|285349092|185337574|467|0|2|2007998464|0|||0|0|165851705.906|72559833.735|20923814.961|10300|0|0|0|2022-04-11 11:49:02.863296+02
659|1649676103.784330|2022-04-11 13:21:43.78433+02|16781|test|35|1369623289|0|771119513|7686510797|1666557144|1556247348|285423438|185411920|467|0|2|2007998464|0|||0|0|165883737.796|72577577.857|20932577.447|10302|0|0|0|2022-04-11 11:49:02.863296+02
660|1649676104.811650|2022-04-11 13:21:44.81165+02|16781|test|35|1369695960|0|771163757|7687454305|1666708881|1556392918|285496105|185484587|467|0|2|2007998464|0|||0|0|165915770.396|72595661.702|20941132.304|10304|0|0|0|2022-04-11 11:49:02.863296+02
661|1649676105.839415|2022-04-11 13:21:45.839415+02|16781|test|35|1369769431|0|771208058|7688414226|1666863146|1556540088|285569572|185558054|467|0|2|2007998464|0|||0|0|165947803.661|72613562.16|20949801.814|10306|0|0|0|2022-04-11 11:49:02.863296+02
662|1649676106.866438|2022-04-11 13:21:46.866438+02|16781|test|35|1369843285|0|771252597|7689385665|1667019211|1556688024|285643422|185631904|467|0|2|2007998464|0|||0|0|165979835.223|72631301.443|20958573.637|10308|0|0|0|2022-04-11 11:49:02.863296+02
663|1649676107.891492|2022-04-11 13:21:47.891492+02|16781|test|35|1369916130|0|771296791|7690349563|1667173833|1556833942|285716263|185704745|467|0|2|2007998464|0|||0|0|166011868.356|72649455.874|20967072.983|10310|0|0|0|2022-04-11 11:49:02.863296+02
664|1649676108.918018|2022-04-11 13:21:48.918018+02|16781|test|35|1369986247|0|771339660|7691283406|1667323384|1556974404|285786376|185774858|467|0|2|2007998464|0|||0|0|166044003.917|72668241.757|20975233.379|10312|0|0|0|2022-04-11 11:49:02.863296+02
665|1649676109.945656|2022-04-11 13:21:49.945656+02|16781|test|35|1370060701|0|771384807|7692281738|1667483188|1557123540|285860826|185849308|467|0|2|2007998464|0|||0|0|166076037.695|72686016.845|20983958.744|10314|0|0|0|2022-04-11 11:49:02.863296+02
666|1649676110.973298|2022-04-11 13:21:50.973298+02|16781|test|35|1370135619|0|771430318|7693290162|1667644558|1557273604|285935740|185924222|467|0|2|2007998464|0|||0|0|166108120.601|72703745.191|20992757.03|10316|0|0|0|2022-04-11 11:49:02.863296+02
667|1649676112.000723|2022-04-11 13:21:52.000723+02|16781|test|35|1370210268|0|771475530|7694302962|1667806481|1557423130|286010385|185998867|467|0|2|2007998464|0|||0|0|166140154.952|72721483.047|21001521.238|10318|0|0|0|2022-04-11 11:49:02.863296+02
668|1649676113.028302|2022-04-11 13:21:53.028302+02|16781|test|35|1370282606|0|771519623|7695289897|1667964173|1557568034|286082719|186071201|467|0|2|2007998464|0|||0|0|166172187.995|72739711.151|21009980.203|10320|0|0|0|2022-04-11 11:49:02.863296+02
669|1649676114.056172|2022-04-11 13:21:54.056172+02|16781|test|35|1370370022|0|771573289|7696488264|1668155366|1557743094|286170131|186158613|467|0|2|2007998464|0|||0|0|166210224.92|72761028.803|21020212.229|10322|0|0|0|2022-04-11 11:49:02.863296+02
670|1649676115.083980|2022-04-11 13:21:55.08398+02|16781|test|35|1370444092|0|771618318|7697512527|1668318540|1557891462|286244197|186232679|467|0|2|2007998464|0|||0|0|166242258.277|72778894.681|21028897.166|10324|0|0|0|2022-04-11 11:49:02.863296+02
671|1649676116.110848|2022-04-11 13:21:56.110848+02|16781|test|35|1370532025|0|771672331|7698735932|1668513450|1558067556|286332126|186320608|467|0|2|2007998464|0|||0|0|166280407.105|72800318.248|21039137.919|10326|0|0|0|2022-04-11 11:49:02.863296+02
672|1649676117.136695|2022-04-11 13:21:57.136695+02|16781|test|35|1370611638|0|771720818|7699848523|1668690549|1558227010|286411735|186400217|467|0|2|2007998464|0|||0|0|166316654.492|72821356.335|21048453.789|10328|0|0|0|2022-04-11 11:49:02.863296+02
673|1649676118.164294|2022-04-11 13:21:58.164294+02|16781|test|34|1370683806|0|772061629|7700852286|1668851755|1558372136|286483921|186472383|493|0|2|2007998464|0|||0|0|166348688.705|72839529.078|21056957.696|10330|0|0|0|2022-04-11 11:49:02.863296+02
674|1649676119.191703|2022-04-11 13:21:59.191703+02|16781|test|34|1370753428|0|772103826|7701729809|1668993489|1558511608|286553539|186542001|493|0|2|2007998464|0|||0|0|166380721.311|72858726.041|21064771.125|10332|0|0|0|2022-04-11 11:49:02.863296+02
675|1649676120.218550|2022-04-11 13:22:00.21855+02|16781|test|34|1370826946|0|772148739|7702655701|1669143141|1558658872|286627053|186615515|493|0|2|2007998464|0|||0|0|166412765.43|72877047.215|21073139.387|10334|0|0|0|2022-04-11 11:49:02.863296+02
676|1649676121.245407|2022-04-11 13:22:01.245407+02|16781|test|34|1370900291|0|772193189|7703579480|1669292385|1558805790|286700394|186688856|493|0|2|2007998464|0|||0|0|166444804.012|72895301.748|21081552.777|10336|0|0|0|2022-04-11 11:49:02.863296+02
677|1649676122.273181|2022-04-11 13:22:02.273181+02|16781|test|34|1370973362|0|772237545|7704499466|1669441090|1558952160|286773461|186761923|493|0|2|2007998464|0|||0|0|166476970.648|72913816.611|21089879.327|10338|0|0|0|2022-04-11 11:49:02.863296+02
678|1649676123.299904|2022-04-11 13:22:03.299904+02|16781|test|34|1371045190|0|772280743|7705404118|1669587239|1559096044|286845285|186833747|493|0|2|2007998464|0|||0|0|166509003.669|72932444.784|21098052.877|10340|0|0|0|2022-04-11 11:49:02.863296+02
679|1649676124.326830|2022-04-11 13:22:04.32683+02|16781|test|34|1371118176|0|772324851|7706323233|1669735689|1559242244|286918267|186906729|493|0|2|2007998464|0|||0|0|166541035.599|72950730.56|21106459.156|10342|0|0|0|2022-04-11 11:49:02.863296+02
680|1649676125.354331|2022-04-11 13:22:05.354331+02|16781|test|34|1371185456|0|772365868|7707170767|1669872567|1559377032|286985543|186974005|493|0|2|2007998464|0|||0|0|166573069.622|72970169.996|21114147.97|10344|0|0|0|2022-04-11 11:49:02.863296+02
681|1649676126.381977|2022-04-11 13:22:06.381977+02|16781|test|34|1371259897|0|772411125|7708107940|1670024018|1559526142|287059980|187048442|493|0|2|2007998464|0|||0|0|166605123.8|72988150.906|21122752.667|10346|0|0|0|2022-04-11 11:49:02.863296+02
682|1649676127.409753|2022-04-11 13:22:07.409753+02|16781|test|34|1371334299|0|772456160|7709044558|1670175322|1559675174|287134378|187122840|493|0|2|2007998464|0|||0|0|166637156.747|73006014.996|21131417.297|10348|0|0|0|2022-04-11 11:49:02.863296+02
683|1649676128.437529|2022-04-11 13:22:08.437529+02|16781|test|34|1371407499|0|772500526|7709966747|1670324288|1559821802|287207574|187196036|493|0|2|2007998464|0|||0|0|166669218.731|73024190.165|21139915.282|10350|0|0|0|2022-04-11 11:49:02.863296+02
684|1649676129.464926|2022-04-11 13:22:09.464926+02|16781|test|34|1371481927|0|772545664|7710903775|1670475688|1559970886|287281998|187270460|493|0|2|2007998464|0|||0|0|166701251.173|73042146.922|21148515.934|10352|0|0|0|2022-04-11 11:49:02.863296+02
685|1649676130.492309|2022-04-11 13:22:10.492309+02|16781|test|34|1371555722|0|772590626|7711832713|1670625731|1560118704|287355789|187344251|493|0|2|2007998464|0|||0|0|166733284.88|73060115.738|21157125.902|10354|0|0|0|2022-04-11 11:49:02.863296+02
686|1649676131.519537|2022-04-11 13:22:11.519537+02|16781|test|34|1371629740|0|772635672|7712764181|1670776268|1560266968|287429803|187418265|493|0|2|2007998464|0|||0|0|166765336.889|73078143.982|21165698.947|10356|0|0|0|2022-04-11 11:49:02.863296+02
687|1649676132.546881|2022-04-11 13:22:12.546881+02|16781|test|34|1371703030|0|772680255|7713686535|1670925271|1560413776|287503089|187491551|493|0|2|2007998464|0|||0|0|166797370.997|73096491.47|21174057.362|10358|0|0|0|2022-04-11 11:49:02.863296+02
688|1649676133.573897|2022-04-11 13:22:13.573897+02|16781|test|34|1371788987|0|772732275|7714768117|1671100077|1560585918|287589042|187577504|493|0|2|2007998464|0|||0|0|166835407.997|73118428.265|21183877.296|10360|0|0|0|2022-04-11 11:49:02.863296+02
689|1649676134.601090|2022-04-11 13:22:14.60109+02|16781|test|34|1371862562|0|772776963|7715694633|1671249681|1560733296|287662613|187651075|493|0|2|2007998464|0|||0|0|166867443.708|73136636.573|21192320.995|10362|0|0|0|2022-04-11 11:49:02.863296+02
690|1649676135.628703|2022-04-11 13:22:15.628703+02|16781|test|34|1371939868|0|772823776|7716667430|1671406805|1560888136|287739915|187728377|493|0|2|2007998464|0|||0|0|166903998.976|73158981.888|21200964.482|10364|0|0|0|2022-04-11 11:49:02.863296+02
691|1649676136.655768|2022-04-11 13:22:16.655768+02|16781|test|34|1372021172|0|772872981|7717690670|1671572074|1561050972|287821215|187809677|493|0|2|2007998464|0|||0|0|166939550.194|73179268.068|21210284.272|10366|0|0|0|2022-04-11 11:49:02.863296+02
692|1649676137.683145|2022-04-11 13:22:17.683145+02|16781|test|34|1372100546|0|772920930|7718689450|1671733449|1561209948|287900585|187889047|493|0|2|2007998464|0|||0|0|166973585.438|73198245.681|21219500.143|10368|0|0|0|2022-04-11 11:49:02.863296+02
693|1649676138.710728|2022-04-11 13:22:18.710728+02|16781|test|34|1372174670|0|772965961|7719621961|1671884111|1561358424|287974705|187963167|493|0|2|2007998464|0|||0|0|167005619.788|73216195.295|21228111.186|10370|0|0|0|2022-04-11 11:49:02.863296+02
694|1649676139.738654|2022-04-11 13:22:19.738654+02|16781|test|34|1372248988|0|773011208|7720556257|1672035124|1561507288|288049019|188037481|493|0|2|2007998464|0|||0|0|167037654.464|73234135.454|21236722.912|10372|0|0|0|2022-04-11 11:49:02.863296+02
695|1649676140.765706|2022-04-11 13:22:20.765706+02|16781|test|34|1372322378|0|773055750|7721479240|1672184317|1561654296|288122405|188110867|493|0|2|2007998464|0|||0|0|167069687.836|73252249.56|21245236.871|10374|0|0|0|2022-04-11 11:49:02.863296+02
696|1649676141.793381|2022-04-11 13:22:21.793381+02|16781|test|34|1372391131|0|773097567|7722344119|1672324085|1561792030|288191154|188179616|493|0|2|2007998464|0|||0|0|167101723.921|73271411.44|21253095.558|10376|0|0|0|2022-04-11 11:49:02.863296+02
697|1649676142.820944|2022-04-11 13:22:22.820944+02|16781|test|34|1372464640|0|773142349|7723269582|1672473517|1561939276|288264659|188253121|493|0|2|2007998464|0|||0|0|167133762.437|73289546.99|21261594.225|10378|0|0|0|2022-04-11 11:49:02.863296+02
698|1649676143.848658|2022-04-11 13:22:23.848658+02|16781|test|34|1372539377|0|773187365|7724209032|1672625388|1562088978|288339392|188327854|493|0|2|2007998464|0|||0|0|167165794.69|73307363.939|21270297.115|10380|0|0|0|2022-04-11 11:49:02.863296+02
699|1649676144.876538|2022-04-11 13:22:24.876538+02|16781|test|34|1372614430|0|773232810|7725153343|1672777915|1562239312|288414441|188402903|493|0|2|2007998464|0|||0|0|167197996.865|73325330.982|21279000.977|10382|0|0|0|2022-04-11 11:49:02.863296+02
700|1649676145.903412|2022-04-11 13:22:25.903412+02|16781|test|34|1372689263|0|773278290|7726094207|1672929982|1562389206|288489270|188477732|493|0|2|2007998464|0|||0|0|167230028.272|73343137.893|21287707.991|10384|0|0|0|2022-04-11 11:49:02.863296+02
701|1649676146.929479|2022-04-11 13:22:26.929479+02|16781|test|34|1372762410|0|773322253|7727014475|1673078589|1562535728|288562413|188550875|493|0|2|2007998464|0|||0|0|167262061.094|73361317.751|21296185.558|10386|0|0|0|2022-04-11 11:49:02.863296+02
702|1649676147.957286|2022-04-11 13:22:27.957286+02|16781|test|34|1372835834|0|773367209|7727937354|1673227863|1562682804|288635833|188624295|493|0|2|2007998464|0|||0|0|167294094.826|73379470.803|21304666.052|10388|0|0|0|2022-04-11 11:49:02.863296+02
703|1649676148.984435|2022-04-11 13:22:28.984435+02|16781|test|34|1372908529|0|773411415|7728851980|1673375547|1562828422|288708524|188696986|493|0|2|2007998464|0|||0|0|167326127.931|73397852.703|21313003.628|10390|0|0|0|2022-04-11 11:49:02.863296+02
704|1649676150.012631|2022-04-11 13:22:30.012631+02|16781|test|34|1372982062|0|773455936|7729777002|1673524969|1562975716|288782053|188770515|493|0|2|2007998464|0|||0|0|167358175.37|73416056.205|21321462.752|10392|0|0|0|2022-04-11 11:49:02.863296+02
705|1649676151.039608|2022-04-11 13:22:31.039608+02|16781|test|34|1373055222|0|773500359|7730697260|1673673580|1563122264|288855209|188843671|493|0|2|2007998464|0|||0|0|167390209.476|73434366.727|21329842.555|10394|0|0|0|2022-04-11 11:49:02.863296+02
706|1649676152.066911|2022-04-11 13:22:32.066911+02|16781|test|34|1373129178|0|773544831|7731626918|1673823843|1563270404|288929161|188917623|493|0|2|2007998464|0|||0|0|167422240.796|73452437.735|21338384.677|10396|0|0|0|2022-04-11 11:49:02.863296+02
707|1649676153.093867|2022-04-11 13:22:33.093867+02|16781|test|34|1373211283|0|773595138|7732658336|1673990606|1563434842|289011262|188999724|493|0|2|2007998464|0|||0|0|167460414.18|73475224.241|21347772.064|10398|0|0|0|2022-04-11 11:49:02.863296+02
708|1649676154.121264|2022-04-11 13:22:34.121264+02|16781|test|34|1373285782|0|773640137|7733593838|1674141993|1563584068|289085757|189074219|493|0|2|2007998464|0|||0|0|167492448.747|73493102.2|21356439.37|10400|0|0|0|2022-04-11 11:49:02.863296+02
709|1649676155.149300|2022-04-11 13:22:35.1493+02|16781|test|34|1373369486|0|773691178|7734646611|1674312043|1563751704|289169457|189157919|493|0|2|2007998464|0|||0|0|167529149.735|73514058.73|21366068.159|10402|0|0|0|2022-04-11 11:49:02.863296+02
710|1649676156.177006|2022-04-11 13:22:36.177006+02|16781|test|34|1373455131|0|773742728|7735722259|1674485932|1563923222|289255098|189243560|493|0|2|2007998464|0|||0|0|167566686.478|73535415.38|21375958.546|10404|0|0|0|2022-04-11 11:49:02.863296+02
711|1649676157.204620|2022-04-11 13:22:37.20462+02|16781|test|34|1373527546|0|773786503|7736633019|1674633065|1564068280|289327509|189315971|493|0|2|2007998464|0|||0|0|167598721.22|73553780.094|21384316.223|10406|0|0|0|2022-04-11 11:49:02.863296+02
712|1649676158.231639|2022-04-11 13:22:38.231639+02|16781|test|34|1373596609|0|773828543|7737500572|1674773343|1564206634|289396568|189385030|493|0|2|2007998464|0|||0|0|167630755.527|73572862.931|21392229.157|10408|0|0|0|2022-04-11 11:49:02.863296+02
713|1649676159.259788|2022-04-11 13:22:39.259788+02|16781|test|34|1373671736|0|773873999|7738444726|1674925972|1564357116|289471691|189460153|493|0|2|2007998464|0|||0|0|167662789.626|73590665.356|21400935.777|10410|0|0|0|2022-04-11 11:49:02.863296+02
714|1649676160.286268|2022-04-11 13:22:40.286268+02|16781|test|34|1373746510|0|773919531|7739385000|1675078697|1564506903|289546459|189534921|493|0|2|2007998464|0|||0|0|167694880.926|73608599.603|21409590.66|10412|0|0|0|2022-04-11 11:49:02.863296+02
715|1649676161.313324|2022-04-11 13:22:41.313324+02|16781|test|34|1373820118|0|773963975|7740310641|1675228230|1564654347|289620063|189608525|493|0|2|2007998464|0|||0|0|167726914.489|73626650.77|21418146.812|10414|0|0|0|2022-04-11 11:49:02.863296+02
716|1649676162.340995|2022-04-11 13:22:42.340995+02|16781|test|34|1373894993|0|774009443|7741251521|1675380318|1564804325|289694934|189683396|493|0|2|2007998464|0|||0|0|167758947.45|73644481.519|21426831.024|10416|0|0|0|2022-04-11 11:49:02.863296+02
717|1649676163.368939|2022-04-11 13:22:43.368939+02|16781|test|34|1373969386|0|774054531|7742186108|1675531486|1564953339|289769323|189757785|493|0|2|2007998464|0|||0|0|167791103.324|73662570.452|21435437.266|10418|0|0|0|2022-04-11 11:49:02.863296+02
718|1649676164.396723|2022-04-11 13:22:44.396723+02|16781|test|34|1374043335|0|774099386|7743115188|1675681650|1565101465|289843268|189831730|493|0|2|2007998464|0|||0|0|167823138.698|73680595.87|21444006.689|10420|0|0|0|2022-04-11 11:49:02.863296+02
719|1649676165.424686|2022-04-11 13:22:45.424686+02|16781|test|34|1374115820|0|774143334|7744025776|1675828876|1565246663|289915749|189904211|493|0|2|2007998464|0|||0|0|167855172.157|73698939.93|21452374.409|10422|0|0|0|2022-04-11 11:49:02.863296+02
720|1649676166.452124|2022-04-11 13:22:46.452124+02|16781|test|34|1374188140|0|774187316|7744935276|1675975752|1565391531|289988065|189976527|493|0|2|2007998464|0|||0|0|167887205.561|73717295.884|21460737.154|10424|0|0|0|2022-04-11 11:49:02.863296+02
721|1649676167.482299|2022-04-11 13:22:47.482299+02|16781|test|34|1374262719|0|774232644|7745871928|1676127246|1565540917|290062640|190051102|493|0|2|2007998464|0|||0|0|167919247.415|73735193.922|21469393.022|10426|0|0|0|2022-04-11 11:49:02.863296+02
722|1649676168.509592|2022-04-11 13:22:48.509592+02|16781|test|34|1374336850|0|774277521|7746803300|1676277802|1565689407|290136767|190125229|493|0|2|2007998464|0|||0|0|167951280.335|73753169.967|21477991.704|10428|0|0|0|2022-04-11 11:49:02.863296+02
723|1649676169.536509|2022-04-11 13:22:49.536509+02|16781|test|34|1374406603|0|774319651|7747679826|1676419426|1565829141|290206516|190194978|493|0|2|2007998464|0|||0|0|167983376.839|73772153.796|21485993.804|10430|0|0|0|2022-04-11 11:49:02.863296+02
724|1649676170.564226|2022-04-11 13:22:50.564226+02|16781|test|34|1374481145|0|774365000|7748615773|1676570732|1565978453|290281054|190269516|493|0|2|2007998464|0|||0|0|168015410.657|73790083.904|21494621.715|10432|0|0|0|2022-04-11 11:49:02.863296+02
725|1649676171.591623|2022-04-11 13:22:51.591623+02|16781|test|34|1374554530|0|774409285|7749538237|1676719744|1566125451|290354435|190342897|493|0|2|2007998464|0|||0|0|168047485.512|73808204.526|21503173.393|10434|0|0|0|2022-04-11 11:49:02.863296+02
726|1649676172.618104|2022-04-11 13:22:52.618104+02|16781|test|34|1374642691|0|774462361|7750646119|1676898684|1566302001|290442592|190431054|493|0|2|2007998464|0|||0|0|168085520.211|73829632.638|21513326.387|10436|0|0|0|2022-04-11 11:49:02.863296+02
727|1649676173.644088|2022-04-11 13:22:53.644088+02|16781|test|34|1374716470|0|774506995|7751573784|1677048495|1566449787|290516367|190504829|493|0|2|2007998464|0|||0|0|168117550.983|73847736.453|21521833.988|10438|0|0|0|2022-04-11 11:49:02.863296+02
728|1649676174.671183|2022-04-11 13:22:54.671183+02|16781|test|34|1374800943|0|774557668|7752634404|1677219913|1566618961|290600836|190589298|493|0|2|2007998464|0|||0|0|168154631.441|73868872.899|21531582.391|10440|0|0|0|2022-04-11 11:49:02.863296+02
729|1649676175.698491|2022-04-11 13:22:55.698491+02|16781|test|34|1374881781|0|774606830|7753650350|1677384088|1566780865|290681670|190670132|493|0|2|2007998464|0|||0|0|168191667.951|73890688.698|21540892.952|10442|0|0|0|2022-04-11 11:49:02.863296+02
730|1649676176.726277|2022-04-11 13:22:56.726277+02|16781|test|34|1374953515|0|774650595|7754551262|1677529770|1566924561|290753400|190741862|493|0|2|2007998464|0|||0|0|168223806.117|73909102.883|21549281.36|10444|0|0|0|2022-04-11 11:49:02.863296+02
731|1649676177.753923|2022-04-11 13:22:57.753923+02|16781|test|34|1375029192|0|774696439|7755501946|1677683439|1567076143|290829073|190817535|493|0|2|2007998464|0|||0|0|168255839.659|73926738.581|21558085.93|10446|0|0|0|2022-04-11 11:49:02.863296+02
732|1649676178.781132|2022-04-11 13:22:58.781132+02|16781|test|34|1375104320|0|774742010|7756445420|1677836024|1567226627|290904197|190892659|493|0|2|2007998464|0|||0|0|168287877.161|73944664.082|21566710.877|10448|0|0|0|2022-04-11 11:49:02.863296+02
733|1649676179.808420|2022-04-11 13:22:59.80842+02|16781|test|34|1375180227|0|774787938|7757399035|1677990122|1567378669|290980100|190968562|493|0|2|2007998464|0|||0|0|168319910.822|73962305.275|21575522.519|10450|0|0|0|2022-04-11 11:49:02.863296+02
734|1649676180.835688|2022-04-11 13:23:00.835688+02|16781|test|34|1375255286|0|774833169|7758342244|1678142398|1567529015|291055155|191043617|493|0|2|2007998464|0|||0|0|168351944.485|73980158.283|21584199.745|10452|0|0|0|2022-04-11 11:49:02.863296+02
735|1649676181.863232|2022-04-11 13:23:01.863232+02|16781|test|34|1375331012|0|774879020|7759294221|1678296050|1567680695|291130877|191119339|493|0|2|2007998464|0|||0|0|168383977.362|73997859.308|21592963.944|10454|0|0|0|2022-04-11 11:49:02.863296+02
736|1649676182.890601|2022-04-11 13:23:02.890601+02|16781|test|34|1375405039|0|774924213|7760224122|1678446279|1567828977|291204900|191193362|493|0|2|2007998464|0|||0|0|168416010.733|74016060.67|21601406.755|10456|0|0|0|2022-04-11 11:49:02.863296+02
737|1649676183.918308|2022-04-11 13:23:03.918308+02|16781|test|34|1375479287|0|774969014|7761156479|1678597027|1567977701|291279144|191267606|493|0|2|2007998464|0|||0|0|168448045.604|74034125.775|21609943.828|10458|0|0|0|2022-04-11 11:49:02.863296+02
738|1649676184.945867|2022-04-11 13:23:04.945867+02|16781|test|34|1375553270|0|775013916|7762086425|1678747225|1568125895|291353123|191341585|493|0|2|2007998464|0|||0|0|168480076.969|74052341.589|21618383.199|10460|0|0|0|2022-04-11 11:49:02.863296+02
739|1649676185.973740|2022-04-11 13:23:05.97374+02|16781|test|34|1375627684|0|775058919|7763021452|1678898252|1568274951|291427533|191415995|493|0|2|2007998464|0|||0|0|168512112.55|74070380.726|21626935.789|10462|0|0|0|2022-04-11 11:49:02.863296+02
740|1649676187.001364|2022-04-11 13:23:07.001364+02|16781|test|34|1375702444|0|775104257|7763960286|1679050033|1568424699|291502289|191490751|493|0|2|2007998464|0|||0|0|168544148.337|74088387.868|21635503.49|10464|0|0|0|2022-04-11 11:49:02.863296+02
741|1649676188.028835|2022-04-11 13:23:08.028835+02|16781|test|34|1375773269|0|775146939|7764850415|1679193847|1568566577|291573110|191561572|493|0|2|2007998464|0|||0|0|168576182.92|74107111.232|21643631.248|10466|0|0|0|2022-04-11 11:49:02.863296+02
742|1649676189.056549|2022-04-11 13:23:09.056549+02|16781|test|34|1375849528|0|775193285|7765808646|1679348656|1568719323|291649365|191637827|493|0|2|2007998464|0|||0|0|168608215.819|74124700.078|21652472.738|10468|0|0|0|2022-04-11 11:49:02.863296+02
743|1649676190.083182|2022-04-11 13:23:10.083182+02|16781|test|34|1375925694|0|775239239|7766765020|1679503342|1568871883|291725527|191713989|493|0|2|2007998464|0|||0|0|168640249.061|74142317.986|21661298.03|10470|0|0|0|2022-04-11 11:49:02.863296+02
744|1649676191.110167|2022-04-11 13:23:11.110167+02|16781|test|34|1376001344|0|775285239|7767715779|1679656904|1569023411|291801173|191789635|493|0|2|2007998464|0|||0|0|168672282.667|74159976.145|21670099.659|10472|0|0|0|2022-04-11 11:49:02.863296+02
745|1649676192.137713|2022-04-11 13:23:12.137713+02|16781|test|34|1376088844|0|775338258|7768814472|1679834450|1569198639|291888669|191877131|493|0|2|2007998464|0|||0|0|168710318.953|74181522.499|21680181.877|10474|0|0|0|2022-04-11 11:49:02.863296+02
746|1649676193.165270|2022-04-11 13:23:13.16527+02|16781|test|34|1376168570|0|775386447|7769816360|1679996289|1569358319|291968391|191956853|493|0|2|2007998464|0|||0|0|168746855.071|74203210.225|21689239.947|10476|0|0|0|2022-04-11 11:49:02.863296+02
747|1649676194.192148|2022-04-11 13:23:14.192148+02|16781|test|34|1376244662|0|775432519|7770772856|1680150701|1569510731|292044479|192032941|493|0|2|2007998464|0|||0|0|168779386.802|74221615.671|21697855.816|10478|0|0|0|2022-04-11 11:49:02.863296+02
748|1649676195.219532|2022-04-11 13:23:15.219532+02|16781|test|34|1376326411|0|775482001|7771800056|1680316556|1569674457|292126224|192114686|493|0|2|2007998464|0|||0|0|168813921.894|74240731.392|21707282.264|10480|0|0|0|2022-04-11 11:49:02.863296+02
749|1649676196.247363|2022-04-11 13:23:16.247363+02|16781|test|34|1376408362|0|775531703|7772828036|1680482815|1569838587|292208171|192196633|493|0|2|2007998464|0|||0|0|168848455.514|74259662.154|21716838.721|10482|0|0|0|2022-04-11 11:49:02.863296+02
750|1649676197.274761|2022-04-11 13:23:17.274761+02|16781|test|34|1376484457|0|775577673|7773783273|1680637365|1569991005|292284262|192272724|493|0|2|2007998464|0|||0|0|168880491.371|74277257.892|21725687.868|10484|0|0|0|2022-04-11 11:49:02.863296+02
751|1649676198.302183|2022-04-11 13:23:18.302183+02|16781|test|34|1376559394|0|775623332|7774724782|1680789457|1570141107|292359195|192347657|493|0|2|2007998464|0|||0|0|168912525.55|74295070.814|21734397.593|10486|0|0|0|2022-04-11 11:49:02.863296+02
752|1649676199.329897|2022-04-11 13:23:19.329897+02|16781|test|34|1376632749|0|775667949|7775646172|1680938390|1570288045|292432546|192421008|493|0|2|2007998464|0|||0|0|168944557.848|74313272.626|21742846.9|10488|0|0|0|2022-04-11 11:49:02.863296+02
753|1649676200.356990|2022-04-11 13:23:20.35699+02|16781|test|34|1376709160|0|775714125|7776605943|1681093486|1570441095|292508953|192497415|493|0|2|2007998464|0|||0|0|168976591.037|74330902.505|21751664.483|10490|0|0|0|2022-04-11 11:49:02.863296+02
754|1649676201.384134|2022-04-11 13:23:21.384134+02|16781|test|34|1376784709|0|775759760|7777555742|1681246827|1570592421|292584498|192572960|493|0|2|2007998464|0|||0|0|169008622.666|74348628.013|21760419.538|10492|0|0|0|2022-04-11 11:49:02.863296+02
755|1649676202.411863|2022-04-11 13:23:22.411863+02|16781|test|34|1376860191|0|775805510|7778503967|1681399998|1570743613|292659976|192648438|493|0|2|2007998464|0|||0|0|169040656.759|74366383.223|21769152.389|10494|0|0|0|2022-04-11 11:49:02.863296+02
756|1649676203.438575|2022-04-11 13:23:23.438575+02|16781|test|34|1376931178|0|775848363|7779395606|1681544114|1570885815|292730959|192719421|493|0|2|2007998464|0|||0|0|169072779.687|74385158.026|21777314.642|10496|0|0|0|2022-04-11 11:49:02.863296+02
757|1649676204.465928|2022-04-11 13:23:24.465928+02|16781|test|34|1377007184|0|775894548|7780350132|1681698403|1571038055|292806961|192795423|493|0|2|2007998464|0|||0|0|169104813.068|74402822.299|21786099.411|10498|0|0|0|2022-04-11 11:49:02.863296+02
758|1649676205.493516|2022-04-11 13:23:25.493516+02|16781|test|34|1377083910|0|775941150|7781314162|1681854145|1571191735|292883683|192872145|493|0|2|2007998464|0|||0|0|169136846.314|74420267.426|21795034.878|10500|0|0|0|2022-04-11 11:49:02.863296+02
759|1649676206.520983|2022-04-11 13:23:26.520983+02|16781|test|34|1377159204|0|775986580|7782259420|1682006948|1571342551|292958973|192947435|493|0|2|2007998464|0|||0|0|169168880.119|74438073.492|21803755.296|10502|0|0|0|2022-04-11 11:49:02.863296+02
760|1649676207.548634|2022-04-11 13:23:27.548634+02|16781|test|34|1377233527|0|776031689|7783192608|1682157766|1571491425|293033292|193021754|493|0|2|2007998464|0|||0|0|169200914.167|74456174.806|21812274.774|10504|0|0|0|2022-04-11 11:49:02.863296+02
761|1649676208.576329|2022-04-11 13:23:28.576329+02|16781|test|34|1377304098|0|776074735|7784078346|1682301023|1571632795|293103859|193092321|493|0|2|2007998464|0|||0|0|169232952.465|74475017.064|21820348.429|10506|0|0|0|2022-04-11 11:49:02.863296+02
762|1649676209.603358|2022-04-11 13:23:29.603358+02|16781|test|34|1377378019|0|776119620|7785006753|1682451036|1571780865|293177776|193166238|493|0|2|2007998464|0|||0|0|169264985.327|74493073.443|21828898.104|10508|0|0|0|2022-04-11 11:49:02.863296+02
763|1649676210.631395|2022-04-11 13:23:30.631395+02|16781|test|34|1377467331|0|776173722|7786128559|1682632205|1571959717|293267084|193255546|493|0|2|2007998464|0|||0|0|169302526.798|74513692.128|21839252.766|10510|0|0|0|2022-04-11 11:49:02.863296+02
764|1649676211.659178|2022-04-11 13:23:31.659178+02|16781|test|34|1377544600|0|776220303|7787098282|1682789009|1572114483|293344349|193332811|493|0|2|2007998464|0|||0|0|169335060.52|74531655.558|21848172.751|10512|0|0|0|2022-04-11 11:49:02.863296+02
765|1649676212.685581|2022-04-11 13:23:32.685581+02|16781|test|34|1377632452|0|776273593|7788201307|1682967211|1572290415|293432197|193420659|493|0|2|2007998464|0|||0|0|169372096.734|74552089.029|21858331.332|10514|0|0|0|2022-04-11 11:49:02.863296+02
766|1649676213.713580|2022-04-11 13:23:33.71358+02|16781|test|34|1377708251|0|776319572|7789153199|1683121047|1572442241|293507992|193496454|493|0|2|2007998464|0|||0|0|169404132.407|74569729.142|21867147.297|10516|0|0|0|2022-04-11 11:49:02.863296+02
767|1649676214.741021|2022-04-11 13:23:34.741021+02|16781|test|34|1377791766|0|776370164|7790201465|1683290505|1572609499|293591503|193579965|493|0|2|2007998464|0|||0|0|169441232.959|74591259.432|21876661.658|10518|0|0|0|2022-04-11 11:49:02.863296+02
768|1649676215.768016|2022-04-11 13:23:35.768016+02|16781|test|34|1377866234|0|776415266|7791136710|1683441642|1572758663|293665967|193654429|493|0|2|2007998464|0|||0|0|169473268.464|74609355.563|21885175.108|10520|0|0|0|2022-04-11 11:49:02.863296+02
769|1649676216.795504|2022-04-11 13:23:36.795504+02|16781|test|34|1377942233|0|776460960|7792091660|1683595916|1572910889|293741962|193730424|493|0|2|2007998464|0|||0|0|169505303.95|74627046.691|21893949.008|10522|0|0|0|2022-04-11 11:49:02.863296+02
770|1649676217.822505|2022-04-11 13:23:37.822505+02|16781|test|34|1378017949|0|776506925|7793042220|1683749592|1573062549|293817674|193806136|493|0|2|2007998464|0|||0|0|169537336.562|74644778.239|21902702.054|10524|0|0|0|2022-04-11 11:49:02.863296+02
771|1649676218.850149|2022-04-11 13:23:38.850149+02|16781|test|34|1378093194|0|776552720|7793987273|1683902352|1573213267|293892915|193881377|493|0|2|2007998464|0|||0|0|169569370.454|74662508.34|21911465.969|10526|0|0|0|2022-04-11 11:49:02.863296+02
772|1649676219.878193|2022-04-11 13:23:39.878193+02|16781|test|34|1378153873|0|776589536|7794749436|1684025482|1573334841|293953591|193942053|493|0|2|2007998464|0|||0|0|169596400.83|74678028.178|21918507.909|10527|0|0|0|2022-04-11 11:49:02.863296+02
773|1649676220.895381|2022-04-11 13:23:40.895381+02|16781|test|34|1378241130|0|776642418|7795845664|1684203396|1573509606|294040841|194029303|493|0|2|2007998464|0|||0|0|169633429.186|74698468.716|21928674.834|10530|0|0|0|2022-04-11 11:49:02.863296+02
774|1649676221.923666|2022-04-11 13:23:41.923666+02|16781|test|34|1378317711|0|776688628|7796807238|1684358814|1573662996|294117418|194105880|493|0|2|2007998464|0|||0|0|169665465.854|74715939.451|21937597.437|10532|0|0|0|2022-04-11 11:49:02.863296+02
775|1649676222.951672|2022-04-11 13:23:42.951672+02|16781|test|34|1378393082|0|776734372|7797753711|1684511756|1573813966|294192785|194181247|493|0|2|2007998464|0|||0|0|169697497.981|74733637.486|21946374|10534|0|0|0|2022-04-11 11:49:02.863296+02
776|1649676223.978377|2022-04-11 13:23:43.978377+02|16781|test|34|1378468549|0|776780136|7798701196|1684664836|1573965128|294268248|194256710|493|0|2|2007998464|0|||0|0|169729530.635|74751422.739|21955091.96|10536|0|0|0|2022-04-11 11:49:02.863296+02
777|1649676225.006241|2022-04-11 13:23:45.006241+02|16781|test|34|1378541954|0|776824550|7799622340|1684813752|1574112166|294341649|194330111|493|0|2|2007998464|0|||0|0|169761567.061|74769726.927|21963482.79|10538|0|0|0|2022-04-11 11:49:02.863296+02
778|1649676226.034342|2022-04-11 13:23:46.034342+02|16781|test|34|1378612959|0|776867679|7800513725|1684957738|1574254404|294412650|194401112|493|0|2|2007998464|0|||0|0|169793605.263|74788393.513|21971667.002|10540|0|0|0|2022-04-11 11:49:02.863296+02
779|1649676227.062128|2022-04-11 13:23:47.062128+02|16781|test|34|1378689675|0|776914055|7801476691|1685113367|1574408064|294489362|194477824|493|0|2|2007998464|0|||0|0|169825638.082|74805865.173|21980583.553|10542|0|0|0|2022-04-11 11:49:02.863296+02
780|1649676228.090075|2022-04-11 13:23:48.090075+02|16781|test|34|1378766017|0|776960192|7802434665|1685268240|1574560976|294565700|194554162|493|0|2|2007998464|0|||0|0|169857671.564|74823439.973|21989425.621|10544|0|0|0|2022-04-11 11:49:02.863296+02
781|1649676229.117684|2022-04-11 13:23:49.117684+02|16781|test|34|1378842525|0|777006632|7803395352|1685423492|1574714220|294642204|194630666|493|0|2|2007998464|0|||0|0|169889705.356|74840964.519|21998307.851|10546|0|0|0|2022-04-11 11:49:02.863296+02
782|1649676230.145282|2022-04-11 13:23:50.145282+02|16781|test|34|1378933050|0|777061278|7804531491|1685607135|1574895498|294732725|194721187|493|0|2|2007998464|0|||0|0|169927740.597|74861809.898|22008828.041|10548|0|0|0|2022-04-11 11:49:02.863296+02
783|1649676231.172723|2022-04-11 13:23:51.172723+02|16781|test|34|1379007592|0|777106535|7805467402|1685758370|1575044810|294807263|194795725|493|0|2|2007998464|0|||0|0|169959773.675|74879727.749|22017476.011|10550|0|0|0|2022-04-11 11:49:02.863296+02
784|1649676232.199488|2022-04-11 13:23:52.199488+02|16781|test|34|1379089098|0|777155834|7806490831|1685923685|1575208050|294888765|194877227|493|0|2|2007998464|0|||0|0|169996808.129|74901481.653|22026814.284|10552|0|0|0|2022-04-11 11:49:02.863296+02
785|1649676233.226949|2022-04-11 13:23:53.226949+02|16781|test|34|1379165579|0|777202009|7807450862|1686078944|1575361240|294965242|194953704|493|0|2|2007998464|0|||0|0|170028842.878|74919082.319|22035644.955|10554|0|0|0|2022-04-11 11:49:02.863296+02
786|1649676234.254747|2022-04-11 13:23:54.254747+02|16781|test|34|1379253245|0|777254945|7808551553|1686256771|1575536800|295052904|195041366|493|0|2|2007998464|0|||0|0|170065878.547|74939631.267|22045743.74|10556|0|0|0|2022-04-11 11:49:02.863296+02
787|1649676235.282565|2022-04-11 13:23:55.282565+02|16781|test|34|1379329535|0|777301015|7809509073|1686411624|1575689608|295129190|195117652|493|0|2|2007998464|0|||0|0|170097916.56|74957186.321|22054606.923|10558|0|0|0|2022-04-11 11:49:02.863296+02
788|1649676236.310498|2022-04-11 13:23:56.310498+02|16781|test|34|1379405972|0|777347382|7810468330|1686566679|1575842710|295205623|195194085|493|0|2|2007998464|0|||0|0|170129951.849|74974706.82|22063488.124|10560|0|0|0|2022-04-11 11:49:02.863296+02
789|1649676237.337653|2022-04-11 13:23:57.337653+02|16781|test|34|1379481737|0|777392809|7811419797|1686720337|1575994468|295281384|195269846|493|0|2|2007998464|0|||0|0|170161985.252|74992391.676|22072275.578|10562|0|0|0|2022-04-11 11:49:02.863296+02
790|1649676238.364573|2022-04-11 13:23:58.364573+02|16781|test|34|1379556019|0|777437861|7812352660|1686871120|1576143260|295355662|195344124|493|0|2|2007998464|0|||0|0|170194018.869|75010348.048|22080894.95|10564|0|0|0|2022-04-11 11:49:02.863296+02
791|1649676239.392402|2022-04-11 13:23:59.392402+02|16781|test|34|1379632043|0|777483681|7813307537|1687025349|1576295536|295431682|195420144|493|0|2|2007998464|0|||0|0|170226053.856|75027986.601|22089693.339|10566|0|0|0|2022-04-11 11:49:02.863296+02
792|1649676240.420335|2022-04-11 13:24:00.420335+02|16781|test|34|1379707154|0|777529110|7814251136|1687177784|1576445986|295506789|195495251|493|0|2|2007998464|0|||0|0|170258089.293|75045772.229|22098419.466|10568|0|0|0|2022-04-11 11:49:02.863296+02
793|1649676241.448102|2022-04-11 13:24:01.448102+02|16781|test|34|1379782648|0|777574778|7815199107|1687330968|1576597202|295582279|195570741|493|0|2|2007998464|0|||0|0|170290123.923|75063465.598|22107202.5|10570|0|0|0|2022-04-11 11:49:02.863296+02
794|1649676242.475662|2022-04-11 13:24:02.475662+02|16781|test|34|1379858665|0|777620856|7816153075|1687485210|1576749464|295658292|195646754|493|0|2|2007998464|0|||0|0|170322155.916|75081090.25|22116015.254|10572|0|0|0|2022-04-11 11:49:02.863296+02
795|1649676243.502730|2022-04-11 13:24:03.50273+02|16781|test|34|1379929728|0|777663873|7817045568|1687629414|1576891818|295729351|195717813|493|0|2|2007998464|0|||0|0|170354207.185|75099878.487|22124121.923|10574|0|0|0|2022-04-11 11:49:02.863296+02
796|1649676244.530800|2022-04-11 13:24:04.5308+02|16781|test|34|1380006190|0|777710426|7818005683|1687784573|1577044970|295805809|195794271|493|0|2|2007998464|0|||0|0|170386240.219|75117451.634|22132973.34|10576|0|0|0|2022-04-11 11:49:02.863296+02
797|1649676245.558770|2022-04-11 13:24:05.55877+02|16781|test|34|1380082061|0|777756075|7818958412|1687938520|1577196940|295881676|195870138|493|0|2|2007998464|0|||0|0|170418273.645|75135092.246|22141789.185|10578|0|0|0|2022-04-11 11:49:02.863296+02
798|1649676246.586368|2022-04-11 13:24:06.586368+02|16781|test|34|1380158326|0|777802325|7819916350|1688093242|1577349698|295957937|195946399|493|0|2|2007998464|0|||0|0|170450308.247|75152600.298|22150687.403|10580|0|0|0|2022-04-11 11:49:02.863296+02
799|1649676247.612913|2022-04-11 13:24:07.612913+02|16781|test|34|1380232283|0|777846958|7820845093|1688243243|1577497840|296031890|196020352|493|0|2|2007998464|0|||0|0|170482345.838|75170709.889|22159206.545|10582|0|0|0|2022-04-11 11:49:02.863296+02
800|1649676248.640817|2022-04-11 13:24:08.640817+02|16781|test|34|1380307500|0|777892787|7821788856|1688395850|1577648502|296107103|196095565|493|0|2|2007998464|0|||0|0|170514379.277|75188611.379|22167847.138|10584|0|0|0|2022-04-11 11:49:02.863296+02
801|1649676249.668489|2022-04-11 13:24:09.668489+02|16781|test|34|1380393027|0|777944772|7822862543|1688569337|1577819784|296192626|196181088|493|0|2|2007998464|0|||0|0|170552414.137|75210479.067|22177740.909|10586|0|0|0|2022-04-11 11:49:02.863296+02
802|1649676250.695743|2022-04-11 13:24:10.695743+02|16781|test|34|1380478817|0|777996582|7823940128|1688743409|1577991592|296278412|196266874|493|0|2|2007998464|0|||0|0|170588947.34|75230969.47|22187550.287|10588|0|0|0|2022-04-11 11:49:02.863296+02
803|1649676251.723598|2022-04-11 13:24:11.723598+02|16781|test|34|1380556317|0|778043752|7824913516|1688900675|1578146820|296355908|196344370|493|0|2|2007998464|0|||0|0|170621480.813|75248811.319|22196538.775|10590|0|0|0|2022-04-11 11:49:02.863296+02
804|1649676252.749961|2022-04-11 13:24:12.749961+02|16781|test|34|1380643179|0|778095858|7826003869|1689076763|1578320772|296442766|196431228|493|0|2|2007998464|0|||0|0|170658016.392|75268906.876|22206602.757|10592|0|0|0|2022-04-11 11:49:02.863296+02
805|1649676253.776201|2022-04-11 13:24:13.776201+02|16781|test|34|1380719596|0|778142326|7826962703|1689231835|1578473834|296519179|196507641|493|0|2|2007998464|0|||0|0|170690550.47|75286935.969|22215499.036|10594|0|0|0|2022-04-11 11:49:02.863296+02
806|1649676254.803655|2022-04-11 13:24:14.803655+02|16781|test|34|1380792732|0|778186703|7827881299|1689380234|1578620334|296592311|196580773|493|0|2|2007998464|0|||0|0|170722587.864|75305194.889|22223933.596|10596|0|0|0|2022-04-11 11:49:02.863296+02
807|1649676255.831059|2022-04-11 13:24:15.831059+02|16781|test|34|1380866160|0|778230980|7828803754|1689529230|1578767418|296665735|196654197|493|0|2|2007998464|0|||0|0|170754622.049|75323395.695|22232397.217|10598|0|0|0|2022-04-11 11:49:02.863296+02
808|1649676256.858452|2022-04-11 13:24:16.858452+02|16781|test|34|1380942849|0|778277375|7829767173|1689684868|1578921024|296742420|196730882|493|0|2|2007998464|0|||0|0|170786657.05|75340886.948|22241301.68|10600|0|0|0|2022-04-11 11:49:02.863296+02
809|1649676257.885493|2022-04-11 13:24:17.885493+02|16781|test|34|1381019387|0|778323548|7830727423|1689840137|1579074328|296818954|196807416|493|0|2|2007998464|0|||0|0|170818690.019|75358439.221|22250162.777|10602|0|0|0|2022-04-11 11:49:02.863296+02
810|1649676258.911996|2022-04-11 13:24:18.911996+02|16781|test|34|1381095922|0|778370137|7831688645|1689995392|1579227626|296895485|196883947|493|0|2|2007998464|0|||0|0|170850721.269|75375903.607|22259093.488|10604|0|0|0|2022-04-11 11:49:02.863296+02
811|1649676259.939278|2022-04-11 13:24:19.939278+02|16781|test|34|1381171794|0|778416232|7832641318|1690149300|1579379598|296971353|196959815|493|0|2|2007998464|0|||0|0|170882757.329|75393593.566|22267877.238|10606|0|0|0|2022-04-11 11:49:02.863296+02
812|1649676260.966786|2022-04-11 13:24:20.966786+02|16781|test|34|1381247460|0|778462046|7833591446|1690302771|1579531158|297047015|197035477|493|0|2|2007998464|0|||0|0|170914791.045|75411297.792|22276649.1|10608|0|0|0|2022-04-11 11:49:02.863296+02
813|1649676261.994167|2022-04-11 13:24:21.994167+02|16781|test|34|1381323021|0|778507760|7834540027|1690456008|1579682508|297122572|197111034|493|0|2|2007998464|0|||0|0|170946822.725|75428972.974|22285436.495|10610|0|0|0|2022-04-11 11:49:02.863296+02
814|1649676263.021763|2022-04-11 13:24:23.021763+02|16781|test|34|1381398371|0|778553376|7835485982|1690608894|1579833436|297197918|197186380|493|0|2|2007998464|0|||0|0|170978856.723|75446804.013|22294117.218|10612|0|0|0|2022-04-11 11:49:02.863296+02
815|1649676264.049009|2022-04-11 13:24:24.049009+02|16781|test|34|1381470319|0|778596970|7836389084|1690754865|1579977560|297269862|197258324|493|0|2|2007998464|0|||0|0|171010896.773|75465517.874|22302243.808|10614|0|0|0|2022-04-11 11:49:02.863296+02
816|1649676265.076378|2022-04-11 13:24:25.076378+02|16781|test|34|1381545331|0|778642454|7837330507|1690907001|1580127812|297344870|197333332|493|0|2|2007998464|0|||0|0|171042928.88|75483394.182|22310905.553|10616|0|0|0|2022-04-11 11:49:02.863296+02
817|1649676266.103493|2022-04-11 13:24:26.103493+02|16781|test|34|1381621597|0|778688548|7838287722|1691061726|1580280572|297421132|197409594|493|0|2|2007998464|0|||0|0|171074960.568|75501022.546|22319718.743|10618|0|0|0|2022-04-11 11:49:02.863296+02
818|1649676267.131063|2022-04-11 13:24:27.131063+02|16781|test|34|1381687055|0|778728046|7839110029|1691194590|1580411716|297486586|197475048|493|0|2|2007998464|0|||0|0|171106999.695|75520898.592|22327148.464|10620|0|0|0|2022-04-11 11:49:02.863296+02
819|1649676268.157623|2022-04-11 13:24:28.157623+02|16781|test|34|1381751437|0|778767011|7839918118|1691325219|1580540708|297550964|197539426|493|0|2|2007998464|0|||0|0|171143536.812|75545718.927|22334326.001|10622|0|0|0|2022-04-11 11:49:02.863296+02
820|1649676269.184587|2022-04-11 13:24:29.184587+02|16781|test|34|1381810961|0|778802834|7840664109|1691445944|1580659984|297610484|197598946|493|0|2|2007998464|0|||0|0|171177082.001|75568511.484|22340915.111|10624|0|0|0|2022-04-11 11:49:02.863296+02
821|1649676270.210955|2022-04-11 13:24:30.210955+02|16781|test|34|1381876942|0|778842780|7841492008|1691579732|1580792174|297676461|197664923|493|0|2|2007998464|0|||0|0|171213621.185|75593082.178|22348269.941|10626|0|0|0|2022-04-11 11:49:02.863296+02
822|1649676271.237224|2022-04-11 13:24:31.237224+02|16781|test|34|1381935537|0|778878118|7842226876|1691698688|1580909592|297735052|197723514|493|0|2|2007998464|0|||0|0|171246162.165|75615026.557|22354759.446|10628|0|0|0|2022-04-11 11:49:02.863296+02
823|1649676272.263449|2022-04-11 13:24:32.263449+02|16781|test|34|1381996053|0|778914767|7842985953|1691821523|1581030852|297795564|197784026|493|0|2|2007998464|0|||0|0|171282707.875|75640581.957|22361475.688|10630|0|0|0|2022-04-11 11:49:02.863296+02
824|1649676273.288768|2022-04-11 13:24:33.288768+02|16781|test|34|1382053933|0|778949595|7843711791|1691938965|1581146840|297853440|197841902|493|0|2|2007998464|0|||0|0|171315242.407|75662681.851|22367852.165|10632|0|0|0|2022-04-11 11:49:02.863296+02
825|1649676274.315853|2022-04-11 13:24:34.315853+02|16781|test|34|1382112714|0|778985330|7844449444|1692058321|1581264630|297912217|197900679|493|0|2|2007998464|0|||0|0|171347279.568|75684031.644|22374411.273|10634|0|0|0|2022-04-11 11:49:02.863296+02
826|1649676275.342694|2022-04-11 13:24:35.342694+02|16781|test|34|1382170882|0|779020687|7845179488|1692176359|1581381194|297970381|197958843|493|0|2|2007998464|0|||0|0|171379319.823|75705481.3|22380905.914|10636|0|0|0|2022-04-11 11:49:02.863296+02
827|1649676276.368897|2022-04-11 13:24:36.368897+02|16781|test|34|1382230332|0|779056638|7845925362|1692297032|1581500322|298029827|198018289|493|0|2|2007998464|0|||0|0|171411354.97|75726707.988|22387536.4|10638|0|0|0|2022-04-11 11:49:02.863296+02
828|1649676277.395318|2022-04-11 13:24:37.395318+02|16781|test|34|1382290188|0|779092844|7846677076|1692418515|1581620262|298089679|198078141|493|0|2|2007998464|0|||0|0|171443392.552|75747872.917|22394201.358|10640|0|0|0|2022-04-11 11:49:02.863296+02
829|1649676278.421578|2022-04-11 13:24:38.421578+02|16781|test|34|1382349925|0|779128852|7847426534|1692539681|1581739964|298149412|198137874|493|0|2|2007998464|0|||0|0|171475429.364|75769057.765|22400869.615|10642|0|0|0|2022-04-11 11:49:02.863296+02
830|1649676279.448138|2022-04-11 13:24:39.448138+02|16781|test|34|1382409227|0|779164556|7848171449|1692660052|1581858796|298208710|198197172|493|0|2|2007998464|0|||0|0|171507467.3|75790320.215|22407471.597|10644|0|0|0|2022-04-11 11:49:02.863296+02
831|1649676280.474072|2022-04-11 13:24:40.474072+02|16781|test|34|1382468600|0|779200730|7848916410|1692781400|1581977781|298268077|198256539|493|0|2|2007998464|0|||0|0|171539502.11|75811546.312|22414109.85|10646|0|0|0|2022-04-11 11:49:02.863296+02
832|1649676281.499930|2022-04-11 13:24:41.49993+02|16781|test|34|1382529634|0|779237558|7849682083|1692905265|1582100077|298329107|198317569|493|0|2|2007998464|0|||0|0|171571539.783|75832448.868|22420963.678|10648|0|0|0|2022-04-11 11:49:02.863296+02
833|1649676282.526456|2022-04-11 13:24:42.526456+02|16781|test|34|1382590177|0|779274249|7850441498|1693028085|1582221391|298389646|198378108|493|0|2|2007998464|0|||0|0|171603576.216|75853485.524|22427715.814|10650|0|0|0|2022-04-11 11:49:02.863296+02
834|1649676283.554038|2022-04-11 13:24:43.554038+02|16781|test|34|1382646911|0|779308512|7851153285|1693143149|1582335087|298446376|198434838|493|0|2|2007998464|0|||0|0|171635614.376|75875225.204|22434019.274|10652|0|0|0|2022-04-11 11:49:02.863296+02
835|1649676284.580987|2022-04-11 13:24:44.580987+02|16781|test|34|1382705189|0|779344110|7851884478|1693261416|1582451871|298504650|198493112|493|0|2|2007998464|0|||0|0|171667651.735|75896696.912|22440502.281|10654|0|0|0|2022-04-11 11:49:02.863296+02
836|1649676285.607948|2022-04-11 13:24:45.607948+02|16781|test|34|1382768375|0|779382434|7852677070|1693389592|1582578471|298567832|198556294|493|0|2|2007998464|0|||0|0|171699686.64|75917221.069|22447577.355|10656|0|0|0|2022-04-11 11:49:02.863296+02
837|1649676286.634738|2022-04-11 13:24:46.634738+02|16781|test|34|1382829588|0|779419205|7853444405|1693513781|1582701125|298629041|198617503|493|0|2|2007998464|0|||0|0|171731719.234|75938107.078|22454426.171|10658|0|0|0|2022-04-11 11:49:02.863296+02
838|1649676287.661011|2022-04-11 13:24:47.661011+02|16781|test|34|1382893089|0|779457856|7854241045|1693642612|1582828355|298692538|198681000|493|0|2|2007998464|0|||0|0|171763759.683|75958563.271|22461554.279|10660|0|0|0|2022-04-11 11:49:02.863296+02
839|1649676288.688185|2022-04-11 13:24:48.688185+02|16781|test|34|1382969575|0|779503606|7855200386|1693797711|1582981555|298769020|198757482|493|0|2|2007998464|0|||0|0|171801799.079|75982672.916|22470119.005|10662|0|0|0|2022-04-11 11:49:02.863296+02
840|1649676289.714703|2022-04-11 13:24:49.714703+02|16781|test|34|1383042142|0|779547211|7856110738|1693944871|1583126917|298841583|198830045|493|0|2|2007998464|0|||0|0|171838335.566|76005993.504|22478233.138|10664|0|0|0|2022-04-11 11:49:02.863296+02
841|1649676290.742409|2022-04-11 13:24:50.742409+02|16781|test|34|1383106694|0|779586483|7856921142|1694075842|1583256249|298906131|198894593|493|0|2|2007998464|0|||0|0|171870872.121|76026775.082|22485459.123|10666|0|0|0|2022-04-11 11:49:02.863296+02
842|1649676291.769379|2022-04-11 13:24:51.769379+02|16781|test|34|1383176798|0|779628396|7857799962|1694218020|1583396685|298976231|198964693|493|0|2|2007998464|0|||0|0|171906413.784|76049522.539|22493331.104|10668|0|0|0|2022-04-11 11:49:02.863296+02
843|1649676292.796186|2022-04-11 13:24:52.796186+02|16781|test|34|1383243946|0|779669267|7858642876|1694354268|1583531209|299043375|199031837|493|0|2|2007998464|0|||0|0|171939948.962|76070792.059|22500875.68|10670|0|0|0|2022-04-11 11:49:02.863296+02
844|1649676293.822789|2022-04-11 13:24:53.822789+02|16781|test|34|1383307493|0|779707852|7859440373|1694483208|1583658531|299106918|199095380|493|0|2|2007998464|0|||0|0|171971985.826|76091264.321|22507960.569|10672|0|0|0|2022-04-11 11:49:02.863296+02
845|1649676294.851088|2022-04-11 13:24:54.851088+02|16781|test|34|1383373227|0|779747871|7860266053|1694616644|1583790307|299172648|199161110|493|0|2|2007998464|0|||0|0|172004023.644|76111269.053|22515356.936|10674|0|0|0|2022-04-11 11:49:02.863296+02
846|1649676295.879783|2022-04-11 13:24:55.879783+02|16781|test|34|1383430147|0|779781896|7860979996|1694732183|1583904454|299229564|199218026|493|0|2|2007998464|0|||0|0|172036073.739|76132959.34|22521700.115|10676|0|0|0|2022-04-11 11:49:02.863296+02
847|1649676296.906706|2022-04-11 13:24:56.906706+02|16781|test|34|1383496609|0|779822339|7861813610|1694867055|1584037605|299296022|199284484|493|0|2|2007998464|0|||0|0|172068109.589|76152865.507|22529149.584|10678|0|0|0|2022-04-11 11:49:02.863296+02
848|1649676297.933054|2022-04-11 13:24:57.933054+02|16781|test|34|1383563202|0|779862544|7862649386|1695002083|1584171019|299362611|199351073|493|0|2|2007998464|0|||0|0|172100147.079|76172766.372|22536607.681|10680|0|0|0|2022-04-11 11:49:02.863296+02
849|1649676298.960036|2022-04-11 13:24:58.960036+02|16781|test|34|1383630470|0|779903086|7863494397|1695138551|1584305783|299429875|199418337|493|0|2|2007998464|0|||0|0|172132189.127|76192461.381|22544195.65|10682|0|0|0|2022-04-11 11:49:02.863296+02
850|1649676299.986397|2022-04-11 13:24:59.986397+02|16781|test|34|1383697526|0|779943705|7864335557|1695274569|1584440123|299496927|199485389|493|0|2|2007998464|0|||0|0|172164221.91|76212200.617|22551749.001|10684|0|0|0|2022-04-11 11:49:02.863296+02
851|1649676301.013255|2022-04-11 13:25:01.013255+02|16781|test|34|1383763907|0|779983782|7865167266|1695409251|1584573113|299563304|199551766|493|0|2|2007998464|0|||0|0|172196255.855|76232070.94|22559211.984|10686|0|0|0|2022-04-11 11:49:02.863296+02
852|1649676302.038256|2022-04-11 13:25:02.038256+02|16781|test|34|1383828713|0|780022970|7865981415|1695540746|1584702953|299628106|199616568|493|0|2|2007998464|0|||0|0|172228289.522|76252252.298|22566474.648|10688|0|0|0|2022-04-11 11:49:02.863296+02
853|1649676303.064277|2022-04-11 13:25:03.064277+02|16781|test|34|1383891944|0|780061447|7866775158|1695669049|1584829643|299691333|199679795|493|0|2|2007998464|0|||0|0|172260331.494|76272760.173|22573546.445|10690|0|0|0|2022-04-11 11:49:02.863296+02
854|1649676304.090591|2022-04-11 13:25:04.090591+02|16781|test|34|1383959793|0|780102237|7867626589|1695806664|1584965569|299759178|199747640|493|0|2|2007998464|0|||0|0|172292363.544|76292335.68|22581196.521|10692|0|0|0|2022-04-11 11:49:02.863296+02
855|1649676305.118172|2022-04-11 13:25:05.118172+02|16781|test|34|1384028099|0|780143659|7868483740|1695945265|1585102409|299827480|199815942|493|0|2|2007998464|0|||0|0|172324397.994|76311853.613|22588885.462|10694|0|0|0|2022-04-11 11:49:02.863296+02
856|1649676306.144709|2022-04-11 13:25:06.144709+02|16781|test|34|1384097093|0|780185299|7869349761|1696085219|1585240625|299896470|199884932|493|0|2|2007998464|0|||0|0|172356432.899|76331218.15|22596663.943|10696|0|0|0|2022-04-11 11:49:02.863296+02
857|1649676307.171889|2022-04-11 13:25:07.171889+02|16781|test|34|1384166051|0|780227082|7870214792|1696225087|1585378769|299965424|199953886|493|0|2|2007998464|0|||0|0|172388465.997|76350605.131|22604415.132|10698|0|0|0|2022-04-11 11:49:02.863296+02
858|1649676308.198462|2022-04-11 13:25:08.198462+02|16781|test|34|1384245356|0|780274911|7871209684|1696386005|1585537607|300044725|200033187|493|0|2|2007998464|0|||0|0|172426532.473|76374142.086|22613329.432|10700|0|0|0|2022-04-11 11:49:02.863296+02
859|1649676309.224765|2022-04-11 13:25:09.224765+02|16781|test|34|1384322778|0|780322158|7872181523|1696543002|1585692679|300122143|200110605|493|0|2|2007998464|0|||0|0|172463068.837|76396518.271|22622007.437|10702|0|0|0|2022-04-11 11:49:02.863296+02
860|1649676310.253386|2022-04-11 13:25:10.253386+02|16781|test|34|1384391303|0|780363287|7873041393|1696682098|1585830037|300190664|200179126|493|0|2|2007998464|0|||0|0|172495103.665|76416040.957|22629667.482|10704|0|0|0|2022-04-11 11:49:02.863296+02
861|1649676311.280219|2022-04-11 13:25:11.280219+02|16781|test|34|1384466474|0|780408787|7873985175|1696834484|1585980606|300265831|200254293|493|0|2|2007998464|0|||0|0|172529648.374|76436725.737|22638177.665|10706|0|0|0|2022-04-11 11:49:02.863296+02
862|1649676312.306936|2022-04-11 13:25:12.306936+02|16781|test|34|1384541063|0|780454265|7874920908|1696985794|1586130012|300340416|200328878|493|0|2|2007998464|0|||0|0|172564692.451|76458058.601|22646579.234|10708|0|0|0|2022-04-11 11:49:02.863296+02
863|1649676313.333644|2022-04-11 13:25:13.333644+02|16781|test|34|1384609767|0|780495894|7875783539|1697125143|1586267648|300409116|200397578|493|0|2|2007998464|0|||0|0|172596733.347|76477446.56|22654347.9|10710|0|0|0|2022-04-11 11:49:02.863296+02
864|1649676314.359840|2022-04-11 13:25:14.35984+02|16781|test|34|1384675963|0|780535924|7876613298|1697259361|1586400268|300475308|200463770|493|0|2|2007998464|0|||0|0|172628765.049|76497344.257|22661771.278|10712|0|0|0|2022-04-11 11:49:02.863296+02
865|1649676315.387631|2022-04-11 13:25:15.387631+02|16781|test|34|1384747240|0|780578940|7877507645|1697403926|1586543050|300546581|200535043|493|0|2|2007998464|0|||0|0|172660799.266|76516242.582|22669823.325|10714|0|0|0|2022-04-11 11:49:02.863296+02
866|1649676316.415933|2022-04-11 13:25:16.415933+02|16781|test|34|1384817374|0|780621125|7878388205|1697546183|1586683546|300616711|200605173|493|0|2|2007998464|0|||0|0|172692832.587|76535398.619|22677712.809|10716|0|0|0|2022-04-11 11:49:02.863296+02
867|1649676317.443724|2022-04-11 13:25:17.443724+02|16781|test|34|1384886112|0|780662645|7879250978|1697685670|1586821250|300685445|200673907|493|0|2|2007998464|0|||0|0|172724881.481|76554805.148|22685457.234|10718|0|0|0|2022-04-11 11:49:02.863296+02
868|1649676318.470996|2022-04-11 13:25:18.470996+02|16781|test|34|1384954997|0|780704653|7880116025|1697825420|1586959248|300754326|200742788|493|0|2|2007998464|0|||0|0|172756917.307|76574173.626|22693205.526|10720|0|0|0|2022-04-11 11:49:02.863296+02
869|1649676319.498439|2022-04-11 13:25:19.498439+02|16781|test|34|1385024117|0|780746657|7880982975|1697965615|1587097716|300823442|200811904|493|0|2|2007998464|0|||0|0|172788952.778|76593502.65|22700970.696|10722|0|0|0|2022-04-11 11:49:02.863296+02
870|1649676320.525822|2022-04-11 13:25:20.525822+02|16781|test|34|1385091604|0|780787444|7881829767|1698102512|1587232918|300890925|200879387|493|0|2|2007998464|0|||0|0|172820986.474|76613130.43|22708567.415|10724|0|0|0|2022-04-11 11:49:02.863296+02
871|1649676321.553078|2022-04-11 13:25:21.553078+02|16781|test|34|1385163664|0|780831062|7882734942|1698248668|1587377266|300962981|200951443|493|0|2|2007998464|0|||0|0|172853018.249|76631845.018|22716727.774|10726|0|0|0|2022-04-11 11:49:02.863296+02
872|1649676322.580010|2022-04-11 13:25:22.58001+02|16781|test|34|1385234055|0|780873763|7883618984|1698391416|1587518276|301033368|201021830|493|0|2|2007998464|0|||0|0|172885050.704|76650897.885|22724692.493|10728|0|0|0|2022-04-11 11:49:02.863296+02
873|1649676323.607831|2022-04-11 13:25:23.607831+02|16781|test|34|1385305917|0|780917092|7884520912|1698537132|1587662228|301105226|201093688|493|0|2|2007998464|0|||0|0|172917085.467|76669650.907|22732822.045|10730|0|0|0|2022-04-11 11:49:02.863296+02
874|1649676324.635114|2022-04-11 13:25:24.635114+02|16781|test|34|1385376867|0|780959979|7885411402|1698681007|1587804356|301176172|201164634|493|0|2|2007998464|0|||0|0|172949120.621|76688648.5|22740807.027|10732|0|0|0|2022-04-11 11:49:02.863296+02
875|1649676325.668654|2022-04-11 13:25:25.668654+02|16781|test|35|1385446272|0|781002028|7886282625|1698821760|1587943382|301245574|201234036|493|0|2|2007998464|0|||0|0|172981154.073|76707853.267|22748654.511|10733|0|0|0|2022-04-11 11:49:02.863296+02
876|1649676326.684998|2022-04-11 13:25:26.684998+02|16781|test|34|1385521932|0|781048472|7887233781|1698977904|1588096299|301321015|201309477|493|0|2|2007998464|0|||0|0|173014183.209|76726838.697|22757243.568|10736|0|0|0|2022-04-11 11:49:02.863296+02
877|1649676327.712642|2022-04-11 13:25:27.712642+02|16781|test|34|1385604964|0|781098959|7888276309|1699146280|1588262591|301404043|201392505|493|0|2|2007998464|0|||0|0|173051219.605|76748536.325|22766646.512|10738|0|0|0|2022-04-11 11:49:02.863296+02
878|1649676328.740169|2022-04-11 13:25:28.740169+02|16781|test|34|1385686371|0|781148088|7889297819|1699311425|1588425633|301485446|201473908|493|0|2|2007998464|0|||0|0|173087755.063|76770015.048|22775848.838|10740|0|0|0|2022-04-11 11:49:02.863296+02
879|1649676329.767347|2022-04-11 13:25:29.767347+02|16781|test|34|1385758342|0|781191764|7890201005|1699457372|1588569803|301557413|201545875|493|0|2|2007998464|0|||0|0|173119786.912|76788729.457|22783993.34|10742|0|0|0|2022-04-11 11:49:02.863296+02
880|1649676330.794300|2022-04-11 13:25:30.7943+02|16781|test|34|1385837685|0|781239708|7891197095|1699618321|1588728717|301636752|201625214|493|0|2|2007998464|0|||0|0|173155322.503|76809567.86|22792984.678|10744|0|0|0|2022-04-11 11:49:02.863296+02
881|1649676331.821414|2022-04-11 13:25:31.821414+02|16781|test|34|1385909943|0|781283292|7892105551|1699764973|1588873461|301709006|201697468|493|0|2|2007998464|0|||0|0|173189357.672|76830218.422|22801165.99|10746|0|0|0|2022-04-11 11:49:02.863296+02
882|1649676332.848088|2022-04-11 13:25:32.848088+02|16781|test|34|1385982474|0|781327302|7893015596|1699912061|1589018751|301781533|201769995|493|0|2|2007998464|0|||0|0|173221391.791|76848878.158|22809342.562|10748|0|0|0|2022-04-11 11:49:02.863296+02
883|1649676333.875638|2022-04-11 13:25:33.875638+02|16781|test|34|1386055429|0|781371159|7893931101|1700060058|1589164889|301854484|201842946|493|0|2|2007998464|0|||0|0|173253436.257|76867393.504|22817623.469|10750|0|0|0|2022-04-11 11:49:02.863296+02
884|1649676334.903259|2022-04-11 13:25:34.903259+02|16781|test|34|1386124989|0|781413365|7894804508|1700201209|1589304237|301924040|201912502|493|0|2|2007998464|0|||0|0|173285469.964|76886572.903|22825471.797|10752|0|0|0|2022-04-11 11:49:02.863296+02
885|1649676335.930925|2022-04-11 13:25:35.930925+02|16781|test|34|1386198402|0|781457909|7895726131|1700350096|1589451291|301997449|201985911|493|0|2|2007998464|0|||0|0|173317511.475|76904964.678|22833826.421|10754|0|0|0|2022-04-11 11:49:02.863296+02
886|1649676336.958046|2022-04-11 13:25:36.958046+02|16781|test|34|1386270797|0|781501722|7896634260|1700496931|1589596309|302069840|202058302|493|0|2|2007998464|0|||0|0|173349546.027|76923574.367|22842038.202|10756|0|0|0|2022-04-11 11:49:02.863296+02
887|1649676337.985084|2022-04-11 13:25:37.985084+02|16781|test|34|1386338784|0|781542514|7897487507|1700634823|1589732511|302137823|202126285|493|0|2|2007998464|0|||0|0|173381583.219|76943030.594|22849727.931|10758|0|0|0|2022-04-11 11:49:02.863296+02
888|1649676339.012258|2022-04-11 13:25:39.012258+02|16781|test|34|1386412342|0|781586581|7898412197|1700783994|1589879855|302211377|202199839|493|0|2|2007998464|0|||0|0|173413619.652|76961374.421|22858103.729|10760|0|0|0|2022-04-11 11:49:02.863296+02
889|1649676340.039181|2022-04-11 13:25:40.039181+02|16781|test|34|1386473915|0|781623600|7899185354|1700908902|1590003217|302272947|202261409|493|0|2|2007998464|0|||0|0|173440147.221|76976486.738|22865071.062|10761|0|0|0|2022-04-11 11:49:02.863296+02
890|1649676341.055974|2022-04-11 13:25:41.055974+02|16781|test|34|1386559624|0|781675492|7900261184|1701083640|1590174886|302358649|202347111|493|0|2|2007998464|0|||0|0|173477676.051|76998047.682|22874837.501|10764|0|0|0|2022-04-11 11:49:02.863296+02
891|1649676342.082623|2022-04-11 13:25:42.082623+02|16781|test|34|1386633270|0|781719990|7901186330|1701233059|1590322406|302432291|202420753|493|0|2|2007998464|0|||0|0|173509713.87|77016367.813|22883230.512|10766|0|0|0|2022-04-11 11:49:02.863296+02
892|1649676343.109671|2022-04-11 13:25:43.109671+02|16781|test|34|1386702874|0|781761965|7902060413|1701374308|1590461842|302501891|202490353|493|0|2|2007998464|0|||0|0|173541750.676|77035545.161|22891089.955|10768|0|0|0|2022-04-11 11:49:02.863296+02
893|1649676344.136492|2022-04-11 13:25:44.136492+02|16781|test|34|1386775993|0|781806093|7902978834|1701522579|1590608308|302575006|202563468|493|0|2|2007998464|0|||0|0|173573783.413|77053966.274|22899420.439|10770|0|0|0|2022-04-11 11:49:02.863296+02
894|1649676345.163109|2022-04-11 13:25:45.163109+02|16781|test|34|1386849338|0|781850798|7903900091|1701671376|1590755226|302648347|202636809|493|0|2|2007998464|0|||0|0|173605817.534|77072372.639|22907756.176|10772|0|0|0|2022-04-11 11:49:02.863296+02
895|1649676346.190228|2022-04-11 13:25:46.190228+02|16781|test|34|1386922175|0|781894724|7904814648|1701819112|1590901128|302721180|202709642|493|0|2|2007998464|0|||0|0|173637852.094|77090833.496|22916062.408|10774|0|0|0|2022-04-11 11:49:02.863296+02
896|1649676347.217448|2022-04-11 13:25:47.217448+02|16781|test|34|1387008885|0|781947398|7905904045|1701994957|1591074776|302807886|202796348|493|0|2|2007998464|0|||0|0|173675887.732|77112755.489|22925919.771|10776|0|0|0|2022-04-11 11:49:02.863296+02
897|1649676348.244596|2022-04-11 13:25:48.244596+02|16781|test|34|1387089179|0|781995628|7906911504|1702157778|1591235592|302888176|202876638|493|0|2|2007998464|0|||0|0|173712422.927|77134410.341|22935019.136|10778|0|0|0|2022-04-11 11:49:02.863296+02
898|1649676349.271706|2022-04-11 13:25:49.271706+02|16781|test|34|1387162617|0|782040243|7907833195|1702306663|1591382696|302961610|202950072|493|0|2|2007998464|0|||0|0|173744459.552|77152774.359|22943367.948|10780|0|0|0|2022-04-11 11:49:02.863296+02
899|1649676350.298384|2022-04-11 13:25:50.298384+02|16781|test|34|1387243336|0|782088876|7908846516|1702470369|1591544362|303042325|203030787|493|0|2|2007998464|0|||0|0|173778993.818|77172230.919|22952601.733|10782|0|0|0|2022-04-11 11:49:02.863296+02
900|1649676351.325243|2022-04-11 13:25:51.325243+02|16781|test|34|1387321248|0|782135959|7909824928|1702628498|1591700414|303120233|203108695|493|0|2|2007998464|0|||0|0|173814031.904|77192679.988|22961535.976|10784|0|0|0|2022-04-11 11:49:02.863296+02
901|1649676352.352560|2022-04-11 13:25:52.35256+02|16781|test|34|1387395006|0|782180500|7910750911|1702778052|1591848158|303193987|203182449|493|0|2|2007998464|0|||0|0|173846065.601|77210980.776|22969926.446|10786|0|0|0|2022-04-11 11:49:02.863296+02
902|1649676353.379576|2022-04-11 13:25:53.379576+02|16781|test|34|1387467476|0|782224271|7911660961|1702925029|1591993326|303266453|203254915|493|0|2|2007998464|0|||0|0|173878099.925|77229486.019|22978198.675|10788|0|0|0|2022-04-11 11:49:02.863296+02
903|1649676354.406362|2022-04-11 13:25:54.406362+02|16781|test|34|1387537073|0|782266207|7912533978|1703066126|1592132748|303336046|203324508|493|0|2|2007998464|0|||0|0|173910132.712|77248675.074|22986045.432|10790|0|0|0|2022-04-11 11:49:02.863296+02
904|1649676355.433137|2022-04-11 13:25:55.433137+02|16781|test|34|1387611664|0|782311300|7913470657|1703218244|1592282169|303410631|203399093|493|0|2|2007998464|0|||0|0|173942163.679|77266754.388|22994585.988|10792|0|0|0|2022-04-11 11:49:02.863296+02
905|1649676356.460567|2022-04-11 13:25:56.460567+02|16781|test|34|1387686575|0|782356307|7914410967|1703370099|1592432219|303485538|203474000|493|0|2|2007998464|0|||0|0|173974198.271|77284736.024|23003181.991|10794|0|0|0|2022-04-11 11:49:02.863296+02
906|1649676357.487836|2022-04-11 13:25:57.487836+02|16781|test|34|1387760598|0|782401145|7915341655|1703520216|1592580493|303559557|203548019|493|0|2|2007998464|0|||0|0|174006233.713|77302951.176|23011632.138|10796|0|0|0|2022-04-11 11:49:02.863296+02
907|1649676358.515220|2022-04-11 13:25:58.51522+02|16781|test|34|1387835003|0|782446090|7916276273|1703671132|1592729531|303633958|203622420|493|0|2|2007998464|0|||0|0|174038269.154|77321044.605|23020152.238|10798|0|0|0|2022-04-11 11:49:02.863296+02
908|1649676359.542740|2022-04-11 13:25:59.54274+02|16781|test|34|1387907237|0|782489725|7917184150|1703817635|1592874227|303706188|203694650|493|0|2|2007998464|0|||0|0|174070304.962|77339614.926|23028389.165|10800|0|0|0|2022-04-11 11:49:02.863296+02
909|1649676360.569313|2022-04-11 13:26:00.569313+02|16781|test|34|1387980049|0|782534159|7918098026|1703965308|1593020079|303778996|203767458|493|0|2|2007998464|0|||0|0|174102342.096|77358100.461|23036666.481|10802|0|0|0|2022-04-11 11:49:02.863296+02
910|1649676361.596646|2022-04-11 13:26:01.596646+02|16781|test|34|1388053395|0|782578401|7919019612|1704114042|1593166999|303852338|203840800|493|0|2|2007998464|0|||0|0|174134376.244|77376437.18|23045045.222|10804|0|0|0|2022-04-11 11:49:02.863296+02
911|1649676362.623324|2022-04-11 13:26:02.623324+02|16781|test|34|1388127465|0|782623232|7919949623|1704264289|1593315367|303926404|203914866|493|0|2|2007998464|0|||0|0|174166410.18|77394643.384|23053498.407|10806|0|0|0|2022-04-11 11:49:02.863296+02
912|1649676363.649507|2022-04-11 13:26:03.649507+02|16781|test|34|1388201812|0|782668007|7920883165|1704415042|1593464289|304000747|203989209|493|0|2|2007998464|0|||0|0|174198443.257|77412735.532|23062023.879|10808|0|0|0|2022-04-11 11:49:02.863296+02
913|1649676364.676062|2022-04-11 13:26:04.676062+02|16781|test|34|1388275554|0|782712568|7921809145|1704564601|1593612001|304074485|204062947|493|0|2|2007998464|0|||0|0|174230477.402|77430956.191|23070470.583|10810|0|0|0|2022-04-11 11:49:02.863296+02
914|1649676365.703202|2022-04-11 13:26:05.703202+02|16781|test|34|1388347421|0|782756220|7922711974|1704710415|1593755963|304146348|204134810|493|0|2|2007998464|0|||0|0|174263510.749|77450635.694|23078632.685|10812|0|0|0|2022-04-11 11:49:02.863296+02
915|1649676366.730397|2022-04-11 13:26:06.730397+02|16781|test|34|1388434034|0|782808337|7923800051|1704886033|1593929417|304232957|204221419|493|0|2|2007998464|0|||0|0|174300546.491|77471475.363|23088524.842|10814|0|0|0|2022-04-11 11:49:02.863296+02
916|1649676367.757411|2022-04-11 13:26:07.757411+02|16781|test|34|1388517394|0|782858670|7924847743|1705055086|1594096365|304316313|204304775|493|0|2|2007998464|0|||0|0|174337081.146|77492452.328|23098037.606|10816|0|0|0|2022-04-11 11:49:02.863296+02
917|1649676368.784105|2022-04-11 13:26:08.784105+02|16781|test|34|1388591117|0|782902952|7925772688|1705204554|1594244039|304390032|204378494|493|0|2|2007998464|0|||0|0|174369112.144|77510704.858|23106459.184|10818|0|0|0|2022-04-11 11:49:02.863296+02
918|1649676369.811429|2022-04-11 13:26:09.811429+02|16781|test|34|1388664841|0|782947725|7926699223|1705354065|1594391703|304463753|204452215|493|0|2|2007998464|0|||0|0|174401143.162|77528934.608|23114903.162|10819|0|0|0|2022-04-11 11:49:02.863296+02
919|1649676370.827448|2022-04-11 13:26:10.827448+02|16781|test|34|1388750668|0|782999766|7927776971|1705529037|1594563608|304549573|204538035|493|0|2|2007998464|0|||0|0|174438671.319|77550520.513|23124655.863|10822|0|0|0|2022-04-11 11:49:02.863296+02
920|1649676371.853885|2022-04-11 13:26:11.853885+02|16781|test|34|1388820924|0|783042397|7928658763|1705671548|1594704348|304619825|204608287|493|0|2|2007998464|0|||0|0|174470705.337|77569419.586|23132688.671|10824|0|0|0|2022-04-11 11:49:02.863296+02
921|1649676372.881143|2022-04-11 13:26:12.881143+02|16781|test|34|1388896443|0|783088187|7929607620|1705824686|1594855614|304695340|204683802|493|0|2|2007998464|0|||0|0|174502739.039|77587244.347|23141390.983|10826|0|0|0|2022-04-11 11:49:02.863296+02
922|1649676373.908283|2022-04-11 13:26:13.908283+02|16781|test|34|1388972145|0|783133945|7930557891|1705978198|1595007246|304771038|204759500|493|0|2|2007998464|0|||0|0|174534771.171|77605007.507|23150126.368|10828|0|0|0|2022-04-11 11:49:02.863296+02
923|1649676374.935162|2022-04-11 13:26:14.935162+02|16781|test|34|1389047172|0|783179351|7931500608|1706130389|1595157528|304846061|204834523|493|0|2|2007998464|0|||0|0|174566805.193|77622990.126|23158723.643|10830|0|0|0|2022-04-11 11:49:02.863296+02
924|1649676375.962285|2022-04-11 13:26:15.962285+02|16781|test|34|1389119603|0|783223138|7932409796|1706277281|1595302618|304918488|204906950|493|0|2|2007998464|0|||0|0|174598837.534|77641407.88|23167053.774|10832|0|0|0|2022-04-11 11:49:02.863296+02
925|1649676376.989142|2022-04-11 13:26:16.989142+02|16781|test|34|1389194737|0|783268668|7933352643|1706429632|1595453114|304993618|204982080|493|0|2|2007998464|0|||0|0|174630872.32|77659306.274|23175701.786|10834|0|0|0|2022-04-11 11:49:02.863296+02
926|1649676378.016295|2022-04-11 13:26:18.016295+02|16781|test|34|1389263967|0|783310430|7934222395|1706570045|1595591802|305062844|205051306|493|0|2|2007998464|0|||0|0|174662907.437|77678452.653|23183585.39|10836|0|0|0|2022-04-11 11:49:02.863296+02
927|1649676379.043503|2022-04-11 13:26:19.043503+02|16781|test|34|1389338557|0|783355347|7935159101|1706721311|1595741210|305137430|205125892|493|0|2|2007998464|0|||0|0|174694946.357|77696489.632|23192144.156|10838|0|0|0|2022-04-11 11:49:02.863296+02
928|1649676380.071015|2022-04-11 13:26:20.071015+02|16781|test|34|1389413891|0|783400885|7936104523|1706874065|1595892106|305212760|205201222|493|0|2|2007998464|0|||0|0|174726983.343|77714405.414|23200780.57|10840|0|0|0|2022-04-11 11:49:02.863296+02
929|1649676381.098432|2022-04-11 13:26:21.098432+02|16781|test|34|1389488590|0|783446203|7937042039|1707025489|1596041732|305287455|205275917|493|0|2|2007998464|0|||0|0|174759014.655|77732455.911|23209332.185|10842|0|0|0|2022-04-11 11:49:02.863296+02
930|1649676382.125148|2022-04-11 13:26:22.125148+02|16781|test|34|1389562932|0|783491218|7937975952|1707176295|1596190644|305361793|205350255|493|0|2|2007998464|0|||0|0|174791048.68|77750685.901|23217768.635|10844|0|0|0|2022-04-11 11:49:02.863296+02
931|1649676383.152400|2022-04-11 13:26:23.1524+02|16781|test|34|1389635964|0|783535019|7938894219|1707324380|1596336936|305434821|205423283|493|0|2|2007998464|0|||0|0|174823082.477|77769081.126|23226104.07|10846|0|0|0|2022-04-11 11:49:02.863296+02
932|1649676384.179066|2022-04-11 13:26:24.179066+02|16781|test|34|1389710559|0|783580204|7939830617|1707475678|1596486354|305509412|205497874|493|0|2|2007998464|0|||0|0|174855116.378|77787087.043|23234686.111|10848|0|0|0|2022-04-11 11:49:02.863296+02
933|1649676385.206250|2022-04-11 13:26:25.20625+02|16781|test|35|1389780153|0|783622317|7940704634|1707616806|1596625758|305579003|205567465|493|0|2|2007998464|0|||0|0|174885147.288|77804147.748|23242613.263|10849|0|0|0|2022-04-11 11:49:02.863296+02
934|1649676386.223312|2022-04-11 13:26:26.223312+02|16781|test|35|1389872584|0|783677967|7941869421|1707804758|1596810860|305671429|205659891|493|0|2|2007998464|0|||0|0|174925177.318|77826523.654|23253459.475|10852|0|0|0|2022-04-11 11:49:02.863296+02
935|1649676387.250502|2022-04-11 13:26:27.250502+02|16781|test|35|1389947899|0|783723581|7942825336|1707958919|1596961718|305746740|205735202|493|0|2|2007998464|0|||0|0|174957712.37|77844689.626|23262287.542|10854|0|0|0|2022-04-11 11:49:02.863296+02
936|1649676388.277124|2022-04-11 13:26:28.277124+02|16781|test|35|1390031305|0|783774653|7943890381|1708130643|1597128758|305830142|205818604|493|0|2|2007998464|0|||0|0|174993751.109|77864807.591|23272080.392|10856|0|0|0|2022-04-11 11:49:02.863296+02
937|1649676389.303942|2022-04-11 13:26:29.303942+02|16781|test|35|1390103027|0|783818167|7944814295|1708279302|1597272430|305901860|205890322|493|0|2|2007998464|0|||0|0|175026787.195|77884215.593|23280441.48|10858|0|0|0|2022-04-11 11:49:02.863296+02
938|1649676390.332237|2022-04-11 13:26:30.332237+02|16781|test|35|1390188658|0|783870107|7945924201|1708457813|1597443920|305987487|205975949|493|0|2|2007998464|0|||0|0|175063322.938|77904445.034|23290443.865|10860|0|0|0|2022-04-11 11:49:02.863296+02
939|1649676391.359242|2022-04-11 13:26:31.359242+02|16781|test|35|1390262202|0|783914739|7946883228|1708612081|1597591236|306061027|206049489|493|0|2|2007998464|0|||0|0|175095355.688|77922528.299|23298994.034|10862|0|0|0|2022-04-11 11:49:02.863296+02
940|1649676392.385524|2022-04-11 13:26:32.385524+02|16781|test|35|1390335619|0|783959641|7947847043|1708766887|1597738298|306134440|206122902|493|0|2|2007998464|0|||0|0|175127389.009|77940747.064|23307461.595|10864|0|0|0|2022-04-11 11:49:02.863296+02
941|1649676393.412937|2022-04-11 13:26:33.412937+02|16781|test|35|1390408342|0|784003780|7948805744|1708920820|1597883972|306207159|206195621|493|0|2|2007998464|0|||0|0|175159423.421|77959134.969|23315829.722|10866|0|0|0|2022-04-11 11:49:02.863296+02
942|1649676394.440183|2022-04-11 13:26:34.440183+02|16781|test|35|1390477798|0|784046049|7949728311|1709068740|1598023112|306276611|206265073|493|0|2|2007998464|0|||0|0|175191466.509|77978265.947|23323723.051|10868|0|0|0|2022-04-11 11:49:02.863296+02
943|1649676395.467443|2022-04-11 13:26:35.467443+02|16781|test|35|1390549308|0|784089681|7950684265|1709221812|1598166360|306348117|206336579|493|0|2|2007998464|0|||0|0|175223502.22|77996871.128|23331937.037|10870|0|0|0|2022-04-11 11:49:02.863296+02
944|1649676396.495372|2022-04-11 13:26:36.495372+02|16781|test|35|1390623600|0|784134804|7951681293|1709381533|1598315172|306422405|206410867|493|0|2|2007998464|0|||0|0|175255535.456|78014950.562|23340492.282|10872|0|0|0|2022-04-11 11:49:02.863296+02
945|1649676397.522244|2022-04-11 13:26:37.522244+02|16781|test|35|1390698621|0|784180474|7952695935|1709543832|1598465442|306497422|206485884|493|0|2|2007998464|0|||0|0|175287569.284|78032803.677|23349173.897|10874|0|0|0|2022-04-11 11:49:02.863296+02
946|1649676398.548565|2022-04-11 13:26:38.548565+02|16781|test|35|1390773352|0|784225960|7953710965|1709706108|1598615132|306572149|206560611|493|0|2|2007998464|0|||0|0|175319603.819|78050689.661|23357843.752|10876|0|0|0|2022-04-11 11:49:02.863296+02
947|1649676399.576068|2022-04-11 13:26:39.576068+02|16781|test|35|1390845762|0|784270289|7954701888|1709864419|1598760180|306644555|206633017|493|0|2|2007998464|0|||0|0|175351639.167|78069165.27|23366136.64|10878|0|0|0|2022-04-11 11:49:02.863296+02
948|1649676400.602572|2022-04-11 13:26:40.602572+02|16781|test|36|1390919365|0|784315028|7955719707|1710075904|1598908298|306718039|206706501|493|0|2|2007998464|0|||0|0|175383670.535|78087280.327|23374675.71|10879|0|0|0|2022-04-11 11:49:02.863296+02
949|1649676401.618420|2022-04-11 13:26:41.61842+02|16781|test|36|1390985105|0|784355049|7956635877|1710286437|1599040918|306783623|206772085|493|0|2|2007998464|0|||0|0|175415696.121|78107009.785|23382196.183|10881|0|0|0|2022-04-11 11:49:02.863296+02
950|1649676402.634598|2022-04-11 13:26:42.634598+02|16781|test|36|1391059496|0|784400371|7957677335|1710517694|1599190864|306857855|206846317|493|0|2|2007998464|0|||0|0|175447719.672|78124923.628|23390853.604|10884|0|0|0|2022-04-11 11:49:02.863296+02
951|1649676403.650446|2022-04-11 13:26:43.650446+02|16781|test|36|1391133238|0|784445443|7958714342|1710747188|1599339476|306931442|206919904|493|0|2|2007998464|0|||0|0|175479741.492|78142889.985|23399480.684|10885|0|0|0|2022-04-11 11:49:02.863296+02
952|1649676404.666935|2022-04-11 13:26:44.666935+02|16781|test|36|1391206636|0|784490325|7959752762|1710976805|1599487412|307004684|206993146|493|0|2|2007998464|0|||0|0|175511764.194|78160939.35|23408048.054|10887|0|0|0|2022-04-11 11:49:02.863296+02
953|1649676405.683363|2022-04-11 13:26:45.683363+02|16781|test|36|1391280781|0|784535591|7960806130|1711208747|1599636842|307078673|207067135|493|0|2|2007998464|0|||0|0|175543784.981|78178771.55|23416760.279|10889|0|0|0|2022-04-11 11:49:02.863296+02
954|1649676406.700402|2022-04-11 13:26:46.700402+02|16781|test|36|1391352270|0|784579318|7961827972|1711435616|1599780960|307150006|207138468|493|0|2|2007998464|0|||0|0|175575807.235|78197241.143|23425075.799|10891|0|0|0|2022-04-11 11:49:02.863296+02
955|1649676407.717262|2022-04-11 13:26:47.717262+02|16781|test|34|1391425092|0|784921387|7962876653|1711668553|1599928047|307222690|207211132|519|0|2|2007998464|0|||0|0|175607831.617|78215127.253|23433782.436|10893|0|0|0|2022-04-11 11:49:02.863296+02
956|1649676408.734157|2022-04-11 13:26:48.734157+02|16781|test|34|1391513198|0|784974920|7964025603|1711854406|1600104862|307310789|207299231|519|0|2|2007998464|0|||0|0|175645858.435|78236319.511|23444115.294|10896|0|0|0|2022-04-11 11:49:02.863296+02
957|1649676409.761408|2022-04-11 13:26:49.761408+02|16781|test|34|1391586553|0|785019344|7964947309|1712003366|1600251800|307384140|207372582|519|0|2|2007998464|0|||0|0|175678392.065|78255227.547|23452435.634|10898|0|0|0|2022-04-11 11:49:02.863296+02
958|1649676410.788608|2022-04-11 13:26:50.788608+02|16781|test|34|1391669742|0|785069895|7965992773|1712172283|1600418406|307467325|207455767|519|0|2|2007998464|0|||0|0|175714429.556|78275639.766|23461974.865|10900|0|0|0|2022-04-11 11:49:02.863296+02
959|1649676411.815407|2022-04-11 13:26:51.815407+02|16781|test|34|1391746809|0|785117063|7966961173|1712328684|1600572768|307544388|207532830|519|0|2|2007998464|0|||0|0|175747463.033|78294131.272|23470872.29|10902|0|0|0|2022-04-11 11:49:02.863296+02
960|1649676412.843017|2022-04-11 13:26:52.843017+02|16781|test|34|1391829598|0|785166749|7968001234|1712496828|1600738574|307627173|207615615|519|0|2|2007998464|0|||0|0|175783998.791|78315014.035|23480461.202|10904|0|0|0|2022-04-11 11:49:02.863296+02
961|1649676413.870158|2022-04-11 13:26:53.870158+02|16781|test|34|1391905103|0|785212706|7968950518|1712650250|1600889812|307702674|207691116|519|0|2|2007998464|0|||0|0|175816032.55|78332857.304|23489135.896|10906|0|0|0|2022-04-11 11:49:02.863296+02
962|1649676414.896471|2022-04-11 13:26:54.896471+02|16781|test|34|1391978363|0|785257227|7969871348|1712799026|1601036560|307775930|207764372|519|0|2|2007998464|0|||0|0|175848064.045|78351306.218|23497415.297|10908|0|0|0|2022-04-11 11:49:02.863296+02
963|1649676415.923432|2022-04-11 13:26:55.923432+02|16781|test|34|1392051974|0|785302032|7970797243|1712948644|1601184010|307849537|207837979|519|0|2|2007998464|0|||0|0|175880097.356|78369589.976|23505822.816|10910|0|0|0|2022-04-11 11:49:02.863296+02
964|1649676416.951024|2022-04-11 13:26:56.951024+02|16781|test|34|1392126742|0|785347325|7971736687|1713100434|1601333774|307924301|207912743|519|0|2|2007998464|0|||0|0|175912132.421|78387549.15|23514440.206|10912|0|0|0|2022-04-11 11:49:02.863296+02
965|1649676417.978418|2022-04-11 13:26:57.978418+02|16781|test|34|1392195431|0|785389084|7972600008|1713239967|1601471380|307992986|207981428|519|0|2|2007998464|0|||0|0|175944173.236|78406813.322|23522243.258|10914|0|0|0|2022-04-11 11:49:02.863296+02
966|1649676419.007933|2022-04-11 13:26:59.007933+02|16781|test|34|1392270601|0|785434567|7973545769|1713392731|1601621948|308068152|208056594|519|0|2|2007998464|0|||0|0|175976207.579|78424702.767|23530884.955|10916|0|0|0|2022-04-11 11:49:02.863296+02
967|1649676420.035740|2022-04-11 13:27:00.03574+02|16781|test|34|1392346666|0|785480298|7974502197|1713547160|1601774306|308144213|208132655|519|0|2|2007998464|0|||0|0|176008242.905|78442359.236|23539680.568|10918|0|0|0|2022-04-11 11:49:02.863296+02
968|1649676421.063754|2022-04-11 13:27:01.063754+02|16781|test|34|1392422377|0|785526470|7975454254|1713700888|1601925956|308219920|208208362|519|0|2|2007998464|0|||0|0|176040278.191|78460132.263|23548406.686|10920|0|0|0|2022-04-11 11:49:02.863296+02
969|1649676422.090436|2022-04-11 13:27:02.090436+02|16781|test|34|1392498306|0|785572430|7976408547|1713855116|1602078042|308295845|208284287|519|0|2|2007998464|0|||0|0|176072310.413|78477830.955|23557170.099|10922|0|0|0|2022-04-11 11:49:02.863296+02
970|1649676423.117423|2022-04-11 13:27:03.117423+02|16781|test|34|1392534858|0|785594604|7976868008|1713929433|1602151362|308332394|208320836|519|0|2|2007998464|0|||0|0|176088333.556|78487008.718|23561350.326|10923|0|0|0|2022-04-11 11:49:02.863296+02
971|1649676424.134564|2022-04-11 13:27:04.134564+02|16781|test|34|1392641095|0|785659120|7978202399|1714145961|1602364087|308438624|208427066|519|0|2|2007998464|0|||0|0|176136373.983|78515082.925|23573568.676|10926|0|0|0|2022-04-11 11:49:02.863296+02
972|1649676425.161738|2022-04-11 13:27:05.161738+02|16781|test|34|1392716308|0|785704639|7979148043|1714298703|1602514741|308513833|208502275|519|0|2|2007998464|0|||0|0|176168405.405|78533030.073|23582180.488|10928|0|0|0|2022-04-11 11:49:02.863296+02
973|1649676426.188751|2022-04-11 13:27:06.188751+02|16781|test|34|1392792009|0|785750452|7980099487|1714452453|1602666371|308589530|208577972|519|0|2|2007998464|0|||0|0|176200441.511|78550762.452|23590936.349|10930|0|0|0|2022-04-11 11:49:02.863296+02
974|1649676427.216601|2022-04-11 13:27:07.216601+02|16781|test|34|1392867780|0|785796181|7981051905|1714606374|1602818141|308665297|208653739|519|0|2|2007998464|0|||0|0|176232475.634|78568518.861|23599672.029|10932|0|0|0|2022-04-11 11:49:02.863296+02
975|1649676428.243573|2022-04-11 13:27:08.243573+02|16781|test|34|1392957152|0|785850249|7982174900|1714787715|1602997113|308754665|208743107|519|0|2|2007998464|0|||0|0|176270511.51|78589804.206|23609917.334|10934|0|0|0|2022-04-11 11:49:02.863296+02
976|1649676429.271061|2022-04-11 13:27:09.271061+02|16781|test|34|1393033506|0|785896275|7983134614|1714942767|1603150049|308831015|208819457|519|0|2|2007998464|0|||0|0|176303044.142|78607921.425|23618733.74|10936|0|0|0|2022-04-11 11:49:02.863296+02
977|1649676430.298790|2022-04-11 13:27:10.29879+02|16781|test|34|1393117150|0|785947187|7984186462|1715112607|1603317565|308914655|208903097|519|0|2|2007998464|0|||0|0|176339080.654|78628189.365|23628380.262|10938|0|0|0|2022-04-11 11:49:02.863296+02
978|1649676431.325416|2022-04-11 13:27:11.325416+02|16781|test|34|1393194579|0|785994025|7985159448|1715269869|1603472651|308992080|208980522|519|0|2|2007998464|0|||0|0|176372116.785|78646615.122|23637325.17|10940|0|0|0|2022-04-11 11:49:02.863296+02
979|1649676432.352317|2022-04-11 13:27:12.352317+02|16781|test|34|1393279553|0|786045425|7986226899|1715442387|1603642827|309077050|209065492|519|0|2|2007998464|0|||0|0|176408651.419|78667086.103|23647157.337|10942|0|0|0|2022-04-11 11:49:02.863296+02
980|1649676433.379316|2022-04-11 13:27:13.379316+02|16781|test|34|1393351800|0|786089321|7987134634|1715589108|1603787549|309149293|209137735|519|0|2|2007998464|0|||0|0|176440686.278|78685512.511|23655479.195|10944|0|0|0|2022-04-11 11:49:02.863296+02
981|1649676434.405870|2022-04-11 13:27:14.40587+02|16781|test|34|1393422528|0|786132200|7988023986|1715732690|1603929233|309220017|209208459|519|0|2|2007998464|0|||0|0|176472719.109|78704281.726|23663580.415|10946|0|0|0|2022-04-11 11:49:02.863296+02
982|1649676435.432501|2022-04-11 13:27:15.432501+02|16781|test|34|1393496730|0|786177035|7988956476|1715883338|1604077865|309294215|209282657|519|0|2|2007998464|0|||0|0|176504750.917|78722520.839|23672005.182|10948|0|0|0|2022-04-11 11:49:02.863296+02
983|1649676436.459870|2022-04-11 13:27:16.45987+02|16781|test|34|1393571900|0|786222513|7989901853|1716036015|1604228433|309369381|209357823|519|0|2|2007998464|0|||0|0|176536783.495|78740485.86|23680598.194|10950|0|0|0|2022-04-11 11:49:02.863296+02
984|1649676437.487663|2022-04-11 13:27:17.487663+02|16781|test|34|1393647396|0|786268554|7990850975|1716189309|1604379653|309444873|209433315|519|0|2|2007998464|0|||0|0|176568819.581|78758216.447|23689360.413|10952|0|0|0|2022-04-11 11:49:02.863296+02
985|1649676438.514887|2022-04-11 13:27:18.514887+02|16781|test|34|1393721975|0|786313543|7991788506|1716341646|1604529050|309519446|209507888|519|0|2|2007998464|0|||0|0|176600857.461|78776259.363|23697932.304|10954|0|0|0|2022-04-11 11:49:02.863296+02
986|1649676439.541627|2022-04-11 13:27:19.541627+02|16781|test|34|1393796777|0|786358686|7992729399|1716493528|1604678882|309594244|209582686|519|0|2|2007998464|0|||0|0|176632892.526|78794248.279|23706513.821|10956|0|0|0|2022-04-11 11:49:02.863296+02
987|1649676440.568946|2022-04-11 13:27:20.568946+02|16781|test|34|1393864803|0|786399788|7993583873|1716631662|1604815162|309662266|209650708|519|0|2|2007998464|0|||0|0|176664965.468|78813641.93|23714254.451|10958|0|0|0|2022-04-11 11:49:02.863296+02
988|1649676441.596559|2022-04-11 13:27:21.596559+02|16781|test|34|1393941310|0|786446107|7994545884|1716787030|1604968404|309738769|209727211|519|0|2|2007998464|0|||0|0|176696998.516|78831171.376|23723133.936|10960|0|0|0|2022-04-11 11:49:02.863296+02
989|1649676442.623999|2022-04-11 13:27:22.623999+02|16781|test|34|1394017580|0|786492480|7995504406|1716941872|1605121172|309815035|209803477|519|0|2|2007998464|0|||0|0|176729032.56|78848736.348|23731982.369|10962|0|0|0|2022-04-11 11:49:02.863296+02
990|1649676443.651472|2022-04-11 13:27:23.651472+02|16781|test|34|1394093217|0|786538300|7996456436|1717095488|1605272674|309890668|209879110|519|0|2|2007998464|0|||0|0|176761065.29|78866506.222|23740721.732|10964|0|0|0|2022-04-11 11:49:02.863296+02
991|1649676444.679129|2022-04-11 13:27:24.679129+02|16781|test|34|1394168848|0|786584224|7997407292|1717248967|1605424164|309966295|209954737|519|0|2|2007998464|0|||0|0|176793097.05|78884220.796|23749484.867|10966|0|0|0|2022-04-11 11:49:02.863296+02
992|1649676445.705962|2022-04-11 13:27:25.705962+02|16781|test|34|1394243624|0|786629582|7998346999|1717400784|1605573944|310041067|210029509|519|0|2|2007998464|0|||0|0|176825131.155|78902235.78|23758050.763|10968|0|0|0|2022-04-11 11:49:02.863296+02
993|1649676446.733715|2022-04-11 13:27:26.733715+02|16781|test|34|1394318683|0|786674838|7999290106|1717553102|1605724290|310116122|210104564|519|0|2|2007998464|0|||0|0|176857164.637|78920136.153|23766711.098|10970|0|0|0|2022-04-11 11:49:02.863296+02
994|1649676447.760881|2022-04-11 13:27:27.760881+02|16781|test|34|1394406676|0|786728418|8000396222|1717731755|1605900504|310204111|210192553|519|0|2|2007998464|0|||0|0|176895204.099|78941629.857|23776820.455|10972|0|0|0|2022-04-11 11:49:02.863296+02
995|1649676448.787700|2022-04-11 13:27:28.7877+02|16781|test|34|1394489092|0|786778204|8001430321|1717899026|1606065564|310286523|210274965|519|0|2|2007998464|0|||0|0|176930238.796|78961098.335|23786335.675|10974|0|0|0|2022-04-11 11:49:02.863296+02
996|1649676449.815009|2022-04-11 13:27:29.815009+02|16781|test|34|1394568167|0|786825888|8002423447|1718059548|1606223942|310365594|210354036|519|0|2|2007998464|0|||0|0|176963772.202|78979628.46|23795528.475|10976|0|0|0|2022-04-11 11:49:02.863296+02
997|1649676450.841900|2022-04-11 13:27:30.8419+02|16781|test|34|1394645912|0|786872993|8003400848|1718217420|1606379660|310443335|210431777|519|0|2|2007998464|0|||0|0|176997805.643|78998906.696|23804565.32|10978|0|0|0|2022-04-11 11:49:02.863296+02
998|1649676451.869327|2022-04-11 13:27:31.869327+02|16781|test|34|1394726028|0|786921579|8004407793|1718380013|1606540120|310523447|210511889|519|0|2|2007998464|0|||0|0|177032339.016|79018311.809|23813829.22|10980|0|0|0|2022-04-11 11:49:02.863296+02
999|1649676452.896303|2022-04-11 13:27:32.896303+02|16781|test|34|1394766244|0|786945741|8004913965|1718461789|1606620768|310563660|210552102|519|0|2|2007998464|0|||0|0|177049363.267|79027716.88|23818493.283|10981|0|0|0|2022-04-11 11:49:02.863296+02
1000|1649676453.913221|2022-04-11 13:27:33.913221+02|16781|test|34|1394878728|0|787013912|8006326816|1718690849|1606845987|310676137|210664579|519|0|2|2007998464|0|||0|0|177097396.377|79054626.393|23831407.32|10984|0|0|0|2022-04-11 11:49:02.863296+02
1001|1649676454.940786|2022-04-11 13:27:34.940786+02|16781|test|34|1394954463|0|787059776|8007278717|1718844672|1606997685|310751868|210740310|519|0|2|2007998464|0|||0|0|177129429.255|79072314.159|23840186.818|10986|0|0|0|2022-04-11 11:49:02.863296+02
1002|1649676455.968246|2022-04-11 13:27:35.968246+02|16781|test|34|1395029630|0|787105614|8008222949|1718997341|1607148247|310827031|210815473|519|0|2|2007998464|0|||0|0|177161464.371|79090142.443|23848891.311|10988|0|0|0|2022-04-11 11:49:02.863296+02
1003|1649676456.995547|2022-04-11 13:27:36.995547+02|16781|test|34|1395101669|0|787149262|8009128668|1719143544|1607292553|310899066|210887508|519|0|2|2007998464|0|||0|0|177193497.359|79108602.662|23857187.62|10990|0|0|0|2022-04-11 11:49:02.863296+02
1004|1649676458.022480|2022-04-11 13:27:38.02248+02|16781|test|34|1395174862|0|787193716|8010049396|1719292166|1607439167|310972255|210960697|519|0|2|2007998464|0|||0|0|177225529.377|79126815.358|23865626.635|10992|0|0|0|2022-04-11 11:49:02.863296+02
1005|1649676459.050281|2022-04-11 13:27:39.050281+02|16781|test|34|1395251317|0|787240337|8011009980|1719447475|1607592305|311048706|211037148|519|0|2|2007998464|0|||0|0|177257563.238|79144386.724|23874471.331|10994|0|0|0|2022-04-11 11:49:02.863296+02
1006|1649676460.077468|2022-04-11 13:27:40.077468+02|16781|test|34|1395327971|0|787286488|8011973567|1719603048|1607745841|311125356|211113798|519|0|2|2007998464|0|||0|0|177289595.68|79161880.366|23883378.642|10996|0|0|0|2022-04-11 11:49:02.863296+02
1007|1649676461.104366|2022-04-11 13:27:41.104366+02|16781|test|34|1395404455|0|787332584|8012934602|1719758332|1607899037|311201836|211190278|519|0|2|2007998464|0|||0|0|177321627.954|79179398.114|23892258.707|10998|0|0|0|2022-04-11 11:49:02.863296+02
1008|1649676462.132125|2022-04-11 13:27:42.132125+02|16781|test|34|1395479682|0|787378149|8013880334|1719910999|1608049719|311277059|211265501|519|0|2|2007998464|0|||0|0|177353661.398|79197165.336|23901001.324|11000|0|0|0|2022-04-11 11:49:02.863296+02
1009|1649676463.159148|2022-04-11 13:27:43.159148+02|16781|test|34|1395552378|0|787422239|8014794493|1720058617|1608195339|311349751|211338193|519|0|2|2007998464|0|||0|0|177385695.636|79215567.397|23909350.365|11002|0|0|0|2022-04-11 11:49:02.863296+02
1010|1649676464.186498|2022-04-11 13:27:44.186498+02|16781|test|34|1395625359|0|787466805|8015711846|1720206801|1608341529|311422728|211411170|519|0|2|2007998464|0|||0|0|177417728.797|79233834.006|23917770.269|11004|0|0|0|2022-04-11 11:49:02.863296+02
1011|1649676465.214015|2022-04-11 13:27:45.214015+02|16781|test|34|1395701475|0|787513123|8016667355|1720361338|1608493989|311498840|211487282|519|0|2|2007998464|0|||0|0|177449759.845|79251495.22|23926560.534|11006|0|0|0|2022-04-11 11:49:02.863296+02
1012|1649676466.241622|2022-04-11 13:27:46.241622+02|16781|test|34|1395776844|0|787558862|8017614946|1720514407|1608644955|311574205|211562647|519|0|2|2007998464|0|||0|0|177481793.179|79269377.266|23935216.867|11008|0|0|0|2022-04-11 11:49:02.863296+02
1013|1649676467.268631|2022-04-11 13:27:47.268631+02|16781|test|34|1395867152|0|787613751|8018748748|1720697663|1608825799|311664509|211652951|519|0|2|2007998464|0|||0|0|177519829.654|79290325.715|23945668.967|11010|0|0|0|2022-04-11 11:49:02.863296+02
1014|1649676468.295753|2022-04-11 13:27:48.295753+02|16781|test|34|1395950103|0|787663979|8019791170|1720866911|1608991940|311747454|211735896|519|0|2|2007998464|0|||0|0|177554864.939|79309629.646|23955299.125|11012|0|0|0|2022-04-11 11:49:02.863296+02
1015|1649676469.322707|2022-04-11 13:27:49.322707+02|16781|test|34|1396029058|0|787712053|8020782771|1721027211|1609150078|311826405|211814847|519|0|2|2007998464|0|||0|0|177588397.715|79328264.79|23964410.202|11014|0|0|0|2022-04-11 11:49:02.863296+02
1016|1649676470.350372|2022-04-11 13:27:50.350372+02|16781|test|34|1396108498|0|787760219|8021780771|1721188424|1609309186|311905841|211894283|519|0|2|2007998464|0|||0|0|177621931.044|79346726.012|23973646.441|11016|0|0|0|2022-04-11 11:49:02.863296+02
1017|1649676471.377379|2022-04-11 13:27:51.377379+02|16781|test|34|1396189319|0|787809436|8022796869|1721352442|1609471056|311986658|211975100|519|0|2|2007998464|0|||0|0|177656973.032|79366452.519|23983009.704|11018|0|0|0|2022-04-11 11:49:02.863296+02
1018|1649676472.404199|2022-04-11 13:27:52.404199+02|16781|test|34|1396266943|0|787856294|8023771775|1721509971|1609626532|312064278|212052720|519|0|2|2007998464|0|||0|0|177690007.523|79384855.523|23991953.754|11020|0|0|0|2022-04-11 11:49:02.863296+02
1019|1649676473.430749|2022-04-11 13:27:53.430749+02|16781|test|34|1396342129|0|787902367|8024716361|1721662659|1609777132|312139460|212127902|519|0|2|2007998464|0|||0|0|177722040.172|79402618.14|24000682.011|11022|0|0|0|2022-04-11 11:49:02.863296+02
1020|1649676474.458052|2022-04-11 13:27:54.458052+02|16781|test|34|1396414083|0|787945522|8025619398|1721808731|1609921268|312211410|212199852|519|0|2|2007998464|0|||0|0|177754164.307|79421157.073|24008990.696|11024|0|0|0|2022-04-11 11:49:02.863296+02
1021|1649676475.484598|2022-04-11 13:27:55.484598+02|16781|test|34|1396490990|0|787992060|8026585748|1721964822|1610075310|312288313|212276755|519|0|2|2007998464|0|||0|0|177786196.002|79438607.653|24017910.76|11026|0|0|0|2022-04-11 11:49:02.863296+02
1022|1649676476.511574|2022-04-11 13:27:56.511574+02|16781|test|34|1396567512|0|788038482|8027547166|1722120127|1610228582|312364831|212353273|519|0|2|2007998464|0|||0|0|177818228.413|79456121.538|24026794.785|11028|0|0|0|2022-04-11 11:49:02.863296+02
1023|1649676477.538498|2022-04-11 13:27:57.538498+02|16781|test|34|1396642492|0|788084324|8028489214|1722272341|1610378770|312439807|212428249|519|0|2|2007998464|0|||0|0|177850262.866|79474077.312|24035405.609|11030|0|0|0|2022-04-11 11:49:02.863296+02
1024|1649676478.565799|2022-04-11 13:27:58.565799+02|16781|test|34|1396718462|0|788130099|8029444358|1722426510|1610530938|312515773|212504215|519|0|2|2007998464|0|||0|0|177882295.537|79491627.869|24044287.705|11032|0|0|0|2022-04-11 11:49:02.863296+02
1025|1649676479.592010|2022-04-11 13:27:59.59201+02|16781|test|34|1396794173|0|788176383|8030395310|1722580129|1610682588|312591480|212579922|519|0|2|2007998464|0|||0|0|177914328.669|79509276.706|24053100.633|11034|0|0|0|2022-04-11 11:49:02.863296+02
1026|1649676480.619453|2022-04-11 13:28:00.619453+02|16781|test|34|1396862225|0|788217692|8031249525|1722718305|1610818920|312659528|212647970|519|0|2|2007998464|0|||0|0|177946438.904|79528678.992|24060862.838|11036|0|0|0|2022-04-11 11:49:02.863296+02
1027|1649676481.646472|2022-04-11 13:28:01.646472+02|16781|test|34|1396938409|0|788263992|8032206374|1722872936|1610971516|312735708|212724150|519|0|2|2007998464|0|||0|0|177978471.327|79546332.796|24069660.697|11038|0|0|0|2022-04-11 11:49:02.863296+02
1028|1649676482.673415|2022-04-11 13:28:02.673415+02|16781|test|34|1397014684|0|788310214|8033165132|1723027769|1611124294|312811979|212800421|519|0|2|2007998464|0|||0|0|178010502.871|79563980.505|24078464.521|11040|0|0|0|2022-04-11 11:49:02.863296+02
1029|1649676483.700222|2022-04-11 13:28:03.700222+02|16781|test|34|1397090185|0|788356328|8034114507|1723181907|1611275535|312887474|212875916|519|0|2|2007998464|0|||0|0|178042535.185|79581772.595|24087174.849|11042|0|0|0|2022-04-11 11:49:02.863296+02
1030|1649676484.726663|2022-04-11 13:28:04.726663+02|16781|test|34|1397166667|0|788402150|8035075250|1723337134|1611428727|312963952|212952394|519|0|2|2007998464|0|||0|0|178074567.668|79599293.353|24096055.341|11044|0|0|0|2022-04-11 11:49:02.863296+02
1031|1649676485.753781|2022-04-11 13:28:05.753781+02|16781|test|34|1397242208|0|788447979|8036025079|1723490558|1611580037|313039489|213027931|519|0|2|2007998464|0|||0|0|178106601.809|79616982.401|24104838.747|11046|0|0|0|2022-04-11 11:49:02.863296+02
1032|1649676486.781406|2022-04-11 13:28:06.781406+02|16781|test|34|1397324839|0|788497870|8037063500|1723658248|1611745527|313122116|213110558|519|0|2|2007998464|0|||0|0|178144641.114|79639569.952|24114270.243|11048|0|0|0|2022-04-11 11:49:02.863296+02
1033|1649676487.808647|2022-04-11 13:28:07.808647+02|16781|test|34|1397405468|0|788546726|8038076856|1723821927|1611907013|313202741|213191183|519|0|2|2007998464|0|||0|0|178178672.958|79658472.207|24123525.509|11050|0|0|0|2022-04-11 11:49:02.863296+02
1034|1649676488.835104|2022-04-11 13:28:08.835104+02|16781|test|34|1397487931|0|788596925|8039113927|1723989390|1612072167|313285200|213273642|519|0|2|2007998464|0|||0|0|178213206.158|79677389.905|24133078.97|11052|0|0|0|2022-04-11 11:49:02.863296+02
1035|1649676489.862339|2022-04-11 13:28:09.862339+02|16781|test|34|1397570357|0|788646734|8040149119|1724156581|1612237247|313367622|213356064|519|0|2|2007998464|0|||0|0|178247740.062|79696338.319|24142621.025|11054|0|0|0|2022-04-11 11:49:02.863296+02
1036|1649676490.889653|2022-04-11 13:28:10.889653+02|16781|test|34|1397651675|0|788696228|8041171557|1724321605|1612400111|313448936|213437378|519|0|2|2007998464|0|||0|0|178281775.486|79714904.182|24152108.545|11056|0|0|0|2022-04-11 11:49:02.863296+02
1037|1649676491.916795|2022-04-11 13:28:11.916795+02|16781|test|34|1397729800|0|788743249|8042153791|1724480185|1612556589|313527057|213515499|519|0|2|2007998464|0|||0|0|178314809.117|79733058.934|24161229.78|11058|0|0|0|2022-04-11 11:49:02.863296+02
1038|1649676492.943918|2022-04-11 13:28:12.943918+02|16781|test|34|1397804440|0|788788627|8043091018|1724631674|1612706097|313601693|213590135|519|0|2|2007998464|0|||0|0|178346841.353|79750975.52|24169856.382|11060|0|0|0|2022-04-11 11:49:02.863296+02
1039|1649676493.971312|2022-04-11 13:28:13.971312+02|16781|test|34|1397880353|0|788834897|8044045261|1724785740|1612858151|313677602|213666044|519|0|2|2007998464|0|||0|0|178378873.688|79768588.851|24178700.759|11062|0|0|0|2022-04-11 11:49:02.863296+02
1040|1649676494.998284|2022-04-11 13:28:14.998284+02|16781|test|34|1397955951|0|788880747|8044994658|1724939121|1613009575|313753196|213741638|519|0|2|2007998464|0|||0|0|178410904.441|79786317.959|24187444.566|11064|0|0|0|2022-04-11 11:49:02.863296+02
1041|1649676496.024914|2022-04-11 13:28:16.024914+02|16781|test|34|1398031284|0|788926386|8045941192|1725092094|1613160469|313828525|213816967|519|0|2|2007998464|0|||0|0|178442937.322|79804085.462|24196178.152|11066|0|0|0|2022-04-11 11:49:02.863296+02
1042|1649676497.051168|2022-04-11 13:28:17.051168+02|16781|test|34|1398101787|0|788969019|8046826635|1725235164|1613301703|313899024|213887466|519|0|2|2007998464|0|||0|0|178474974.252|79822943.649|24204208.838|11068|0|0|0|2022-04-11 11:49:02.863296+02
1043|1649676498.077592|2022-04-11 13:28:18.077592+02|16781|test|34|1398139781|0|788991975|8047304523|1725312392|1613377907|313937015|213925457|519|0|2|2007998464|0|||0|0|178490997.642|79831856.063|24208553.263|11069|0|0|0|2022-04-11 11:49:02.863296+02
1044|1649676499.095055|2022-04-11 13:28:19.095055+02|16781|test|34|1398254696|0|789061664|8048748991|1725546420|1613607988|314051923|214040365|519|0|2|2007998464|0|||0|0|178539028.831|79858148.135|24221852.88|11072|0|0|0|2022-04-11 11:49:02.863296+02
1045|1649676500.122552|2022-04-11 13:28:20.122552+02|16781|test|34|1398329722|0|789107230|8049691635|1725698788|1613758268|314126945|214115387|519|0|2|2007998464|0|||0|0|178571061.723|79876111.035|24230454.191|11074|0|0|0|2022-04-11 11:49:02.863296+02
1046|1649676501.149898|2022-04-11 13:28:21.149898+02|16781|test|34|1398402085|0|789151089|8050600381|1725845654|1613903222|314199304|214187746|519|0|2|2007998464|0|||0|0|178603095.808|79894538.927|24238777.023|11076|0|0|0|2022-04-11 11:49:02.863296+02
1047|1649676502.177484|2022-04-11 13:28:22.177484+02|16781|test|34|1398478238|0|789197398|8051557585|1726000249|1614055756|314275453|214263895|519|0|2|2007998464|0|||0|0|178635129.999|79912209.014|24247556.453|11078|0|0|0|2022-04-11 11:49:02.863296+02
1048|1649676503.205487|2022-04-11 13:28:23.205487+02|16781|test|34|1398547187|0|789239104|8052424422|1726140216|1614193882|314344398|214332840|519|0|2|2007998464|0|||0|0|178667164.36|79931459.464|24255363.979|11080|0|0|0|2022-04-11 11:49:02.863296+02
1049|1649676504.232586|2022-04-11 13:28:24.232586+02|16781|test|34|1398623734|0|789285514|8053385998|1726295581|1614347204|314420941|214409383|519|0|2|2007998464|0|||0|0|178699196.521|79949005.536|24264224.941|11082|0|0|0|2022-04-11 11:49:02.863296+02
1050|1649676505.260636|2022-04-11 13:28:25.260636+02|16781|test|34|1398700270|0|789332232|8054348101|1726450930|1614500504|314497473|214485915|519|0|2|2007998464|0|||0|0|178731232.835|79966577.334|24273081.098|11084|0|0|0|2022-04-11 11:49:02.863296+02
1051|1649676506.288516|2022-04-11 13:28:26.288516+02|16781|test|34|1398790431|0|789386296|8055480810|1726633860|1614681054|314587630|214576072|519|0|2|2007998464|0|||0|0|178769270.559|79987631.403|24283474.255|11086|0|0|0|2022-04-11 11:49:02.863296+02
1052|1649676507.315647|2022-04-11 13:28:27.315647+02|16781|test|34|1398870969|0|789435378|8056492779|1726797364|1614842358|314668164|214656606|519|0|2|2007998464|0|||0|0|178803303.108|80006379.411|24292834.645|11088|0|0|0|2022-04-11 11:49:02.863296+02
1053|1649676508.342373|2022-04-11 13:28:28.342373+02|16781|test|34|1398952365|0|789484418|8057514701|1726962634|1615005378|314749556|214737998|519|0|2|2007998464|0|||0|0|178837838.529|80025464.412|24302297.693|11090|0|0|0|2022-04-11 11:49:02.863296+02
1054|1649676509.369809|2022-04-11 13:28:29.369809+02|16781|test|34|1399031104|0|789532583|8058504186|1727122468|1615163084|314828291|214816733|519|0|2|2007998464|0|||0|0|178871874.617|80044606.382|24311404.616|11092|0|0|0|2022-04-11 11:49:02.863296+02
1055|1649676510.395990|2022-04-11 13:28:30.39599+02|16781|test|34|1399112724|0|789581592|8059530077|1727288199|1615326552|314909907|214898349|519|0|2|2007998464|0|||0|0|178906408.723|80063699.992|24320855.648|11094|0|0|0|2022-04-11 11:49:02.863296+02
1056|1649676511.422263|2022-04-11 13:28:31.422263+02|16781|test|34|1399190227|0|789628540|8060504237|1727445465|1615481786|314987406|214975848|519|0|2|2007998464|0|||0|0|178939442.046|80082099.248|24329815.077|11096|0|0|0|2022-04-11 11:49:02.863296+02
1057|1649676512.449998|2022-04-11 13:28:32.449998+02|16781|test|34|1399265849|0|789674376|8061454560|1727598973|1615633258|315063024|215051466|519|0|2|2007998464|0|||0|0|178971474.751|80099797.533|24338591.665|11098|0|0|0|2022-04-11 11:49:02.863296+02
1058|1649676513.476682|2022-04-11 13:28:33.476682+02|16781|test|34|1399336995|0|789717696|8062348376|1727744285|1615775789|315134164|215122606|519|0|2|2007998464|0|||0|0|179003508.299|80118459.426|24346766.564|11100|0|0|0|2022-04-11 11:49:02.863296+02
1059|1649676514.503813|2022-04-11 13:28:34.503813+02|16781|test|34|1399413527|0|789763920|8063310380|1727899628|1615929081|315210692|215199134|519|0|2|2007998464|0|||0|0|179035539.999|80136029.355|24355606.854|11102|0|0|0|2022-04-11 11:49:02.863296+02
1060|1649676515.530852|2022-04-11 13:28:35.530852+02|16781|test|34|1399489856|0|789810176|8064268912|1728054518|1616081967|315287017|215275459|519|0|2|2007998464|0|||0|0|179067572.565|80153590.895|24364467.662|11104|0|0|0|2022-04-11 11:49:02.863296+02
1061|1649676516.558217|2022-04-11 13:28:36.558217+02|16781|test|34|1399565027|0|789855898|8065213792|1728207031|1616232537|315362184|215350626|519|0|2|2007998464|0|||0|0|179099605.43|80171455.683|24373139.206|11106|0|0|0|2022-04-11 11:49:02.863296+02
1062|1649676517.585145|2022-04-11 13:28:37.585145+02|16781|test|34|1399638939|0|789900491|8066142132|1728357144|1616380589|315436092|215424534|519|0|2|2007998464|0|||0|0|179131636.922|80189554.648|24381651.073|11108|0|0|0|2022-04-11 11:49:02.863296+02
1063|1649676518.612622|2022-04-11 13:28:38.612622+02|16781|test|34|1399715851|0|789946824|8067108311|1728513152|1616534641|315513000|215501442|519|0|2|2007998464|0|||0|0|179163670.45|80207004.253|24390579.434|11110|0|0|0|2022-04-11 11:49:02.863296+02
1064|1649676519.639347|2022-04-11 13:28:39.639347+02|16781|test|34|1399786541|0|789989611|8067996193|1728656621|1616676249|315583686|215572128|519|0|2|2007998464|0|||0|0|179195703.702|80225722.6|24398735.772|11112|0|0|0|2022-04-11 11:49:02.863296+02
1065|1649676520.666225|2022-04-11 13:28:40.666225+02|16781|test|34|1399862867|0|790035811|8068955264|1728811526|1616829129|315660008|215648450|519|0|2|2007998464|0|||0|0|179227735.843|80243281.529|24407582.118|11114|0|0|0|2022-04-11 11:49:02.863296+02
1066|1649676521.693079|2022-04-11 13:28:41.693079+02|16781|test|34|1399939325|0|790082121|8069915713|1728966658|1616982273|315736462|215724904|519|0|2|2007998464|0|||0|0|179259768.566|80260862.848|24416425.084|11116|0|0|0|2022-04-11 11:49:02.863296+02
1067|1649676522.720482|2022-04-11 13:28:42.720482+02|16781|test|34|1400015985|0|790128788|8070879335|1729122253|1617135821|315813118|215801560|519|0|2|2007998464|0|||0|0|179291800.445|80278341.693|24425331.474|11118|0|0|0|2022-04-11 11:49:02.863296+02
1068|1649676523.748041|2022-04-11 13:28:43.748041+02|16781|test|34|1400092442|0|790175049|8071839815|1729277404|1617288963|315889571|215878013|519|0|2|2007998464|0|||0|0|179323832.717|80295831.375|24434246|11120|0|0|0|2022-04-11 11:49:02.863296+02
1069|1649676524.775423|2022-04-11 13:28:44.775423+02|16781|test|34|1400170360|0|790222331|8072818593|1729435557|1617445027|315967485|215955927|519|0|2|2007998464|0|||0|0|179356866.406|80314102.18|24443289.305|11122|0|0|0|2022-04-11 11:49:02.863296+02
1070|1649676525.802599|2022-04-11 13:28:45.802599+02|16781|test|34|1400256599|0|790274558|8073903299|1729610584|1617617733|316053720|216042162|519|0|2|2007998464|0|||0|0|179393901.742|80334882.049|24453228.602|11124|0|0|0|2022-04-11 11:49:02.863296+02
1071|1649676526.829961|2022-04-11 13:28:46.829961+02|16781|test|34|1400336587|0|790323117|8074908450|1729772913|1617777937|316133704|216122146|519|0|2|2007998464|0|||0|0|179427936.428|80353801.892|24462485.404|11126|0|0|0|2022-04-11 11:49:02.863296+02
1072|1649676527.857151|2022-04-11 13:28:47.857151+02|16781|test|34|1400395261|0|790358395|8075645366|1729892022|1617895501|316192375|216180817|519|0|2|2007998464|0|||0|0|179452963.708|80367742.517|24469277.136|11127|0|0|0|2022-04-11 11:49:02.863296+02
1073|1649676528.874035|2022-04-11 13:28:48.874035+02|16781|test|34|1400496448|0|790419944|8076917197|1730098245|1618098126|316293555|216281997|519|0|2|2007998464|0|||0|0|179495993.283|80391733.235|24480919.741|11130|0|0|0|2022-04-11 11:49:02.863296+02
1074|1649676529.901322|2022-04-11 13:28:49.901322+02|16781|test|34|1400573959|0|790466767|8077890350|1730255547|1618253376|316371062|216359504|519|0|2|2007998464|0|||0|0|179531039.579|80412376.381|24489709.029|11132|0|0|0|2022-04-11 11:49:02.863296+02
1075|1649676530.929053|2022-04-11 13:28:50.929053+02|16781|test|34|1400653043|0|790515021|8078884448|1730416113|1618411772|316450142|216438584|519|0|2|2007998464|0|||0|0|179564071.074|80430451.939|24498861.131|11134|0|0|0|2022-04-11 11:49:02.863296+02
1076|1649676531.956664|2022-04-11 13:28:51.956664+02|16781|test|34|1400729300|0|790561330|8079843331|1730570886|1618564514|316526395|216514837|519|0|2|2007998464|0|||0|0|179596108.23|80448099.318|24507666.785|11136|0|0|0|2022-04-11 11:49:02.863296+02
1077|1649676532.983993|2022-04-11 13:28:52.983993+02|16781|test|34|1400804414|0|790606840|8080787791|1730723370|1618714970|316601505|216589947|519|0|2|2007998464|0|||0|0|179628141.17|80465960.761|24516330.696|11138|0|0|0|2022-04-11 11:49:02.863296+02
1078|1649676534.011018|2022-04-11 13:28:54.011018+02|16781|test|34|1400879292|0|790651952|8081728808|1730875350|1618864954|316676379|216664821|519|0|2|2007998464|0|||0|0|179660182.15|80483911.447|24524941.657|11140|0|0|0|2022-04-11 11:49:02.863296+02
1079|1649676535.038190|2022-04-11 13:28:55.03819+02|16781|test|34|1400951478|0|790695803|8082636553|1731021946|1619009554|316748561|216737003|519|0|2|2007998464|0|||0|0|179692215.464|80502416.375|24533216.815|11142|0|0|0|2022-04-11 11:49:02.863296+02
1080|1649676536.065436|2022-04-11 13:28:56.065436+02|16781|test|34|1401024628|0|790740066|8083556859|1731170472|1619156082|316821707|216810149|519|0|2|2007998464|0|||0|0|179724248.903|80520746.324|24541585.258|11144|0|0|0|2022-04-11 11:49:02.863296+02
1081|1649676537.093027|2022-04-11 13:28:57.093027+02|16781|test|34|1401101242|0|790786388|8084519168|1731325893|1619309538|316898317|216886759|519|0|2|2007998464|0|||0|0|179756283.243|80538310.445|24550427.595|11146|0|0|0|2022-04-11 11:49:02.863296+02
1082|1649676538.120528|2022-04-11 13:28:58.120528+02|16781|test|34|1401177956|0|790832691|8085483933|1731481606|1619463194|316975027|216963469|519|0|2|2007998464|0|||0|0|179788314.421|80555800.482|24559322.893|11148|0|0|0|2022-04-11 11:49:02.863296+02
1083|1649676539.146820|2022-04-11 13:28:59.14682+02|16781|test|34|1401254154|0|790878814|8086442348|1731636329|1619615818|317051221|217039663|519|0|2|2007998464|0|||0|0|179820347.543|80573330.164|24568208.249|11150|0|0|0|2022-04-11 11:49:02.863296+02
1084|1649676540.174081|2022-04-11 13:29:00.174081+02|16781|test|34|1401329886|0|790924553|8087394554|1731790056|1619767510|317126949|217115391|519|0|2|2007998464|0|||0|0|179852379.198|80590997.383|24576994.531|11152|0|0|0|2022-04-11 11:49:02.863296+02
1085|1649676541.201328|2022-04-11 13:29:01.201328+02|16781|test|34|1401404798|0|790970022|8088335496|1731942075|1619917562|317201857|217190299|519|0|2|2007998464|0|||0|0|179884412.867|80608955.539|24585604.591|11154|0|0|0|2022-04-11 11:49:02.863296+02
1086|1649676542.228769|2022-04-11 13:29:02.228769+02|16781|test|34|1401480076|0|791015659|8089281564|1732094885|1620068346|317277131|217265573|519|0|2|2007998464|0|||0|0|179916448.362|80626885.05|24594230.942|11156|0|0|0|2022-04-11 11:49:02.863296+02
1087|1649676543.256635|2022-04-11 13:29:03.256635+02|16781|test|34|1401531869|0|791047100|8089933036|1732200046|1620172148|317328921|217317363|519|0|2|2007998464|0|||0|0|179938474.032|80639158.145|24600188.187|11157|0|0|0|2022-04-11 11:49:02.863296+02
1088|1649676544.274022|2022-04-11 13:29:04.274022+02|16781|test|34|1401630014|0|791106458|8091166676|1732400026|1620368689|317427059|217415501|519|0|2|2007998464|0|||0|0|179980511.489|80662748.111|24611467.593|11160|0|0|0|2022-04-11 11:49:02.863296+02
1089|1649676545.301103|2022-04-11 13:29:05.301103+02|16781|test|34|1401718202|0|791159799|8092275924|1732578938|1620545293|317515243|217503685|519|0|2|2007998464|0|||0|0|180018546.558|80684314.182|24621516.335|11162|0|0|0|2022-04-11 11:49:02.863296+02
1090|1649676546.328698|2022-04-11 13:29:06.328698+02|16781|test|34|1401794791|0|791205803|8093239467|1732734417|1620698699|317591828|217580270|519|0|2|2007998464|0|||0|0|180052645.987|80704015.874|24630314.566|11164|0|0|0|2022-04-11 11:49:02.863296+02
1091|1649676547.356177|2022-04-11 13:29:07.356177+02|16781|test|34|1401871599|0|791252798|8094204236|1732890393|1620852543|317668632|217657074|519|0|2|2007998464|0|||0|0|180084678.875|80721459.682|24639247.335|11166|0|0|0|2022-04-11 11:49:02.863296+02
1092|1649676548.383334|2022-04-11 13:29:08.383334+02|16781|test|34|1401956879|0|791304242|8095275921|1733063447|1621023331|317753908|217742350|519|0|2|2007998464|0|||0|0|180120713.413|80741377.354|24649110.79|11168|0|0|0|2022-04-11 11:49:02.863296+02
1093|1649676549.409717|2022-04-11 13:29:09.409717+02|16781|test|34|1402039103|0|791353933|8096309249|1733230340|1621188007|317836128|217824570|519|0|2|2007998464|0|||0|0|180155748.402|80760948.065|24658570.215|11170|0|0|0|2022-04-11 11:49:02.863296+02
1094|1649676550.436960|2022-04-11 13:29:10.43696+02|16781|test|34|1402116222|0|791400599|8097279369|1733386952|1621342473|317913243|217901685|519|0|2|2007998464|0|||0|0|180188781.471|80779434.026|24667483.606|11172|0|0|0|2022-04-11 11:49:02.863296+02
1095|1649676551.463656|2022-04-11 13:29:11.463656+02|16781|test|34|1402185035|0|791442260|8098143904|1733526610|1621480327|317982052|217970494|519|0|2|2007998464|0|||0|0|180220819.51|80798838.589|24675173.728|11174|0|0|0|2022-04-11 11:49:02.863296+02
1096|1649676552.493623|2022-04-11 13:29:12.493623+02|16781|test|34|1402261516|0|791488373|8099105532|1733681847|1621633517|318058529|218046971|519|0|2|2007998464|0|||0|0|180252854.821|80816333.75|24684089.841|11176|0|0|0|2022-04-11 11:49:02.863296+02
1097|1649676553.521300|2022-04-11 13:29:13.5213+02|16781|test|34|1402337762|0|791534645|8100063928|1733836572|1621786237|318134771|218123213|519|0|2|2007998464|0|||0|0|180284889.618|80834003.953|24692877.032|11178|0|0|0|2022-04-11 11:49:02.863296+02
1098|1649676554.548621|2022-04-11 13:29:14.548621+02|16781|test|34|1402414153|0|791580656|8101024449|1733991553|1621939247|318211158|218199600|519|0|2|2007998464|0|||0|0|180316921.718|80851611.682|24701705.668|11180|0|0|0|2022-04-11 11:49:02.863296+02
1099|1649676555.575774|2022-04-11 13:29:15.575774+02|16781|test|34|1402489910|0|791626507|8101976395|1734145372|1622090989|318286911|218275353|519|0|2|2007998464|0|||0|0|180348956.466|80869368.51|24710426.093|11182|0|0|0|2022-04-11 11:49:02.863296+02
1100|1649676556.602158|2022-04-11 13:29:16.602158+02|16781|test|34|1402565348|0|791672079|8102924270|1734298471|1622242093|318362345|218350787|519|0|2|2007998464|0|||0|0|180380991.639|80887177.838|24719127.463|11184|0|0|0|2022-04-11 11:49:02.863296+02
1101|1649676557.629481|2022-04-11 13:29:17.629481+02|16781|test|34|1402640857|0|791717898|8103873796|1734451776|1622393339|318437850|218426292|519|0|2|2007998464|0|||0|0|180413031.371|80904947.841|24727867.871|11186|0|0|0|2022-04-11 11:49:02.863296+02
1102|1649676558.657379|2022-04-11 13:29:18.657379+02|16781|test|34|1402716475|0|791763520|8104824472|1734606116|1622544814|318513462|218501904|519|0|2|2007998464|0|||0|0|180445066.088|80922690.831|24736625.81|11188|0|0|0|2022-04-11 11:49:02.863296+02
1103|1649676559.684706|2022-04-11 13:29:19.684706+02|16781|test|34|1402790545|0|791808452|8105754525|1734756452|1622693182|318587528|218575970|519|0|2|2007998464|0|||0|0|180477100.96|80940833.102|24745120.539|11190|0|0|0|2022-04-11 11:49:02.863296+02
1104|1649676560.712206|2022-04-11 13:29:20.712206+02|16781|test|34|1402865208|0|791853770|8106692155|1734908013|1622842736|318662187|218650629|519|0|2|2007998464|0|||0|0|180509136.548|80958865.87|24753687.232|11192|0|0|0|2022-04-11 11:49:02.863296+02
1105|1649676561.739746|2022-04-11 13:29:21.739746+02|16781|test|34|1402936202|0|791897045|8107584548|1735052132|1622984952|318733177|218721619|519|0|2|2007998464|0|||0|0|180541168.376|80977533.331|24761859.27|11194|0|0|0|2022-04-11 11:49:02.863296+02
1106|1649676562.766945|2022-04-11 13:29:22.766945+02|16781|test|34|1403012771|0|791943443|8108545528|1735207419|1623138318|318809742|218798184|519|0|2|2007998464|0|||0|0|180573200.63|80995044.937|24770744.166|11196|0|0|0|2022-04-11 11:49:02.863296+02
1107|1649676563.793745|2022-04-11 13:29:23.793745+02|16781|test|34|1403092125|0|791991593|8109542845|1735368393|1623297254|318889092|218877534|519|0|2|2007998464|0|||0|0|180606235.756|81013048.937|24779950.036|11198|0|0|0|2022-04-11 11:49:02.863296+02
1108|1649676564.820905|2022-04-11 13:29:24.820905+02|16781|test|34|1403179792|0|792044859|8110644385|1735546283|1623472816|318976755|218965197|519|0|2|2007998464|0|||0|0|180643271.579|81033497.582|24790101.94|11200|0|0|0|2022-04-11 11:49:02.863296+02
1109|1649676565.849043|2022-04-11 13:29:25.849043+02|16781|test|34|1403260515|0|792093567|8111658857|1735710146|1623634490|319057474|219045916|519|0|2|2007998464|0|||0|0|180677307.835|81052255.477|24799445.285|11202|0|0|0|2022-04-11 11:49:02.863296+02
1110|1649676566.876382|2022-04-11 13:29:26.876382+02|16781|test|34|1403337991|0|792141045|8112632655|1735867449|1623789670|319134946|219123388|519|0|2|2007998464|0|||0|0|180712348.849|81072788.565|24808315.697|11204|0|0|0|2022-04-11 11:49:02.863296+02
1111|1649676567.902854|2022-04-11 13:29:27.902854+02|16781|test|34|1403417962|0|792189443|8113637621|1736029849|1623949840|319214913|219203355|519|0|2|2007998464|0|||0|0|180746383.114|81091753.292|24817534.021|11206|0|0|0|2022-04-11 11:49:02.863296+02
1112|1649676568.929616|2022-04-11 13:29:28.929616+02|16781|test|34|1403500681|0|792239529|8114676792|1736197605|1624115506|319297628|219286070|519|0|2|2007998464|0|||0|0|180780916.404|81110610.755|24827133.018|11208|0|0|0|2022-04-11 11:49:02.863296+02
1113|1649676569.957325|2022-04-11 13:29:29.957325+02|16781|test|34|1403577332|0|792286199|8115640057|1736353142|1624269036|319374275|219362717|519|0|2|2007998464|0|||0|0|180813452.373|81128789.291|24835916.738|11210|0|0|0|2022-04-11 11:49:02.863296+02
1114|1649676570.984700|2022-04-11 13:29:30.9847+02|16781|test|34|1403652821|0|792332218|8116589221|1736506347|1624420242|319449760|219438202|519|0|2|2007998464|0|||0|0|180845487.028|81146653.036|24844585.827|11212|0|0|0|2022-04-11 11:49:02.863296+02
1115|1649676572.012235|2022-04-11 13:29:32.012235+02|16781|test|34|1403728733|0|792378083|8117542406|1736660290|1624572294|319525668|219514110|519|0|2|2007998464|0|||0|0|180877521.222|81164236.244|24853448.841|11214|0|0|0|2022-04-11 11:49:02.863296+02
1116|1649676573.040169|2022-04-11 13:29:33.040169+02|16781|test|34|1403784955|0|792412022|8118249489|1736774466|1624684954|319581887|219570329|519|0|2|2007998464|0|||0|0|180901549.288|81177758.551|24859863.248|11215|0|0|0|2022-04-11 11:49:02.863296+02
1117|1649676574.057250|2022-04-11 13:29:34.05725+02|16781|test|34|1403879074|0|792469304|8119432795|1736966321|1624873443|319675999|219664441|519|0|2|2007998464|0|||0|0|180941580.413|81199945.167|24870790.801|11218|0|0|0|2022-04-11 11:49:02.863296+02
1118|1649676575.084342|2022-04-11 13:29:35.084342+02|16781|test|34|1403954782|0|792515063|8120384824|1737119968|1625025087|319751703|219740145|519|0|2|2007998464|0|||0|0|180973613.396|81217589.355|24879606.484|11220|0|0|0|2022-04-11 11:49:02.863296+02
1119|1649676576.112060|2022-04-11 13:29:36.11206+02|16781|test|34|1404030328|0|792560796|8121334486|1737273351|1625176407|319827245|219815687|519|0|2|2007998464|0|||0|0|181005650.264|81235317.474|24888376.165|11222|0|0|0|2022-04-11 11:49:02.863296+02
1120|1649676577.137907|2022-04-11 13:29:37.137907+02|16781|test|34|1404106735|0|792606936|8122294897|1737428452|1625329449|319903648|219892090|519|0|2|2007998464|0|||0|0|181037689.317|81252832.115|24897276.06|11224|0|0|0|2022-04-11 11:49:02.863296+02
1121|1649676578.162230|2022-04-11 13:29:38.16223+02|16781|test|34|1404176465|0|792649155|8123171474|1737570008|1625469137|319973374|219961816|519|0|2|2007998464|0|||0|0|181069721.765|81271817.346|24905238.322|11226|0|0|0|2022-04-11 11:49:02.863296+02
1122|1649676579.189499|2022-04-11 13:29:39.189499+02|16781|test|34|1404253351|0|792695860|8124138041|1737726003|1625623137|320050256|220038698|519|0|2|2007998464|0|||0|0|181101755.873|81289311.018|24914137.246|11228|0|0|0|2022-04-11 11:49:02.863296+02
1123|1649676580.217448|2022-04-11 13:29:40.217448+02|16781|test|34|1404330170|0|792742111|8125104094|1737881867|1625777003|320127071|220115513|519|0|2|2007998464|0|||0|0|181133789.272|81306798.468|24923041.878|11230|0|0|0|2022-04-11 11:49:02.863296+02
1124|1649676581.245422|2022-04-11 13:29:41.245422+02|16781|test|34|1404405811|0|792788003|8126055197|1738035390|1625928513|320202708|220191150|519|0|2|2007998464|0|||0|0|181165822.945|81324473.312|24931843.917|11232|0|0|0|2022-04-11 11:49:02.863296+02
1125|1649676582.273011|2022-04-11 13:29:42.273011+02|16781|test|34|1404481938|0|792833881|8127013020|1738189881|1626080995|320278831|220267273|519|0|2|2007998464|0|||0|0|181197855.663|81342059.646|24940692.053|11234|0|0|0|2022-04-11 11:49:02.863296+02
1126|1649676583.300358|2022-04-11 13:29:43.300358+02|16781|test|34|1404551966|0|792876289|8127892655|1738332001|1626221279|320348855|220337297|519|0|2|2007998464|0|||0|0|181230389.583|81361546.289|24948666.251|11236|0|0|0|2022-04-11 11:49:02.863296+02
1127|1649676584.327720|2022-04-11 13:29:44.32772+02|16781|test|34|1404642139|0|792930916|8129025862|1738514997|1626401853|320439024|220427466|519|0|2|2007998464|0|||0|0|181267927.534|81382017.12|24959107.101|11238|0|0|0|2022-04-11 11:49:02.863296+02
1128|1649676585.355201|2022-04-11 13:29:45.355201+02|16781|test|34|1404723782|0|792980354|8130051488|1738680665|1626565367|320520663|220509105|519|0|2|2007998464|0|||0|0|181301960.402|81400546.721|24968592.287|11240|0|0|0|2022-04-11 11:49:02.863296+02
1129|1649676586.382402|2022-04-11 13:29:46.382402+02|16781|test|34|1404806300|0|793030465|8131087872|1738847997|1626730631|320603177|220591619|519|0|2|2007998464|0|||0|0|181336492.543|81419371.021|24978218.617|11242|0|0|0|2022-04-11 11:49:02.863296+02
1130|1649676587.409827|2022-04-11 13:29:47.409827+02|16781|test|34|1404888205|0|793080548|8132116876|1739014202|1626894669|320685078|220673520|519|0|2|2007998464|0|||0|0|181371026.784|81438368.048|24987731.056|11244|0|0|0|2022-04-11 11:49:02.863296+02
1131|1649676588.437629|2022-04-11 13:29:48.437629+02|16781|test|34|1404969579|0|793129259|8133139692|1739180193|1627057656|320766446|220754888|519|0|2|2007998464|0|||0|0|181405568.494|81457452.511|24997200.373|11246|0|0|0|2022-04-11 11:49:02.863296+02
1132|1649676589.465304|2022-04-11 13:29:49.465304+02|16781|test|34|1405047337|0|793176346|8134117150|1739338042|1627213400|320844200|220832642|519|0|2|2007998464|0|||0|0|181438101.682|81475237.085|25006230.64|11248|0|0|0|2022-04-11 11:49:02.863296+02
1133|1649676590.492525|2022-04-11 13:29:50.492525+02|16781|test|34|1405123256|0|793222009|8135071968|1739492145|1627365466|320920115|220908557|519|0|2|2007998464|0|||0|0|181470134|81492898.089|25015038.08|11250|0|0|0|2022-04-11 11:49:02.863296+02
1134|1649676591.520123|2022-04-11 13:29:51.520123+02|16781|test|34|1405198767|0|793267690|8136021113|1739645345|1627516716|320995622|220984064|519|0|2|2007998464|0|||0|0|181502169.212|81510654.891|25023781.583|11252|0|0|0|2022-04-11 11:49:02.863296+02
1135|1649676592.547578|2022-04-11 13:29:52.547578+02|16781|test|34|1405272869|0|793312235|8136953407|1739795811|1627665148|321069720|221058162|519|0|2|2007998464|0|||0|0|181534204.908|81528600.164|25032411.396|11254|0|0|0|2022-04-11 11:49:02.863296+02
1136|1649676593.575022|2022-04-11 13:29:53.575022+02|16781|test|34|1405344552|0|793355736|8137853577|1739941331|1627808742|321141399|221129841|519|0|2|2007998464|0|||0|0|181566249.551|81547133.597|25040677.998|11256|0|0|0|2022-04-11 11:49:02.863296+02
1137|1649676594.602304|2022-04-11 13:29:54.602304+02|16781|test|34|1405418982|0|793400835|8138789093|1740092478|1627957830|321215825|221204267|519|0|2|2007998464|0|||0|0|181598284.752|81565125.546|25049263.123|11258|0|0|0|2022-04-11 11:49:02.863296+02
1138|1649676595.628865|2022-04-11 13:29:55.628865+02|16781|test|34|1405495076|0|793446736|8139747339|1740247001|1628110246|321291915|221280357|519|0|2|2007998464|0|||0|0|181630320.195|81582937.422|25057952.67|11260|0|0|0|2022-04-11 11:49:02.863296+02
1139|1649676596.655958|2022-04-11 13:29:56.655958+02|16781|test|34|1405569750|0|793491912|8140686078|1740398526|1628259822|321366585|221355027|519|0|2|2007998464|0|||0|0|181662359.282|81600891.342|25066564.186|11262|0|0|0|2022-04-11 11:49:02.863296+02
1140|1649676597.683576|2022-04-11 13:29:57.683576+02|16781|test|34|1405645803|0|793538093|8141641873|1740552957|1628412156|321442634|221431076|519|0|2|2007998464|0|||0|0|181694391.02|81618524.921|25075378.474|11264|0|0|0|2022-04-11 11:49:02.863296+02
1141|1649676598.710474|2022-04-11 13:29:58.710474+02|16781|test|34|1405720333|0|793583403|8142578296|1740704191|1628561444|321517160|221505602|519|0|2|2007998464|0|||0|0|181726426.946|81636579.899|25083920.646|11266|0|0|0|2022-04-11 11:49:02.863296+02
1142|1649676599.736569|2022-04-11 13:29:59.736569+02|16781|test|34|1405794756|0|793628320|8143513617|1740855210|1628710518|321591579|221580021|519|0|2|2007998464|0|||0|0|181758459.675|81654534.32|25092541.984|11268|0|0|0|2022-04-11 11:49:02.863296+02
1143|1649676600.764003|2022-04-11 13:30:00.764003+02|16781|test|34|1405867610|0|793672326|8144429714|1741003138|1628856454|321664429|221652871|519|0|2|2007998464|0|||0|0|181790494.188|81672900.775|25100890.227|11270|0|0|0|2022-04-11 11:49:02.863296+02
1144|1649676601.791346|2022-04-11 13:30:01.791346+02|16781|test|34|1405944399|0|793718729|8145394813|1741159023|1629010260|321741214|221729656|519|0|2|2007998464|0|||0|0|181822528.046|81690407.437|25109773.244|11272|0|0|0|2022-04-11 11:49:02.863296+02
1145|1649676602.819010|2022-04-11 13:30:02.81901+02|16781|test|34|1406025987|0|793768301|8146420243|1741324577|1629173664|321822798|221811240|519|0|2|2007998464|0|||0|0|181856564.905|81708962.991|25119247.104|11274|0|0|0|2022-04-11 11:49:02.863296+02
1146|1649676603.845801|2022-04-11 13:30:03.845801+02|16781|test|34|1406112072|0|793820295|8147503074|1741500042|1629346073|321908877|221897319|519|0|2|2007998464|0|||0|0|181892599.038|81728586.793|25129311.819|11276|0|0|0|2022-04-11 11:49:02.863296+02
1147|1649676604.872733|2022-04-11 13:30:04.872733+02|16781|test|34|1406192583|0|793869001|8148515353|1741663456|1629507323|321989384|221977826|519|0|2|2007998464|0|||0|0|181926632.971|81747396.939|25138634.004|11278|0|0|0|2022-04-11 11:49:02.863296+02
1148|1649676605.899859|2022-04-11 13:30:05.899859+02|16781|test|34|1406269313|0|793915737|8149480324|1741819152|1629661011|322066110|222054552|519|0|2|2007998464|0|||0|0|181961667.179|81768248.5|25147283.835|11280|0|0|0|2022-04-11 11:49:02.863296+02
1149|1649676606.927339|2022-04-11 13:30:06.927339+02|16781|test|34|1406351470|0|793965332|8150512310|1741985817|1629825553|322148263|222136705|519|0|2|2007998464|0|||0|0|181996201.957|81787205.108|25156818.221|11282|0|0|0|2022-04-11 11:49:02.863296+02
1150|1649676607.954347|2022-04-11 13:30:07.954347+02|16781|test|34|1406432258|0|794014206|8151527638|1742149793|1629987357|322229047|222217489|519|0|2|2007998464|0|||0|0|182030235.709|81805991.086|25166157.332|11284|0|0|0|2022-04-11 11:49:02.863296+02
1151|1649676608.981025|2022-04-11 13:30:08.981025+02|16781|test|34|1406509374|0|794060851|8152497172|1742306265|1630141817|322306159|222294601|519|0|2|2007998464|0|||0|0|182062768.492|81824019.118|25175028.565|11286|0|0|0|2022-04-11 11:49:02.863296+02
1152|1649676610.008200|2022-04-11 13:30:10.0082+02|16781|test|34|1406585831|0|794107056|8153458875|1742461381|1630294959|322382612|222371054|519|0|2|2007998464|0|||0|0|182094799.782|81841557.88|25183898.439|11288|0|0|0|2022-04-11 11:49:02.863296+02
1153|1649676611.036416|2022-04-11 13:30:11.036416+02|16781|test|34|1406661737|0|794153217|8154412458|1742615400|1630446999|322458514|222446956|519|0|2|2007998464|0|||0|0|182126835.063|81859141.977|25192755.962|11290|0|0|0|2022-04-11 11:49:02.863296+02
1154|1649676612.063527|2022-04-11 13:30:12.063527+02|16781|test|34|1406737403|0|794199031|8155363141|1742768955|1630598559|322534176|222522618|519|0|2|2007998464|0|||0|0|182158865.983|81876790.618|25201573.273|11292|0|0|0|2022-04-11 11:49:02.863296+02
1155|1649676613.090905|2022-04-11 13:30:13.090905+02|16781|test|34|1406813563|0|794245279|8156320830|1742923443|1630751107|322610332|222598774|519|0|2|2007998464|0|||0|0|182190900.126|81894339.687|25210442.962|11294|0|0|0|2022-04-11 11:49:02.863296+02
1156|1649676614.118062|2022-04-11 13:30:14.118062+02|16781|test|34|1406889287|0|794290823|8157273377|1743077119|1630902783|322686052|222674494|519|0|2|2007998464|0|||0|0|182222930.098|81911998.862|25219251.195|11296|0|0|0|2022-04-11 11:49:02.863296+02
1157|1649676615.144546|2022-04-11 13:30:15.144546+02|16781|test|34|1406962022|0|794335172|8158187447|1743224737|1631048481|322758783|222747225|519|0|2|2007998464|0|||0|0|182254970.44|81930377.058|25227608.327|11298|0|0|0|2022-04-11 11:49:02.863296+02
1158|1649676616.171136|2022-04-11 13:30:16.171136+02|16781|test|34|1407038735|0|794381496|8159152164|1743380381|1631202135|322835492|222823934|519|0|2|2007998464|0|||0|0|182287003.227|81947900.399|25236492.477|11300|0|0|0|2022-04-11 11:49:02.863296+02
1159|1649676617.198674|2022-04-11 13:30:17.198674+02|16781|test|34|1407110376|0|794424792|8160052625|1743525814|1631345645|322907129|222895571|519|0|2|2007998464|0|||0|0|182319040.217|81966540.827|25244682.338|11302|0|0|0|2022-04-11 11:49:02.863296+02
1160|1649676618.225502|2022-04-11 13:30:18.225502+02|16781|test|34|1407170188|0|794460740|8160805020|1743647267|1631465485|322966938|222955380|519|0|2|2007998464|0|||0|0|182344068.409|81980373.033|25251516.459|11303|0|0|0|2022-04-11 11:49:02.863296+02
1161|1649676619.242353|2022-04-11 13:30:19.242353+02|16781|test|34|1407262660|0|794516513|8161966677|1743835743|1631650680|323059403|223047845|519|0|2|2007998464|0|||0|0|182383099.813|82001913.329|25262238.109|11306|0|0|0|2022-04-11 11:49:02.863296+02
1162|1649676620.269505|2022-04-11 13:30:20.269505+02|16781|test|34|1407338715|0|794562467|8162923418|1743990070|1631803018|323135454|223123896|519|0|2|2007998464|0|||0|0|182415134.062|82019605.513|25271014.711|11308|0|0|0|2022-04-11 11:49:02.863296+02
1163|1649676621.297084|2022-04-11 13:30:21.297084+02|16781|test|34|1407413658|0|794607985|8163865388|1744142127|1631953132|323210393|223198835|519|0|2|2007998464|0|||0|0|182447169.491|82037487.443|25279681.516|11310|0|0|0|2022-04-11 11:49:02.863296+02
1164|1649676622.324368|2022-04-11 13:30:22.324368+02|16781|test|34|1407491678|0|794655218|8164846576|1744300439|1632109400|323288409|223276851|519|0|2|2007998464|0|||0|0|182480203.047|82055816.76|25288684.174|11312|0|0|0|2022-04-11 11:49:02.863296+02
1165|1649676623.351084|2022-04-11 13:30:23.351084+02|16781|test|34|1407573633|0|794704653|8165877023|1744466681|1632273538|323370360|223358802|519|0|2|2007998464|0|||0|0|182517255.225|82077484.483|25298088.893|11314|0|0|0|2022-04-11 11:49:02.863296+02
1166|1649676624.377899|2022-04-11 13:30:24.377899+02|16781|test|34|1407655057|0|794754105|8166900743|1744631947|1632436614|323451780|223440222|519|0|2|2007998464|0|||0|0|182551288.584|82096128.355|25307498.78|11316|0|0|0|2022-04-11 11:49:02.863296+02
1167|1649676625.405157|2022-04-11 13:30:25.405157+02|16781|test|34|1407738474|0|794804687|8167949688|1744801185|1632603676|323535193|223523635|519|0|2|2007998464|0|||0|0|182586324.618|82115366.044|25317165.418|11318|0|0|0|2022-04-11 11:49:02.863296+02
1168|1649676626.432767|2022-04-11 13:30:26.432767+02|16781|test|34|1407819752|0|794854064|8168971703|1744966180|1632766460|323616467|223604909|519|0|2|2007998464|0|||0|0|182620360.234|82134004.5|25326579.994|11320|0|0|0|2022-04-11 11:49:02.863296+02
1169|1649676627.460611|2022-04-11 13:30:27.460611+02|16781|test|34|1407901238|0|794903144|8169995420|1745131428|1632929660|323697949|223686391|519|0|2|2007998464|0|||0|0|182654895.683|82153051.283|25336061.605|11322|0|0|0|2022-04-11 11:49:02.863296+02
1170|1649676628.488039|2022-04-11 13:30:28.488039+02|16781|test|34|1407975674|0|794948281|8170930906|1745282481|1633078760|323772381|223760823|519|0|2|2007998464|0|||0|0|182687429.787|82171512.944|25344671.286|11324|0|0|0|2022-04-11 11:49:02.863296+02
1171|1649676629.514656|2022-04-11 13:30:29.514656+02|16781|test|34|1408049149|0|794992588|8171855321|1745431617|1633225938|323845852|223834294|519|0|2|2007998464|0|||0|0|182719464.804|82189618.524|25353190.23|11326|0|0|0|2022-04-11 11:49:02.863296+02
1172|1649676630.541106|2022-04-11 13:30:30.541106+02|16781|test|34|1408125769|0|795039139|8172818493|1745587082|1633379406|323922468|223910910|519|0|2|2007998464|0|||0|0|182751497.272|82207181.739|25362039.905|11328|0|0|0|2022-04-11 11:49:02.863296+02
1173|1649676631.568082|2022-04-11 13:30:31.568082+02|16781|test|34|1408202599|0|795085824|8173783727|1745742930|1633533294|323999294|223987736|519|0|2|2007998464|0|||0|0|182783529.089|82224597.542|25370989.752|11330|0|0|0|2022-04-11 11:49:02.863296+02
1174|1649676632.595740|2022-04-11 13:30:32.59574+02|16781|test|34|1408279253|0|795132267|8174747166|1745898458|1633686830|324075944|224064386|519|0|2|2007998464|0|||0|0|182815563.206|82241999.719|25379963.925|11332|0|0|0|2022-04-11 11:49:02.863296+02
1175|1649676633.623520|2022-04-11 13:30:33.62352+02|16781|test|34|1408355994|0|795178625|8175711313|1746055100|1633840551|324152679|224141121|519|0|2|2007998464|0|||0|0|182847598.27|82259427.63|25388923.248|11334|0|0|0|2022-04-11 11:49:02.863296+02
1176|1649676634.650340|2022-04-11 13:30:34.65034+02|16781|test|34|1408430941|0|795224342|8176653072|1746207115|1633990673|324227622|224216064|519|0|2|2007998464|0|||0|0|182879630.719|82277290.87|25397592.828|11336|0|0|0|2022-04-11 11:49:02.863296+02
1177|1649676635.677606|2022-04-11 13:30:35.677606+02|16781|test|34|1408505817|0|795269414|8177594308|1746359051|1634140653|324302494|224290936|519|0|2|2007998464|0|||0|0|182911667.416|82295296.078|25406175.889|11338|0|0|0|2022-04-11 11:49:02.863296+02
1178|1649676636.705088|2022-04-11 13:30:36.705088+02|16781|test|34|1408581216|0|795314869|8178542509|1746511966|1634291679|324377889|224366331|519|0|2|2007998464|0|||0|0|182943699.998|82313155.099|25414847.78|11340|0|0|0|2022-04-11 11:49:02.863296+02
1179|1649676637.732149|2022-04-11 13:30:37.732149+02|16781|test|34|1408656608|0|795360838|8179490568|1746665023|1634442691|324453277|224441719|519|0|2|2007998464|0|||0|0|182975742.951|82331023.786|25423510.683|11342|0|0|0|2022-04-11 11:49:02.863296+02
1180|1649676638.759062|2022-04-11 13:30:38.759062+02|16781|test|34|1408729903|0|795405072|8180411789|1746813861|1634589509|324526568|224515010|519|0|2|2007998464|0|||0|0|183007775.241|82349315.833|25431911.794|11344|0|0|0|2022-04-11 11:49:02.863296+02
1181|1649676639.786336|2022-04-11 13:30:39.786336+02|16781|test|34|1408805905|0|795451116|8181366548|1746968046|1634741741|324602566|224591008|519|0|2|2007998464|0|||0|0|183039811.661|82366949.931|25440730.142|11346|0|0|0|2022-04-11 11:49:02.863296+02
1182|1649676640.814211|2022-04-11 13:30:40.814211+02|16781|test|34|1408878739|0|795495175|8182282186|1747115876|1634887637|324675396|224663838|519|0|2|2007998464|0|||0|0|183071844.501|82385255.364|25449118.938|11348|0|0|0|2022-04-11 11:49:02.863296+02
1183|1649676641.841709|2022-04-11 13:30:41.841709+02|16781|test|34|1408969675|0|795550568|8183424706|1747300389|1635069737|324766328|224754770|519|0|2|2007998464|0|||0|0|183109880.939|82406073.683|25459651.495|11350|0|0|0|2022-04-11 11:49:02.863296+02
1184|1649676642.868624|2022-04-11 13:30:42.868624+02|16781|test|34|1409045419|0|795596476|8184377371|1747454106|1635221453|324842068|224830510|519|0|2|2007998464|0|||0|0|183141915.724|82423731.023|25468453.495|11352|0|0|0|2022-04-11 11:49:02.863296+02
1185|1649676643.895235|2022-04-11 13:30:43.895235+02|16781|test|34|1409125666|0|795644973|8185386020|1747616876|1635382175|324922311|224910753|519|0|2|2007998464|0|||0|0|183175949.306|82442625.246|25477721.087|11354|0|0|0|2022-04-11 11:49:02.863296+02
1186|1649676644.922080|2022-04-11 13:30:44.92208+02|16781|test|34|1409208388|0|795694908|8186426079|1747784687|1635547847|325005029|224993471|519|0|2|2007998464|0|||0|0|183210982.266|82462057.728|25487266.708|11356|0|0|0|2022-04-11 11:49:02.863296+02
1187|1649676645.948365|2022-04-11 13:30:45.948365+02|16781|test|34|1409286280|0|795741939|8187406037|1747942825|1635703859|325082917|225071359|519|0|2|2007998464|0|||0|0|183246527.731|82482942.236|25496237.498|11358|0|0|0|2022-04-11 11:49:02.863296+02
1188|1649676646.975238|2022-04-11 13:30:46.975238+02|16781|test|34|1409364665|0|795789448|8188392026|1748101951|1635860857|325161298|225149740|519|0|2|2007998464|0|||0|0|183279560.083|82501267.875|25505229.393|11360|0|0|0|2022-04-11 11:49:02.863296+02
1189|1649676648.002326|2022-04-11 13:30:48.002326+02|16781|test|35|1409435436|0|795832375|8189281695|1748245617|1636002615|325232066|225220508|519|0|2|2007998464|0|||0|0|183309090.668|82517467.98|25513382.188|11361|0|0|0|2022-04-11 11:49:02.863296+02
1190|1649676649.018883|2022-04-11 13:30:49.018883+02|16781|test|35|1409517813|0|795882250|8190317490|1748412749|1636167609|325314438|225302880|519|0|2|2007998464|0|||0|0|183344116.293|82536833.577|25522977.022|11364|0|0|0|2022-04-11 11:49:02.863296+02
1191|1649676650.046575|2022-04-11 13:30:50.046575+02|16781|test|35|1409592665|0|795927362|8191258830|1748564687|1636317541|325389286|225377728|519|0|2|2007998464|0|||0|0|183376150.487|82554606.78|25531718.205|11366|0|0|0|2022-04-11 11:49:02.863296+02
1192|1649676651.074210|2022-04-11 13:30:51.07421+02|16781|test|35|1409664397|0|795970716|8192160396|1748710230|1636461233|325461014|225449456|519|0|2|2007998464|0|||0|0|183408200.488|82573103.331|25540016.865|11368|0|0|0|2022-04-11 11:49:02.863296+02
1193|1649676652.100813|2022-04-11 13:30:52.100813+02|16781|test|35|1409733845|0|796012744|8193033845|1748851208|1636600357|325530458|225518900|519|0|2|2007998464|0|||0|0|183440243.457|82592065.487|25548025.699|11370|0|0|0|2022-04-11 11:49:02.863296+02
1194|1649676653.128325|2022-04-11 13:30:53.128325+02|16781|test|35|1409809239|0|796058245|8193981734|1749004219|1636751373|325605848|225594290|519|0|2|2007998464|0|||0|0|183472278.132|82609761.378|25556801.09|11372|0|0|0|2022-04-11 11:49:02.863296+02
1195|1649676654.155659|2022-04-11 13:30:54.155659+02|16781|test|35|1409883921|0|796103256|8194921023|1749155802|1636900965|325680526|225668968|519|0|2|2007998464|0|||0|0|183504312.204|82627689.864|25565440.963|11374|0|0|0|2022-04-11 11:49:02.863296+02
1196|1649676655.183280|2022-04-11 13:30:55.18328+02|16781|test|35|1409958477|0|796148778|8195858974|1749307092|1637050305|325755078|225743520|519|0|2|2007998464|0|||0|0|183536345.508|82645708.164|25574012.983|11376|0|0|0|2022-04-11 11:49:02.863296+02
1197|1649676656.210496|2022-04-11 13:30:56.210496+02|16781|test|35|1410033830|0|796194044|8196805355|1749460006|1637201239|325830427|225818869|519|0|2|2007998464|0|||0|0|183568379.911|82663367.761|25582818.764|11378|0|0|0|2022-04-11 11:49:02.863296+02
1198|1649676657.237997|2022-04-11 13:30:57.237997+02|16781|test|35|1410108700|0|796239630|8197747240|1749612005|1637351207|325905293|225893735|519|0|2|2007998464|0|||0|0|183600414.536|82681220.391|25591495.7|11380|0|0|0|2022-04-11 11:49:02.863296+02
1199|1649676658.265013|2022-04-11 13:30:58.265013+02|16781|test|35|1410179593|0|796282525|8198638271|1749755905|1637493221|325976182|225964624|519|0|2|2007998464|0|||0|0|183632454.931|82699951.599|25599636.471|11382|0|0|0|2022-04-11 11:49:02.863296+02
1200|1649676659.292086|2022-04-11 13:30:59.292086+02|16781|test|35|1410253972|0|796327311|8199574139|1749906865|1637642207|326050557|226038999|519|0|2|2007998464|0|||0|0|183664489.318|82717970.645|25608202.465|11384|0|0|0|2022-04-11 11:49:02.863296+02
1201|1649676660.319695|2022-04-11 13:31:00.319695+02|16781|test|35|1410329002|0|796372625|8200517030|1750059099|1637792495|326125583|226114025|519|0|2|2007998464|0|||0|0|183696521.728|82735742.657|25616942.6|11386|0|0|0|2022-04-11 11:49:02.863296+02
1202|1649676661.346878|2022-04-11 13:31:01.346878+02|16781|test|35|1410410053|0|796421780|8201535402|1750223578|1637954825|326206630|226195072|519|0|2|2007998464|0|||0|0|183731057.276|82754892.386|25626365.718|11388|0|0|0|2022-04-11 11:49:02.863296+02
1203|1649676662.373368|2022-04-11 13:31:02.373368+02|16781|test|35|1410492206|0|796471672|8202568170|1750390291|1638119359|326288779|226277221|519|0|2|2007998464|0|||0|0|183766617.263|82774909.91|25635871.34|11390|0|0|0|2022-04-11 11:49:02.863296+02
1204|1649676663.396713|2022-04-11 13:31:03.396713+02|16781|test|36|1410567819|0|796517456|8203522292|1750572142|1638271209|326364322|226352764|519|0|2|2007998464|0|||0|0|183800690.47|82794707.788|25644589.975|11392|0|0|0|2022-04-11 11:49:02.863296+02
1205|1649676664.413030|2022-04-11 13:31:04.41303+02|16781|test|36|1410644133|0|796563485|8204488445|1750792618|1638424977|326440480|226428922|519|0|2|2007998464|0|||0|0|183832713.471|82812148.51|25653540.171|11394|0|0|0|2022-04-11 11:49:02.863296+02
1206|1649676665.429437|2022-04-11 13:31:05.429437+02|16781|test|36|1410725195|0|796612733|8205514723|1751022555|1638588229|326521387|226509829|519|0|2|2007998464|0|||0|0|183867737.523|82831748.217|25662985.232|11395|0|0|0|2022-04-11 11:49:02.863296+02
1207|1649676666.445469|2022-04-11 13:31:06.445469+02|16781|test|36|1410789852|0|796651860|8206334732|1751220240|1638718695|326585886|226574328|519|0|2|2007998464|0|||0|0|183900764.655|82852849.88|25670232.105|11397|0|0|0|2022-04-11 11:49:02.863296+02
1208|1649676667.461811|2022-04-11 13:31:07.461811+02|16781|test|36|1410865715|0|796697634|8207295544|1751439672|1638871561|326661593|226650035|519|0|2|2007998464|0|||0|0|183933787.922|82871488.008|25679031.155|11399|0|0|0|2022-04-11 11:49:02.863296+02
1209|1649676668.478726|2022-04-11 13:31:08.478726+02|16781|test|36|1410945857|0|796745786|8208311121|1751667795|1639032997|326741578|226730020|519|0|2|2007998464|0|||0|0|183968315.927|82890768.848|25688374.706|11402|0|0|0|2022-04-11 11:49:02.863296+02
1210|1649676669.494890|2022-04-11 13:31:09.49489+02|16781|test|36|1411015498|0|796787460|8209193657|1751874556|1639173419|326811063|226799505|519|0|2|2007998464|0|||0|0|184000337.247|82909527.37|25696487.038|11404|0|0|0|2022-04-11 11:49:02.863296+02
1211|1649676670.511283|2022-04-11 13:31:10.511283+02|16781|test|36|1411091318|0|796833272|8210153352|1752093795|1639326199|326886727|226875169|519|0|2|2007998464|0|||0|0|184032861.963|82927586.355|25705357.708|11406|0|0|0|2022-04-11 11:49:02.863296+02
1212|1649676671.527427|2022-04-11 13:31:11.527427+02|16781|test|35|1411165735|0|796878159|8211095828|1752309335|1639476149|326960991|226949433|519|0|2|2007998464|0|||0|0|184064882.808|82945298.659|25714120.608|11407|0|0|0|2022-04-11 11:49:02.863296+02
1213|1649676672.543036|2022-04-11 13:31:12.543036+02|16781|test|36|1411240824|0|796923320|8212046936|1752527044|1639627467|327035924|227024366|519|0|2|2007998464|0|||0|0|184096906.984|82962877.577|25722983.693|11409|0|0|0|2022-04-11 11:49:02.863296+02
1214|1649676673.558947|2022-04-11 13:31:13.558947+02|16781|test|36|1411315052|0|796968002|8212987522|1752743850|1639777087|327109993|227098435|519|0|2|2007998464|0|||0|0|184128930.696|82980700.258|25731697.593|11412|0|0|0|2022-04-11 11:49:02.863296+02
1215|1649676674.575995|2022-04-11 13:31:14.575995+02|16781|test|36|1411389486|0|797012602|8213930701|1752960123|1639927083|327184272|227172714|519|0|2|2007998464|0|||0|0|184160950.246|82998467.211|25740430.798|11413|0|0|0|2022-04-11 11:49:02.863296+02
1216|1649676675.592647|2022-04-11 13:31:15.592647+02|16781|test|36|1411462213|0|797056066|8214850764|1753172977|1640073677|327256843|227245285|519|0|2|2007998464|0|||0|0|184192975.502|83016640.732|25748925.955|11415|0|0|0|2022-04-11 11:49:02.863296+02
1217|1649676676.609136|2022-04-11 13:31:16.609136+02|16781|test|35|1411534369|0|797099413|8215765232|1753384652|1640219129|327328843|227317285|519|0|2|2007998464|0|||0|0|184224996.251|83035142.85|25757178.892|11417|0|0|0|2022-04-11 11:49:02.863296+02
1218|1649676677.624230|2022-04-11 13:31:17.62423+02|16781|test|36|1411606449|0|797142294|8216678934|1753596946|1640364453|327400764|227389206|519|0|2|2007998464|0|||0|0|184257022.066|83053538.638|25765519.928|11420|0|0|0|2022-04-11 11:49:02.863296+02
1219|1649676678.637076|2022-04-11 13:31:18.637076+02|16781|test|36|1411674561|0|797183069|8217541461|1753800296|1640501805|327468721|227457163|519|0|2|2007998464|0|||0|0|184289041.313|83072655.596|25773415.967|11421|0|0|0|2022-04-11 11:49:02.863296+02
1220|1649676679.653774|2022-04-11 13:31:19.653774+02|16781|test|36|1411749354|0|797227733|8218488778|1754017136|1640652531|327543358|227531800|519|0|2|2007998464|0|||0|0|184321065.527|83090311.91|25782228.265|11423|0|0|0|2022-04-11 11:49:02.863296+02
1221|1649676680.670888|2022-04-11 13:31:20.670888+02|16781|test|35|1411823890|0|797272323|8219432177|1754233449|1640802743|327617738|227606180|519|0|2|2007998464|0|||0|0|184353086.535|83108068.437|25790962.704|11425|0|0|0|2022-04-11 11:49:02.863296+02
1222|1649676681.687329|2022-04-11 13:31:21.687329+02|16781|test|36|1411898021|0|797316690|8220370823|1754448891|1640952145|327691713|227680155|519|0|2|2007998464|0|||0|0|184385109.083|83125966.468|25799599.964|11427|0|0|0|2022-04-11 11:49:02.863296+02
1223|1649676682.703598|2022-04-11 13:31:22.703598+02|16781|test|35|1411972290|0|797361202|8221311079|1754664605|1641101823|327765826|227754268|519|0|2|2007998464|0|||0|0|184417137.512|83143799.217|25808296.972|11429|0|0|0|2022-04-11 11:49:02.863296+02
1224|1649676683.720074|2022-04-11 13:31:23.720074+02|16781|test|35|1412046227|0|797405474|8222247192|1754879615|1641250837|327839607|227828049|519|0|2|2007998464|0|||0|0|184449163.587|83161680.183|25816971.362|11431|0|0|0|2022-04-11 11:49:02.863296+02
1225|1649676684.735835|2022-04-11 13:31:24.735835+02|16781|test|36|1412120222|0|797449713|8223183643|1755095619|1641399991|327913443|227901885|519|0|2|2007998464|0|||0|0|184481188.26|83179480.335|25825695.547|11434|0|0|0|2022-04-11 11:49:02.863296+02
1226|1649676685.751232|2022-04-11 13:31:25.751232+02|16781|test|36|1412193300|0|797493449|8224108490|1755308788|1641547275|327986366|227974808|519|0|2|2007998464|0|||0|0|184513206.982|83197621.579|25834206.756|11435|0|0|0|2022-04-11 11:49:02.863296+02
1227|1649676686.767571|2022-04-11 13:31:26.767571+02|16781|test|36|1412265360|0|797536736|8225020984|1755519956|1641692535|328058270|228046712|519|0|2|2007998464|0|||0|0|184545403.214|83216061.205|25842637.997|11437|0|0|0|2022-04-11 11:49:02.863296+02
1228|1649676687.784086|2022-04-11 13:31:27.784086+02|16781|test|36|1412336598|0|797579348|8225922194|1755729372|1641836151|328129352|228117794|519|0|2|2007998464|0|||0|0|184577427.102|83234604.657|25850886.833|11439|0|0|0|2022-04-11 11:49:02.863296+02
1229|1649676688.799948|2022-04-11 13:31:28.799948+02|16781|test|36|1412407745|0|797621791|8226823218|1755939484|1641979597|328200341|228188783|519|0|2|2007998464|0|||0|0|184609449.641|83253226.783|25859079.4|11441|0|0|0|2022-04-11 11:49:02.863296+02
1230|1649676689.816589|2022-04-11 13:31:29.816589+02|16781|test|36|1412480731|0|797665250|8227746911|1756152429|1642126721|328273170|228261612|519|0|2|2007998464|0|||0|0|184641478.1|83271354.347|25867582.841|11444|0|0|0|2022-04-11 11:49:02.863296+02
1231|1649676690.832652|2022-04-11 13:31:30.832652+02|16781|test|36|1412552870|0|797708379|8228659436|1756363613|1642272127|328345154|228333596|519|0|2|2007998464|0|||0|0|184673500.676|83289612.11|25875991.833|11445|0|0|0|2022-04-11 11:49:02.863296+02
1232|1649676691.848867|2022-04-11 13:31:31.848867+02|16781|test|36|1412628485|0|797753241|8229615921|1756581710|1642424509|328420612|228409054|519|0|2|2007998464|0|||0|0|184706025.994|83307724.196|25884809.868|11448|0|0|0|2022-04-11 11:49:02.863296+02
1233|1649676692.865097|2022-04-11 13:31:32.865097+02|16781|test|36|1412705554|0|797798933|8230591337|1756802725|1642579775|328497526|228485968|519|0|2|2007998464|0|||0|0|184739546.99|83326463.296|25893877.694|11449|0|0|0|2022-04-11 11:49:02.863296+02
1234|1649676693.881711|2022-04-11 13:31:33.881711+02|16781|test|36|1412789173|0|797848622|8231649037|1757036834|1642748153|328580989|228569431|519|0|2|2007998464|0|||0|0|184775571.324|83346390.547|25903762.143|11451|0|0|0|2022-04-11 11:49:02.863296+02
1235|1649676694.898059|2022-04-11 13:31:34.898059+02|16781|test|36|1412862270|0|797892294|8232574512|1757249790|1642895487|328653930|228642372|519|0|2|2007998464|0|||0|0|184807599.405|83364433.374|25912333.217|11453|0|0|0|2022-04-11 11:49:02.863296+02
1236|1649676695.914213|2022-04-11 13:31:35.914213+02|16781|test|36|1412936327|0|797936193|8233511468|1757465443|1643044753|328727829|228716271|519|0|2|2007998464|0|||0|0|184841664.104|83384457.427|25920931.848|11455|0|0|0|2022-04-11 11:49:02.863296+02
1237|1649676696.930683|2022-04-11 13:31:36.930683+02|16781|test|36|1413005534|0|797977560|8234387764|1757670435|1643184307|328796880|228785322|519|0|2|2007998464|0|||0|0|184873687.712|83403336.177|25928975.691|11457|0|0|0|2022-04-11 11:49:02.863296+02
1238|1649676697.947608|2022-04-11 13:31:37.947608+02|16781|test|35|1413086249|0|798025461|8235408312|1757898577|1643346877|328877439|228865881|519|0|2|2007998464|0|||0|0|184908210.791|83422352.401|25938486.692|11459|0|0|0|2022-04-11 11:49:02.863296+02
1239|1649676698.963755|2022-04-11 13:31:38.963755+02|16781|test|36|1413161429|0|798070348|8236358831|1758116396|1643498401|328952460|228940902|519|0|2|2007998464|0|||0|0|184940236.582|83439909.303|25947354.842|11462|0|0|0|2022-04-11 11:49:02.863296+02
1240|1649676699.980287|2022-04-11 13:31:39.980287+02|16781|test|36|1413237612|0|798115326|8237321946|1758335272|1643651895|329028488|229016930|519|0|2|2007998464|0|||0|0|184972256.433|83457481.765|25956189.589|11463|0|0|0|2022-04-11 11:49:02.863296+02
1241|1649676700.996077|2022-04-11 13:31:40.996077+02|16781|test|36|1413324298|0|798166960|8238417135|1758575315|1643826407|329115018|229103460|519|0|2|2007998464|0|||0|0|185008779.536|83477473.22|25966329.96|11465|0|0|0|2022-04-11 11:49:02.863296+02
1242|1649676702.013100|2022-04-11 13:31:42.0131+02|16781|test|36|1413392742|0|798207178|8239283456|1758779576|1643964447|329183304|229171746|519|0|2|2007998464|0|||0|0|185041361.74|83497216.935|25974178.976|11467|0|0|0|2022-04-11 11:49:02.863296+02
1243|1649676703.028679|2022-04-11 13:31:43.028679+02|16781|test|35|1413469647|0|798253109|8240256477|1758999925|1644119397|329260053|229248495|519|0|2|2007998464|0|||0|0|185073384.747|83514717.3|25983059.418|11469|0|0|0|2022-04-11 11:49:02.863296+02
1244|1649676704.044221|2022-04-11 13:31:44.044221+02|16781|test|36|1413545492|0|798298052|8241215357|1759219032|1644272239|329335740|229324182|519|0|2|2007998464|0|||0|0|185105406.308|83532446.671|25991804.961|11471|0|0|0|2022-04-11 11:49:02.863296+02
1245|1649676705.061044|2022-04-11 13:31:45.061044+02|16781|test|36|1413621271|0|798343038|8242173354|1759437146|1644424937|329411363|229399805|519|0|2|2007998464|0|||0|0|185137428.143|83550173.219|26000561.212|11473|0|0|0|2022-04-11 11:49:02.863296+02
1246|1649676706.077480|2022-04-11 13:31:46.07748+02|16781|test|35|1413698264|0|798388874|8243147604|1759657721|1644580063|329488200|229476642|519|0|2|2007998464|0|||0|0|185169958.814|83568136.309|26009476.468|11475|0|0|0|2022-04-11 11:49:02.863296+02
1247|1649676707.093750|2022-04-11 13:31:47.09375+02|16781|test|36|1413774069|0|798434068|8244105579|1759876808|1644732837|329563846|229552288|519|0|2|2007998464|0|||0|0|185201982.043|83585748.434|26018298.577|11478|0|0|0|2022-04-11 11:49:02.863296+02
1248|1649676708.109083|2022-04-11 13:31:48.109083+02|16781|test|36|1413849455|0|798479109|8245058931|1760094146|1644884737|329639077|229627519|519|0|2|2007998464|0|||0|0|185234002.835|83603445.12|26027069.706|11479|0|0|0|2022-04-11 11:49:02.863296+02
1249|1649676709.125459|2022-04-11 13:31:49.125459+02|16781|test|35|1413924762|0|798523908|8246010708|1760311335|1645036491|329714228|229702670|519|0|2|2007998464|0|||0|0|185266026.951|83621272.271|26035751.182|11481|0|0|0|2022-04-11 11:49:02.863296+02
1250|1649676710.142228|2022-04-11 13:31:50.142228+02|16781|test|36|1413996548|0|798566305|8246919159|1760522318|1645181215|329785856|229774298|519|0|2|2007998464|0|||0|0|185298051.034|83639691.997|26044082.551|11483|0|0|0|2022-04-11 11:49:02.863296+02
1251|1649676711.158156|2022-04-11 13:31:51.158156+02|16781|test|36|1414072660|0|798611632|8247881765|1760741171|1645334579|329861812|229850254|519|0|2|2007998464|0|||0|0|185330073.953|83657462.385|26052784.827|11485|0|0|0|2022-04-11 11:49:02.863296+02
1252|1649676712.174873|2022-04-11 13:31:52.174873+02|16781|test|36|1414149289|0|798657017|8248851195|1760961888|1645489001|329938282|229926724|519|0|2|2007998464|0|||0|0|185362099.094|83674983.652|26061654.6|11488|0|0|0|2022-04-11 11:49:02.863296+02
1253|1649676713.191789|2022-04-11 13:31:53.191789+02|16781|test|36|1414222029|0|798700200|8249772003|1761173923|1645635609|330010867|229999309|519|0|2|2007998464|0|||0|0|185394120.509|83693318.542|26070027.417|11489|0|0|0|2022-04-11 11:49:02.863296+02
1254|1649676714.208281|2022-04-11 13:31:54.208281+02|16781|test|36|1414299236|0|798746242|8250748195|1761395822|1645791187|330087915|230076357|519|0|2|2007998464|0|||0|0|185426147.854|83710671.047|26079025.066|11492|0|0|0|2022-04-11 11:49:02.863296+02
1255|1649676715.224526|2022-04-11 13:31:55.224526+02|16781|test|36|1414375785|0|798791545|8251715763|1761615473|1645945413|330164309|230152751|519|0|2|2007998464|0|||0|0|185458167.689|83728107.161|26087978.89|11493|0|0|0|2022-04-11 11:49:02.863296+02
1256|1649676716.240424|2022-04-11 13:31:56.240424+02|16781|test|36|1414451242|0|798836364|8252670932|1761833813|1646097491|330239607|230228049|519|0|2|2007998464|0|||0|0|185490191.337|83745872.798|26096709.697|11496|0|0|0|2022-04-11 11:49:02.863296+02
1257|1649676717.256016|2022-04-11 13:31:57.256016+02|16781|test|36|1414527683|0|798881740|8253637600|1762053254|1646251501|330315893|230304335|519|0|2|2007998464|0|||0|0|185522209.778|83763376.234|26105591.348|11497|0|0|0|2022-04-11 11:49:02.863296+02
1258|1649676718.272351|2022-04-11 13:31:58.272351+02|16781|test|36|1414598036|0|798923665|8254528169|1762261373|1646393371|330386087|230374529|519|0|2|2007998464|0|||0|0|185554233.572|83782111.819|26113713.879|11500|0|0|0|2022-04-11 11:49:02.863296+02
1259|1649676719.288434|2022-04-11 13:31:59.288434+02|16781|test|36|1414672488|0|798968067|8255469417|1762476815|1646543403|330460384|230448826|519|0|2|2007998464|0|||0|0|185586255.166|83800100.239|26122289.031|11501|0|0|0|2022-04-11 11:49:02.863296+02
1260|1649676720.304120|2022-04-11 13:32:00.30412+02|16781|test|36|1414749327|0|799013428|8256440752|1762697067|1646698221|330537067|230525509|519|0|2|2007998464|0|||0|0|185618276.717|83817574.757|26131195.454|11503|0|0|0|2022-04-11 11:49:02.863296+02
1261|1649676721.320333|2022-04-11 13:32:01.320333+02|16781|test|36|1414826308|0|799058962|8257414627|1762917669|1646853323|330613892|230602334|519|0|2|2007998464|0|||0|0|185650304.264|83834977.235|26140149.99|11505|0|0|0|2022-04-11 11:49:02.863296+02
1262|1649676722.337084|2022-04-11 13:32:02.337084+02|16781|test|36|1414902365|0|799104066|8258376504|1763136355|1647006577|330689793|230678235|519|0|2|2007998464|0|||0|0|185682330.92|83852578.262|26148973.507|11507|0|0|0|2022-04-11 11:49:02.863296+02
1263|1649676723.353918|2022-04-11 13:32:03.353918+02|16781|test|35|1414978113|0|799148894|8259334275|1763354415|1647159213|330765385|230753827|519|0|2|2007998464|0|||0|0|185714353.705|83870302.961|26157714.745|11509|0|0|0|2022-04-11 11:49:02.863296+02
1264|1649676724.370735|2022-04-11 13:32:04.370735+02|16781|test|36|1415047193|0|799190119|8260208823|1763559981|1647298537|330834306|230822748|519|0|2|2007998464|0|||0|0|185746892.022|83890036.826|26165523.488|11512|0|0|0|2022-04-11 11:49:02.863296+02
1265|1649676725.387021|2022-04-11 13:32:05.387021+02|16781|test|36|1415127819|0|799238003|8261227433|1763787025|1647460905|330914779|230903221|519|0|2|2007998464|0|||0|0|185780414.426|83908396.951|26174794.672|11513|0|0|0|2022-04-11 11:49:02.863296+02
1266|1649676726.403107|2022-04-11 13:32:06.403107+02|16781|test|36|1415213413|0|799288811|8262308843|1764024973|1647633233|331000217|230988659|519|0|2|2007998464|0|||0|0|185816437.358|83928251.742|26184684.136|11515|0|0|0|2022-04-11 11:49:02.863296+02
1267|1649676727.418783|2022-04-11 13:32:07.418783+02|16781|test|36|1415289926|0|799334228|8263275722|1764244576|1647787399|331076574|231065016|519|0|2|2007998464|0|||0|0|185848458.585|83945881.066|26193501.357|11517|0|0|0|2022-04-11 11:49:02.863296+02
1268|1649676728.435554|2022-04-11 13:32:08.435554+02|16781|test|36|1415370462|0|799381961|8264293520|1764472286|1647949611|331156954|231145396|519|0|2|2007998464|0|||0|0|185882482.194|83964651.654|26202838.192|11519|0|0|0|2022-04-11 11:49:02.863296+02
1269|1649676729.451536|2022-04-11 13:32:09.451536+02|16781|test|35|1415447281|0|799427892|8265265222|1764691680|1648104377|331233619|231222061|519|0|2|2007998464|0|||0|0|185914504.481|83982060.202|26211806.798|11521|0|0|0|2022-04-11 11:49:02.863296+02
1270|1649676730.467509|2022-04-11 13:32:10.467509+02|16781|test|36|1415525765|0|799474182|8266256765|1764915276|1648262485|331311947|231300389|519|0|2|2007998464|0|||0|0|185947525.754|84000132.154|26220970.016|11523|0|0|0|2022-04-11 11:49:02.863296+02
1271|1649676731.484341|2022-04-11 13:32:11.484341+02|16781|test|36|1415602816|0|799519903|8267230807|1765135989|1648417727|331388842|231377284|519|0|2|2007998464|0|||0|0|185981192.33|84019058.582|26229994.495|11525|0|0|0|2022-04-11 11:49:02.863296+02
1272|1649676732.501194|2022-04-11 13:32:12.501194+02|16781|test|36|1415686386|0|799569642|8268287180|1765369791|1648586007|331472256|231460698|519|0|2|2007998464|0|||0|0|186016716.735|84038662.983|26239743.268|11527|0|0|0|2022-04-11 11:49:02.863296+02
1273|1649676733.517034|2022-04-11 13:32:13.517034+02|16781|test|36|1415764869|0|799616591|8269280083|1765593426|1648744113|331550583|231539025|519|0|2|2007998464|0|||0|0|186049739.708|84056851.311|26248825.936|11529|0|0|0|2022-04-11 11:49:02.863296+02
1274|1649676734.533215|2022-04-11 13:32:14.533215+02|16781|test|36|1415838574|0|799659853|8270212773|1765808313|1648892675|331624130|231612572|519|0|2|2007998464|0|||0|0|186082261.648|84075469.224|26257328.088|11531|0|0|0|2022-04-11 11:49:02.863296+02
1275|1649676735.549821|2022-04-11 13:32:15.549821+02|16781|test|36|1415916185|0|799706054|8271194492|1766030113|1649049037|331701585|231690027|519|0|2|2007998464|0|||0|0|186114282.956|84092714.241|26266388.048|11533|0|0|0|2022-04-11 11:49:02.863296+02
1276|1649676736.565708|2022-04-11 13:32:16.565708+02|16781|test|36|1415991126|0|799750620|8272143483|1766247522|1649200083|331776367|231764809|519|0|2|2007998464|0|||0|0|186146308.044|84110569.629|26275051.372|11536|0|0|0|2022-04-11 11:49:02.863296+02
1277|1649676737.581727|2022-04-11 13:32:17.581727+02|16781|test|36|1416067900|0|799796383|8273113500|1766467653|1649354759|331852986|231841428|519|0|2|2007998464|0|||0|0|186178829.414|84128680.036|26283880.186|11537|0|0|0|2022-04-11 11:49:02.863296+02
1278|1649676738.598519|2022-04-11 13:32:18.598519+02|16781|test|35|1416144105|0|799841450|8274078328|1766686672|1649508309|331929035|231917477|519|0|2|2007998464|0|||0|0|186210851.749|84146231.445|26292756.688|11539|0|0|0|2022-04-11 11:49:02.863296+02
1279|1649676739.614958|2022-04-11 13:32:19.614958+02|16781|test|36|1416218961|0|799885894|8275025655|1766903828|1649659173|332003733|231992175|519|0|2|2007998464|0|||0|0|186242914.777|84164067.534|26301472.408|11541|0|0|0|2022-04-11 11:49:02.863296+02
1280|1649676740.630982|2022-04-11 13:32:20.630982+02|16781|test|36|1416289641|0|799927751|8275920630|1767112643|1649801685|332074255|232062697|519|0|2|2007998464|0|||0|0|186274937.933|84183017.425|26309439.178|11543|0|0|0|2022-04-11 11:49:02.863296+02
1281|1649676741.647476|2022-04-11 13:32:21.647476+02|16781|test|36|1416366667|0|799973525|8276894234|1767333284|1649956877|332151125|232139567|519|0|2|2007998464|0|||0|0|186306959.684|84200435.803|26318373.185|11545|0|0|0|2022-04-11 11:49:02.863296+02
1282|1649676742.663186|2022-04-11 13:32:22.663186+02|16781|test|36|1416443567|0|800019193|8277866311|1767554556|1650111829|332227867|232216309|519|0|2|2007998464|0|||0|0|186338983.013|84217870.957|26327309.589|11547|0|0|0|2022-04-11 11:49:02.863296+02
1283|1649676743.679238|2022-04-11 13:32:23.679238+02|16781|test|36|1416513938|0|800060866|8278757287|1767762673|1650253723|332298080|232286522|519|0|2|2007998464|0|||0|0|186371006.771|84236701.627|26335368.811|11549|0|0|0|2022-04-11 11:49:02.863296+02
1284|1649676744.695059|2022-04-11 13:32:24.695059+02|16781|test|36|1416590520|0|800106592|8279726433|1767982502|1650408027|332374506|232362948|519|0|2|2007998464|0|||0|0|186403028.825|84254318.64|26344179.9|11551|0|0|0|2022-04-11 11:49:02.863296+02
1285|1649676745.710812|2022-04-11 13:32:25.710812+02|16781|test|36|1416664126|0|800150394|8280657640|1768197147|1650556391|332447954|232436396|519|0|2|2007998464|0|||0|0|186435053.238|84272479.038|26352656.874|11553|0|0|0|2022-04-11 11:49:02.863296+02
1286|1649676746.726668|2022-04-11 13:32:26.726668+02|16781|test|36|1416739228|0|800194925|8281607110|1768413904|1650707735|332522900|232511342|519|0|2|2007998464|0|||0|0|186467075.012|84290241.118|26361388.046|11555|0|0|0|2022-04-11 11:49:02.863296+02
1287|1649676747.743520|2022-04-11 13:32:27.74352+02|16781|test|35|1416816493|0|800240922|8282584199|1768634963|1650863405|332600009|232588451|519|0|2|2007998464|0|||0|0|186499097.758|84307524.29|26370408.495|11557|0|0|0|2022-04-11 11:49:02.863296+02
1288|1649676748.760034|2022-04-11 13:32:28.760034+02|16781|test|36|1416892903|0|800286327|8283550085|1768854416|1651017365|332676263|232664705|519|0|2|2007998464|0|||0|0|186531120.022|84325072.152|26379264.197|11559|0|0|0|2022-04-11 11:49:02.863296+02
1289|1649676749.776744|2022-04-11 13:32:29.776744+02|16781|test|36|1416969648|0|800331906|8284521077|1769074535|1651171995|332752852|232741294|519|0|2|2007998464|0|||0|0|186563143.581|84342482.747|26388217.252|11561|0|0|0|2022-04-11 11:49:02.863296+02
1290|1649676750.793078|2022-04-11 13:32:30.793078+02|16781|test|35|1417041282|0|800374508|8285428127|1769284343|1651316403|332824330|232812772|519|0|2|2007998464|0|||0|0|186595167.141|84361037.826|26396449.562|11563|0|0|0|2022-04-11 11:49:02.863296+02
1291|1649676751.808748|2022-04-11 13:32:31.808748+02|16781|test|36|1417115241|0|800418903|8286363106|1769499743|1651465473|332898131|232886573|519|0|2|2007998464|0|||0|0|186627188.704|84379207.486|26404930.97|11565|0|0|0|2022-04-11 11:49:02.863296+02
1292|1649676752.825755|2022-04-11 13:32:32.825755+02|16781|test|36|1417187830|0|800462054|8287280707|1769711463|1651611803|332970563|232959005|519|0|2|2007998464|0|||0|0|186659211.859|84397569.372|26413288.486|11568|0|0|0|2022-04-11 11:49:02.863296+02
1293|1649676753.842880|2022-04-11 13:32:33.84288+02|16781|test|36|1417264841|0|800507857|8288254321|1769932082|1651766965|333047418|233035860|519|0|2|2007998464|0|||0|0|186691234.672|84414988.559|26422213.467|11570|0|0|0|2022-04-11 11:49:02.863296+02
1294|1649676754.860026|2022-04-11 13:32:34.860026+02|16781|test|35|1417341251|0|800553261|8289219976|1770150625|1651920901|333123675|233112117|519|0|2|2007998464|0|||0|0|186723257.358|84432561.487|26431046.827|11571|0|0|0|2022-04-11 11:49:02.863296+02
1295|1649676755.875681|2022-04-11 13:32:35.875681+02|16781|test|36|1417418387|0|800599162|8290196554|1770372369|1652076337|333200652|233189094|519|0|2|2007998464|0|||0|0|186755283.227|84449906.105|26440044.505|11574|0|0|0|2022-04-11 11:49:02.863296+02
1296|1649676756.891374|2022-04-11 13:32:36.891374+02|16781|test|36|1417490876|0|800642063|8291113852|1770583025|1652222431|333272988|233261430|519|0|2|2007998464|0|||0|0|186787304.141|84468122.115|26448514.188|11575|0|0|0|2022-04-11 11:49:02.863296+02
1297|1649676757.907619|2022-04-11 13:32:37.907619+02|16781|test|36|1417567353|0|800687536|8292080825|1770802576|1652376525|333349309|233337751|519|0|2|2007998464|0|||0|0|186819328.548|84485676.321|26457359.913|11577|0|0|0|2022-04-11 11:49:02.863296+02
1298|1649676758.924681|2022-04-11 13:32:38.924681+02|16781|test|36|1417652678|0|800738307|8293158159|1771039909|1652548315|333434478|233422920|519|0|2|2007998464|0|||0|0|186857356.482|84507770.748|26467079.774|11579|0|0|0|2022-04-11 11:49:02.863296+02
1299|1649676759.941242|2022-04-11 13:32:39.941242+02|16781|test|36|1417729794|0|800784285|8294133898|1771260777|1652703687|333511438|233499880|519|0|2|2007998464|0|||0|0|186889379.97|84525095.674|26476092.088|11581|0|0|0|2022-04-11 11:49:02.863296+02
1300|1649676760.957355|2022-04-11 13:32:40.957355+02|16781|test|36|1417811385|0|800833110|8295165453|1771490688|1652868009|333592873|233581315|519|0|2|2007998464|0|||0|0|186923404.111|84543606.869|26485604.032|11583|0|0|0|2022-04-11 11:49:02.863296+02
1301|1649676761.973446|2022-04-11 13:32:41.973446+02|16781|test|36|1417888060|0|800878535|8296135250|1771710675|1653022499|333669392|233657834|519|0|2|2007998464|0|||0|0|186955424.703|84561058.115|26494539.071|11585|0|0|0|2022-04-11 11:49:02.863296+02
1302|1649676762.990022|2022-04-11 13:32:42.990022+02|16781|test|35|1417960117|0|800921451|8297046725|1771921348|1653167753|333741293|233729735|519|0|2|2007998464|0|||0|0|186987722.33|84579771.617|26502844.619|11587|0|0|0|2022-04-11 11:49:02.863296+02
1303|1649676764.007132|2022-04-11 13:32:44.007132+02|16781|test|36|1418041663|0|800969566|8298078006|1772151984|1653332009|333822680|233811122|519|0|2|2007998464|0|||0|0|187022749.39|84599609.877|26512106.562|11590|0|0|0|2022-04-11 11:49:02.863296+02
1304|1649676765.023689|2022-04-11 13:32:45.023689+02|16781|test|36|1418120855|0|801016794|8299078109|1772376977|1653491521|333901717|233890159|519|0|2|2007998464|0|||0|0|187058770.26|84620974.205|26521048.239|11591|0|0|0|2022-04-11 11:49:02.863296+02
1305|1649676766.040430|2022-04-11 13:32:46.04043+02|16781|test|36|1418199093|0|801063245|8300068769|1772600125|1653649137|333979799|233968241|519|0|2|2007998464|0|||0|0|187091293.722|84638643.003|26530147.419|11593|0|0|0|2022-04-11 11:49:02.863296+02
1306|1649676767.057550|2022-04-11 13:32:47.05755+02|16781|test|36|1418275369|0|801108477|8301033071|1772819253|1653802829|334055919|234044361|519|0|2|2007998464|0|||0|0|187123316.855|84656238.923|26538975.93|11595|0|0|0|2022-04-11 11:49:02.863296+02
1307|1649676768.074310|2022-04-11 13:32:48.07431+02|16781|test|36|1418352294|0|801154143|8302006426|1773039726|1653957819|334132688|234121130|519|0|2|2007998464|0|||0|0|187155341.657|84673549.213|26547999.611|11597|0|0|0|2022-04-11 11:49:02.863296+02
1308|1649676769.091002|2022-04-11 13:32:49.091002+02|16781|test|36|1418423018|0|801196287|8302901393|1773247741|1654100407|334203256|234191698|519|0|2|2007998464|0|||0|0|187187363.622|84692371.302|26556049.022|11599|0|0|0|2022-04-11 11:49:02.863296+02
1309|1649676770.107060|2022-04-11 13:32:50.10706+02|16781|test|36|1418500519|0|801242403|8303881989|1773469345|1654256549|334280601|234269043|519|0|2|2007998464|0|||0|0|187219887.6|84710238.741|26565018.909|11601|0|0|0|2022-04-11 11:49:02.863296+02
1310|1649676771.123351|2022-04-11 13:32:51.123351+02|16781|test|36|1418569658|0|801283381|8304757113|1773674193|1654395967|334349584|234338026|519|0|2|2007998464|0|||0|0|187251908.988|84729400.104|26572856.904|11603|0|0|0|2022-04-11 11:49:02.863296+02
1311|1649676772.140168|2022-04-11 13:32:52.140168+02|16781|test|36|1418646676|0|801329082|8305731630|1773894880|1654551143|334426446|234414888|519|0|2|2007998464|0|||0|0|187283930.519|84746799.999|26581807.821|11605|0|0|0|2022-04-11 11:49:02.863296+02
1312|1649676773.157423|2022-04-11 13:32:53.157423+02|16781|test|36|1418723823|0|801374687|8306707578|1774115784|1654706577|334503437|234491879|519|0|2|2007998464|0|||0|0|187315953.718|84764150.244|26590772.02|11607|0|0|0|2022-04-11 11:49:02.863296+02
1313|1649676774.173358|2022-04-11 13:32:54.173358+02|16781|test|36|1418799786|0|801419890|8307668376|1774334325|1654859643|334579244|234567686|519|0|2|2007998464|0|||0|0|187347978.275|84781897.3|26599509.017|11609|0|0|0|2022-04-11 11:49:02.863296+02
1314|1649676775.190742|2022-04-11 13:32:55.190742+02|16781|test|36|1418872600|0|801463235|8308588949|1774546552|1655006411|334651902|234640344|519|0|2|2007998464|0|||0|0|187380303.192|84800341.772|26608014.48|11611|0|0|0|2022-04-11 11:49:02.863296+02
1315|1649676776.206688|2022-04-11 13:32:56.206688+02|16781|test|35|1418949131|0|801508701|8309556983|1774766214|1655160613|334728277|234716719|519|0|2|2007998464|0|||0|0|187412326.488|84817971.582|26616822.433|11613|0|0|0|2022-04-11 11:49:02.863296+02
1316|1649676777.222550|2022-04-11 13:32:57.22255+02|16781|test|35|1419017441|0|801549694|8310421901|1774970205|1655298385|334796429|234784871|519|0|2|2007998464|0|||0|0|187444350.253|84837505.125|26624420.161|11615|0|0|0|2022-04-11 11:49:02.863296+02
1317|1649676778.238412|2022-04-11 13:32:58.238412+02|16781|test|35|1419094198|0|801594930|8311391476|1775190342|1655453039|334873030|234861472|519|0|2|2007998464|0|||0|0|187476371.732|84855046.1|26633272.682|11617|0|0|0|2022-04-11 11:49:02.863296+02
1318|1649676779.254073|2022-04-11 13:32:59.254073+02|16781|test|36|1419171263|0|801640614|8312366115|1775411973|1655608333|334949936|234938378|519|0|2|2007998464|0|||0|0|187508397.191|84872438.818|26642231.249|11620|0|0|0|2022-04-11 11:49:02.863296+02
1319|1649676780.270469|2022-04-11 13:33:00.270469+02|16781|test|36|1419248493|0|801686515|8313342843|1775633046|1655763921|335027011|235015453|519|0|2|2007998464|0|||0|0|187540417.08|84889745.917|26651239.812|11621|0|0|0|2022-04-11 11:49:02.863296+02
1320|1649676781.285993|2022-04-11 13:33:01.285993+02|16781|test|36|1419325494|0|801732391|8314317462|1775853660|1655919063|335103856|235092298|519|0|2|2007998464|0|||0|0|187572438.74|84907061.85|26660263.629|11623|0|0|0|2022-04-11 11:49:02.863296+02
1321|1649676782.301715|2022-04-11 13:33:02.301715+02|16781|test|36|1419398241|0|801775645|8315237330|1776066623|1656065721|335176444|235164886|519|0|2|2007998464|0|||0|0|187604461.144|84925247.299|26668728.983|11626|0|0|0|2022-04-11 11:49:02.863296+02
1322|1649676783.317463|2022-04-11 13:33:03.317463+02|16781|test|36|1419470485|0|801818931|8316151510|1776277665|1656211337|335248533|235236975|519|0|2|2007998464|0|||0|0|187636481.771|84943767.474|26676971.269|11627|0|0|0|2022-04-11 11:49:02.863296+02
1323|1649676784.332871|2022-04-11 13:33:04.332871+02|16781|test|35|1419545533|0|801863623|8317100374|1776494340|1656362573|335323425|235311867|519|0|2|2007998464|0|||0|0|187668504.061|84961568.342|26685665.524|11629|0|0|0|2022-04-11 11:49:02.863296+02
1324|1649676785.349479|2022-04-11 13:33:05.349479+02|16781|test|35|1419622303|0|801909423|8318070582|1776714504|1656517253|335400039|235388481|519|0|2|2007998464|0|||0|0|187700527.735|84979072.343|26694551.089|11631|0|0|0|2022-04-11 11:49:02.863296+02
1325|1649676786.366269|2022-04-11 13:33:06.366269+02|16781|test|36|1419698783|0|801954673|8319037922|1776934056|1656671353|335476363|235464805|519|0|2|2007998464|0|||0|0|187732549.677|84996671.339|26703383.52|11633|0|0|0|2022-04-11 11:49:02.863296+02
1326|1649676787.381250|2022-04-11 13:33:07.38125+02|16781|test|36|1419775284|0|802000129|8320006268|1777153713|1656825495|335552708|235541150|519|0|2|2007998464|0|||0|0|187764579.358|85014161.651|26712307.736|11635|0|0|0|2022-04-11 11:49:02.863296+02
1327|1649676788.395207|2022-04-11 13:33:08.395207+02|16781|test|36|1419847512|0|802043121|8320920289|1777365630|1656971103|335624778|235613220|519|0|2|2007998464|0|||0|0|187796599.91|85032537.764|26720641.59|11637|0|0|0|2022-04-11 11:49:02.863296+02
1328|1649676789.411454|2022-04-11 13:33:09.411454+02|16781|test|36|1419921301|0|802087024|8321853670|1777579756|1657119821|335698411|235686853|519|0|2|2007998464|0|||0|0|187828624.11|85050791.206|26729047.76|11639|0|0|0|2022-04-11 11:49:02.863296+02
1329|1649676790.428103|2022-04-11 13:33:10.428103+02|16781|test|36|1419994823|0|802130630|8322784769|1777794270|1657268017|335771775|235760217|519|0|2|2007998464|0|||0|0|187860647.495|85068908.349|26737562.766|11641|0|0|0|2022-04-11 11:49:02.863296+02
1330|1649676791.444319|2022-04-11 13:33:11.444319+02|16781|test|36|1420072303|0|802176847|8323764967|1778015851|1657424117|335849099|235837541|519|0|2|2007998464|0|||0|0|187892670.101|85086166.018|26746597.696|11643|0|0|0|2022-04-11 11:49:02.863296+02
1331|1649676792.460644|2022-04-11 13:33:12.460644+02|16781|test|36|1420149395|0|802222802|8324740131|1778236678|1657579441|335926035|235914477|519|0|2|2007998464|0|||0|0|187924690.555|85103452.08|26755629.613|11645|0|0|0|2022-04-11 11:49:02.863296+02
1332|1649676793.477026|2022-04-11 13:33:13.477026+02|16781|test|36|1420245312|0|802279904|8325951954|1778495280|1657772415|336021796|236010238|519|0|2|2007998464|0|||0|0|187964717.394|85125266.948|26766778.518|11647|0|0|0|2022-04-11 11:49:02.863296+02
1333|1649676794.493016|2022-04-11 13:33:14.493016+02|16781|test|36|1420316794|0|802322032|8326855442|1778704837|1657916519|336093122|236081564|519|0|2|2007998464|0|||0|0|187996738.913|85143836.506|26775008.276|11649|0|0|0|2022-04-11 11:49:02.863296+02
1334|1649676795.508995|2022-04-11 13:33:15.508995+02|16781|test|36|1420396164|0|802369428|8327858937|1778930202|1658076399|336172336|236160778|519|0|2|2007998464|0|||0|0|188031265.61|85163521.106|26784075.011|11651|0|0|0|2022-04-11 11:49:02.863296+02
1335|1649676796.525216|2022-04-11 13:33:16.525216+02|16781|test|36|1420475373|0|802416757|8328861125|1779156156|1658235981|336251386|236239828|519|0|2|2007998464|0|||0|0|188065305.611|85182513.648|26793290.431|11654|0|0|0|2022-04-11 11:49:02.863296+02
1336|1649676797.541317|2022-04-11 13:33:17.541317+02|16781|test|36|1420559299|0|802466545|8329922552|1779390701|1658404961|336335157|236323599|519|0|2|2007998464|0|||0|0|188100327.833|85201637.017|26803031.911|11655|0|0|0|2022-04-11 11:49:02.863296+02
1337|1649676798.557821|2022-04-11 13:33:18.557821+02|16781|test|36|1420636071|0|802512215|8330893800|1779610822|1658559645|336411773|236400215|519|0|2|2007998464|0|||0|0|188132350.684|85219098.448|26811946.817|11657|0|0|0|2022-04-11 11:49:02.863296+02
1338|1649676799.574196|2022-04-11 13:33:19.574196+02|16781|test|36|1420712242|0|802557641|8331857383|1779830586|1658713151|336487785|236476227|519|0|2|2007998464|0|||0|0|188164375.836|85236695.647|26820793.672|11660|0|0|0|2022-04-11 11:49:02.863296+02
1339|1649676800.589729|2022-04-11 13:33:20.589729+02|16781|test|36|1420784182|0|802600031|8332767603|1780041003|1658858159|336559570|236548012|519|0|2|2007998464|0|||0|0|188196396.026|85255134.521|26829105.392|11661|0|0|0|2022-04-11 11:49:02.863296+02
1340|1649676801.605642|2022-04-11 13:33:21.605642+02|16781|test|36|1420859228|0|802645031|8333716456|1780258557|1659009403|336634458|236622900|519|0|2|2007998464|0|||0|0|188228922.585|85273541.858|26837746.318|11663|0|0|0|2022-04-11 11:49:02.863296+02
1341|1649676802.623698|2022-04-11 13:33:22.623698+02|16781|test|35|1420932925|0|802688813|8334649318|1780472564|1659157937|336707999|236696441|519|0|2|2007998464|0|||0|0|188260948.124|85291633.886|26846265.656|11665|0|0|0|2022-04-11 11:49:02.863296+02
1342|1649676803.639922|2022-04-11 13:33:23.639922+02|16781|test|36|1421009960|0|802734625|8335623752|1780693271|1659313147|336784878|236773320|519|0|2|2007998464|0|||0|0|188292971.675|85309035.999|26855218.502|11667|0|0|0|2022-04-11 11:49:02.863296+02
1343|1649676804.657195|2022-04-11 13:33:24.657195+02|16781|test|36|1421087124|0|802780716|8336599890|1780914282|1659468615|336861886|236850328|519|0|2|2007998464|0|||0|0|188324993.309|85326314.538|26864253.508|11669|0|0|0|2022-04-11 11:49:02.863296+02
1344|1649676805.673702|2022-04-11 13:33:25.673702+02|16781|test|36|1421163905|0|802826239|8337570424|1781134433|1659623317|336938511|236926953|519|0|2|2007998464|0|||0|0|188357018.637|85343703.982|26873225.311|11671|0|0|0|2022-04-11 11:49:02.863296+02
1345|1649676806.690237|2022-04-11 13:33:26.690237+02|16781|test|36|1421238592|0|802870641|8338515813|1781351267|1659773855|337013039|237001481|519|0|2|2007998464|0|||0|0|188389041.682|85361641.461|26881826.111|11674|0|0|0|2022-04-11 11:49:02.863296+02
1346|1649676807.706243|2022-04-11 13:33:27.706243+02|16781|test|36|1421307977|0|802911484|8339393875|1781556602|1659913753|337082269|237070711|519|0|2|2007998464|0|||0|0|188421063.931|85380630.295|26889803.197|11675|0|0|0|2022-04-11 11:49:02.863296+02
1347|1649676808.722582|2022-04-11 13:33:28.722582+02|16781|test|36|1421383007|0|802956245|8340343145|1781773232|1660064953|337157143|237145585|519|0|2|2007998464|0|||0|0|188453084.776|85398502.714|26898448.181|11677|0|0|0|2022-04-11 11:49:02.863296+02
1348|1649676809.739225|2022-04-11 13:33:29.739225+02|16781|test|35|1421460126|0|803002041|8341318385|1781994099|1660220331|337234106|237222548|519|0|2|2007998464|0|||0|0|188485107.707|85415789.174|26907467.257|11679|0|0|0|2022-04-11 11:49:02.863296+02
1349|1649676810.755561|2022-04-11 13:33:30.755561+02|16781|test|36|1421537285|0|803048105|8342294645|1782215987|1660375813|337311106|237299548|519|0|2|2007998464|0|||0|0|188517133.979|85433076.68|26916500.911|11682|0|0|0|2022-04-11 11:49:02.863296+02
1350|1649676811.771775|2022-04-11 13:33:31.771775+02|16781|test|36|1421614517|0|803093933|8343271647|1782437073|1660531405|337388183|237376625|519|0|2|2007998464|0|||0|0|188549152.383|85450326.857|26925564.257|11683|0|0|0|2022-04-11 11:49:02.863296+02
1351|1649676812.787400|2022-04-11 13:33:32.7874+02|16781|test|35|1421690777|0|803139460|8344236231|1782656215|1660685065|337464287|237452729|519|0|2|2007998464|0|||0|0|188581175.468|85467768.484|26934513.751|11685|0|0|0|2022-04-11 11:49:02.863296+02
1352|1649676813.803952|2022-04-11 13:33:33.803952+02|16781|test|36|1421764022|0|803182942|8345163774|1782870142|1660832707|337537374|237525816|519|0|2|2007998464|0|||0|0|188613198.325|85485879.052|26943027.316|11688|0|0|0|2022-04-11 11:49:02.863296+02
1353|1649676814.820008|2022-04-11 13:33:34.820008+02|16781|test|36|1421838736|0|803227561|8346107964|1783086170|1660983275|337611932|237600374|519|0|2|2007998464|0|||0|0|188645227.418|85503935.891|26951558.815|11689|0|0|0|2022-04-11 11:49:02.863296+02
1354|1649676815.836359|2022-04-11 13:33:35.836359+02|16781|test|36|1421915182|0|803272590|8347074634|1783306553|1661137331|337688219|237676661|519|0|2|2007998464|0|||0|0|188677252.301|85521403.225|26960473.895|11692|0|0|0|2022-04-11 11:49:02.863296+02
1355|1649676816.852386|2022-04-11 13:33:36.852386+02|16781|test|36|1421991141|0|803317694|8348035835|1783525064|1661290377|337764023|237752465|519|0|2|2007998464|0|||0|0|188709274.631|85538994.736|26969318.853|11693|0|0|0|2022-04-11 11:49:02.863296+02
1356|1649676817.868208|2022-04-11 13:33:37.868208+02|16781|test|35|1422066661|0|803362887|8348990663|1783742670|1661442557|337839387|237827829|519|0|2|2007998464|0|||0|0|188741294.858|85556712.233|26978075.864|11695|0|0|0|2022-04-11 11:49:02.863296+02
1357|1649676818.884319|2022-04-11 13:33:38.884319+02|16781|test|36|1422139223|0|803406158|8349907991|1783955277|1661588833|337911791|237900233|519|0|2|2007998464|0|||0|0|188773317.636|85574989.823|26986476.103|11697|0|0|0|2022-04-11 11:49:02.863296+02
1358|1649676819.900770|2022-04-11 13:33:39.90077+02|16781|test|36|1422216308|0|803451636|8350882697|1784176038|1661744143|337988720|237977162|519|0|2|2007998464|0|||0|0|188805340.681|85592386.641|26995429.248|11699|0|0|0|2022-04-11 11:49:02.863296+02
1359|1649676820.917127|2022-04-11 13:33:40.917127+02|16781|test|36|1422291322|0|803496193|8351831849|1784393566|1661895323|338063576|238052018|519|0|2|2007998464|0|||0|0|188837363.207|85610370.844|27004013.191|11701|0|0|0|2022-04-11 11:49:02.863296+02
1360|1649676821.933643|2022-04-11 13:33:41.933643+02|16781|test|36|1422363150|0|803538927|8352739906|1784603728|1662040119|338135248|238123690|519|0|2|2007998464|0|||0|0|188869385.485|85628786.116|27012330.269|11703|0|0|0|2022-04-11 11:49:02.863296+02
1361|1649676822.949973|2022-04-11 13:33:42.949973+02|16781|test|36|1422438915|0|803584128|8353698714|1784821854|1662192789|338210857|238199299|519|0|2|2007998464|0|||0|0|188901409.185|85646508.894|27021071.2|11705|0|0|0|2022-04-11 11:49:02.863296+02
1362|1649676823.966755|2022-04-11 13:33:43.966755+02|16781|test|36|1422514306|0|803628924|8354652063|1785039298|1662344711|338286092|238274534|519|0|2|2007998464|0|||0|0|188933432.08|85664265.104|27029793.647|11707|0|0|0|2022-04-11 11:49:02.863296+02
1363|1649676824.983358|2022-04-11 13:33:44.983358+02|16781|test|36|1422592398|0|803675511|8355639021|1785263005|1662502047|338364026|238352468|519|0|2|2007998464|0|||0|0|188966955.509|85682967.73|27038870.457|11709|0|0|0|2022-04-11 11:49:02.863296+02
1364|1649676826.000102|2022-04-11 13:33:46.000102+02|16781|test|35|1422682574|0|803729165|8356777778|1785510107|1662683539|338454046|238442488|519|0|2|2007998464|0|||0|0|189005482.345|85704550.418|27049230.812|11711|0|0|0|2022-04-11 11:49:02.863296+02
1365|1649676827.016387|2022-04-11 13:33:47.016387+02|16781|test|36|1422765074|0|803778337|8357820639|1785742709|1662849703|338536387|238524829|519|0|2|2007998464|0|||0|0|189040005.57|85723468.144|27058776.116|11714|0|0|0|2022-04-11 11:49:02.863296+02
1366|1649676828.032892|2022-04-11 13:33:48.032892+02|16781|test|36|1422841419|0|803823737|8358786217|1785961966|1663003521|338612577|238601019|519|0|2|2007998464|0|||0|0|189072025.483|85740932.672|27067693.717|11715|0|0|0|2022-04-11 11:49:02.863296+02
1367|1649676829.048838|2022-04-11 13:33:49.048838+02|16781|test|36|1422923421|0|803872452|8359823039|1786192646|1663168665|338694423|238682865|519|0|2|2007998464|0|||0|0|189108051.538|85761289.268|27077304.761|11717|0|0|0|2022-04-11 11:49:02.863296+02
1368|1649676830.065474|2022-04-11 13:33:50.065474+02|16781|test|36|1422999915|0|803918110|8360790588|1786413191|1663322817|338770758|238759200|519|0|2|2007998464|0|||0|0|189141078.101|85779903.732|27086109.244|11720|0|0|0|2022-04-11 11:49:02.863296+02
1369|1649676831.082262|2022-04-11 13:33:51.082262+02|16781|test|36|1423072985|0|803961510|8361715538|1786625938|1663470085|338843673|238832115|519|0|2|2007998464|0|||0|0|189173099.09|85798020.292|27094626.731|11721|0|0|0|2022-04-11 11:49:02.863296+02
1370|1649676832.098603|2022-04-11 13:33:52.098603+02|16781|test|36|1423150194|0|804007415|8362691868|1786847009|1663625643|338920726|238909168|519|0|2|2007998464|0|||0|0|189205121.94|85815332.936|27103627.587|11723|0|0|0|2022-04-11 11:49:02.863296+02
1371|1649676833.115696|2022-04-11 13:33:53.115696+02|16781|test|36|1423228412|0|804054156|8363681736|1787070988|1663783243|338998785|238987227|519|0|2|2007998464|0|||0|0|189237647.391|85832937.259|27112769.527|11726|0|0|0|2022-04-11 11:49:02.863296+02
1372|1649676834.132095|2022-04-11 13:33:54.132095+02|16781|test|36|1423304426|0|804099320|8364643045|1787289642|1663936399|339074644|239063086|519|0|2|2007998464|0|||0|0|189269667.649|85850595.078|27121563.449|11727|0|0|0|2022-04-11 11:49:02.863296+02
1373|1649676835.148817|2022-04-11 13:33:55.148817+02|16781|test|36|1423380630|0|804144449|8365606257|1787509545|1664089971|339150689|239139131|519|0|2|2007998464|0|||0|0|189301694.217|85868132.582|27130435.702|11730|0|0|0|2022-04-11 11:49:02.863296+02
1374|1649676836.164820|2022-04-11 13:33:56.16482+02|16781|test|36|1423449577|0|804185622|8366478476|1787713955|1664228993|339219481|239207923|519|0|2|2007998464|0|||0|0|189333715.401|85887151.915|27138382.874|11731|0|0|0|2022-04-11 11:49:02.863296+02
1375|1649676837.181478|2022-04-11 13:33:57.181478+02|16781|test|36|1423525189|0|804230363|8367434442|1787931773|1664381357|339294937|239283379|519|0|2|2007998464|0|||0|0|189365738.82|85904843.057|27147151.666|11733|0|0|0|2022-04-11 11:49:02.863296+02
1376|1649676838.198201|2022-04-11 13:33:58.198201+02|16781|test|36|1423602124|0|804276379|8368406884|1788153085|1664536391|339371713|239360155|519|0|2|2007998464|0|||0|0|189397762.972|85922255.695|27156071.478|11736|0|0|0|2022-04-11 11:49:02.863296+02
1377|1649676839.214338|2022-04-11 13:33:59.214338+02|16781|test|36|1423678332|0|804321856|8369370583|1788372144|1664689935|339447766|239436208|519|0|2|2007998464|0|||0|0|189429783.471|85939906.54|27164866.776|11737|0|0|0|2022-04-11 11:49:02.863296+02
1378|1649676840.230982|2022-04-11 13:34:00.230982+02|16781|test|35|1423755013|0|804367422|8370339384|1788592058|1664844437|339524291|239512733|519|0|2|2007998464|0|||0|0|189461816.857|85957391.849|27173773.402|11739|0|0|0|2022-04-11 11:49:02.863296+02
1379|1649676841.247171|2022-04-11 13:34:01.247171+02|16781|test|36|1423831126|0|804412460|8371302253|1788811735|1664997827|339600245|239588687|519|0|2|2007998464|0|||0|0|189493842.179|85974975.872|27182620.616|11742|0|0|0|2022-04-11 11:49:02.863296+02
1380|1649676842.263421|2022-04-11 13:34:02.263421+02|16781|test|36|1423903372|0|804455422|8372216248|1789022792|1665143447|339672336|239660778|519|0|2|2007998464|0|||0|0|189525862.695|85993371.336|27190954.784|11743|0|0|0|2022-04-11 11:49:02.863296+02
1381|1649676843.279763|2022-04-11 13:34:03.279763+02|16781|test|36|1423979158|0|804500772|8373174605|1789241841|1665296183|339747963|239736405|519|0|2|2007998464|0|||0|0|189557885.885|86011168.992|27199652.474|11746|0|0|0|2022-04-11 11:49:02.863296+02
1382|1649676844.296625|2022-04-11 13:34:04.296625+02|16781|test|36|1424053653|0|804545123|8374117026|1789457437|1665446301|339822303|239810745|519|0|2|2007998464|0|||0|0|189589907.826|86029255.586|27208167.257|11747|0|0|0|2022-04-11 11:49:02.863296+02
1383|1649676845.313525|2022-04-11 13:34:05.313525+02|16781|test|35|1424129396|0|804590080|8375076163|1789675540|1665598927|339897890|239886332|519|0|2|2007998464|0|||0|0|189621929.35|86046989.992|27216916.058|11749|0|0|0|2022-04-11 11:49:02.863296+02
1384|1649676846.330104|2022-04-11 13:34:06.330104+02|16781|test|36|1424205368|0|804635176|8376037817|1789895031|1665752035|339973703|239962145|519|0|2|2007998464|0|||0|0|189653955.757|86064464.013|27225845.718|11752|0|0|0|2022-04-11 11:49:02.863296+02
1385|1649676847.346888|2022-04-11 13:34:07.346888+02|16781|test|36|1424278231|0|804678636|8376959535|1790107353|1665898889|340046411|240034853|519|0|2|2007998464|0|||0|0|189685975.046|86082656.14|27234306.985|11753|0|0|0|2022-04-11 11:49:02.863296+02
1386|1649676848.363216|2022-04-11 13:34:08.363216+02|16781|test|35|1424355423|0|804724313|8377935223|1790328369|1666054413|340123447|240111889|519|0|2|2007998464|0|||0|0|189717998.153|86099975.124|27243315.514|11755|0|0|0|2022-04-11 11:49:02.863296+02
1387|1649676849.379556|2022-04-11 13:34:09.379556+02|16781|test|36|1424431600|0|804769763|8378898734|1790548249|1666207919|340199466|240187908|519|0|2|2007998464|0|||0|0|189750021.644|86117487.883|27252202.558|11757|0|0|0|2022-04-11 11:49:02.863296+02
1388|1649676850.396406|2022-04-11 13:34:10.396406+02|16781|test|36|1424503759|0|804812704|8379811978|1790759187|1666353377|340271469|240259911|519|0|2|2007998464|0|||0|0|189782200.813|86135963.771|27260590.27|11759|0|0|0|2022-04-11 11:49:02.863296+02
1389|1649676851.413185|2022-04-11 13:34:11.413185+02|16781|test|35|1424579359|0|804857767|8380768492|1790977019|1666505717|340346913|240335355|519|0|2|2007998464|0|||0|0|189814223.454|86153711.148|27269327.635|11761|0|0|0|2022-04-11 11:49:02.863296+02
1390|1649676852.429016|2022-04-11 13:34:12.429016+02|16781|test|36|1424654537|0|804902410|8381719527|1791194839|1666657225|340421933|240410375|519|0|2|2007998464|0|||0|0|189846247.48|86171418.542|27278097.562|11763|0|0|0|2022-04-11 11:49:02.863296+02
1391|1649676853.445400|2022-04-11 13:34:13.4454+02|16781|test|36|1424727473|0|804945875|8382642656|1791407321|1666804237|340494713|240483155|519|0|2|2007998464|0|||0|0|189878268.749|86189730.029|27286488.354|11765|0|0|0|2022-04-11 11:49:02.863296+02
1392|1649676854.461519|2022-04-11 13:34:14.461519+02|16781|test|36|1424804707|0|804991572|8383619187|1791629289|1666959869|340571788|240560230|519|0|2|2007998464|0|||0|0|189910293.939|86207060.955|27295500.229|11768|0|0|0|2022-04-11 11:49:02.863296+02
1393|1649676855.477944|2022-04-11 13:34:15.477944+02|16781|test|35|1424881553|0|805037245|8384591776|1791848737|1667114677|340648481|240636923|519|0|2|2007998464|0|||0|0|189942313.878|86224441.877|27304480.342|11769|0|0|0|2022-04-11 11:49:02.863296+02
1394|1649676856.493232|2022-04-11 13:34:16.493232+02|16781|test|36|1424957481|0|805082538|8385552041|1792068112|1667267685|340724251|240712693|519|0|2|2007998464|0|||0|0|189974336.246|86242043.114|27313324.345|11771|0|0|0|2022-04-11 11:49:02.863296+02
1395|1649676857.509299|2022-04-11 13:34:17.509299+02|16781|test|36|1425028314|0|805124705|8386448290|1792276289|1667410491|340794928|240783370|519|0|2|2007998464|0|||0|0|190006360.838|86260719.95|27321492.344|11773|0|0|0|2022-04-11 11:49:02.863296+02
1396|1649676858.525559|2022-04-11 13:34:18.525559+02|16781|test|36|1425120021|0|805179385|8387607262|1792526496|1667595045|340886479|240874921|519|0|2|2007998464|0|||0|0|190046388.726|86283565.645|27331978.82|11775|0|0|0|2022-04-11 11:49:02.863296+02
1397|1649676859.541802|2022-04-11 13:34:19.541802+02|16781|test|35|1425202784|0|805228587|8388653915|1792758718|1667761711|340969086|240957528|519|0|2|2007998464|0|||0|0|190080912.695|86302359.527|27341602.134|11777|0|0|0|2022-04-11 11:49:02.863296+02
1398|1649676860.557976|2022-04-11 13:34:20.557976+02|16781|test|36|1425289034|0|805279818|8389744183|1792998865|1667935363|341055178|241043620|519|0|2|2007998464|0|||0|0|190116938.556|86321924.881|27351699.042|11779|0|0|0|2022-04-11 11:49:02.863296+02
1399|1649676861.573782|2022-04-11 13:34:21.573782+02|16781|test|36|1425368160|0|805326751|8390744778|1793223787|1668094755|341134148|241122590|519|0|2|2007998464|0|||0|0|190149961.346|86339938.135|27360893.921|11781|0|0|0|2022-04-11 11:49:02.863296+02
1400|1649676862.590365|2022-04-11 13:34:22.590365+02|16781|test|35|1425444355|0|805372212|8391707751|1793442793|1668248285|341210187|241198629|519|0|2|2007998464|0|||0|0|190181984.555|86357400.042|27369820.56|11783|0|0|0|2022-04-11 11:49:02.863296+02
1401|1649676863.606401|2022-04-11 13:34:23.606401+02|16781|test|36|1425516723|0|805415560|8392623244|1793654970|1668394173|341282397|241270839|519|0|2|2007998464|0|||0|0|190214006.612|86375842.173|27378109.877|11785|0|0|0|2022-04-11 11:49:02.863296+02
1402|1649676864.622678|2022-04-11 13:34:24.622678+02|16781|test|36|1425592027|0|805460327|8393575983|1793872237|1668545921|341357545|241345987|519|0|2|2007998464|0|||0|0|190246030.164|86393739.687|27386740.848|11787|0|0|0|2022-04-11 11:49:02.863296+02
1403|1649676865.639054|2022-04-11 13:34:25.639054+02|16781|test|36|1425669525|0|805506535|8394554974|1794094729|1668702069|341434885|241423327|519|0|2|2007998464|0|||0|0|190278556.766|86411522.982|27395773.253|11790|0|0|0|2022-04-11 11:49:02.863296+02
1404|1649676866.655695|2022-04-11 13:34:26.655695+02|16781|test|36|1425745056|0|805551318|8395510366|1794312445|1668854271|341510260|241498702|519|0|2|2007998464|0|||0|0|190310580.557|86429171.983|27404576.481|11791|0|0|0|2022-04-11 11:49:02.863296+02
1405|1649676867.671979|2022-04-11 13:34:27.671979+02|16781|test|35|1425821436|0|805597072|8396476530|1794531841|1669008171|341586484|241574926|519|0|2|2007998464|0|||0|0|190342602.35|86446608.848|27413513.575|11793|0|0|0|2022-04-11 11:49:02.863296+02
1406|1649676868.688000|2022-04-11 13:34:28.688+02|16781|test|36|1425893099|0|806497238|8398241435|1794743429|1669152945|341657987|241646429|519|0|2|2007998464|0|||0|0|190374628.492|86464929.802|27421931.423|11795|0|0|0|2022-04-11 11:49:02.863296+02
1407|1649676869.704158|2022-04-11 13:34:29.704158+02|16781|test|36|1425970195|0|806543248|8399223114|1794965200|1669308289|341734926|241723368|519|0|2|2007998464|0|||0|0|190406651.001|86482101.253|27431043.691|11798|0|0|0|2022-04-11 11:49:02.863296+02
1408|1649676870.720454|2022-04-11 13:34:30.720454+02|16781|test|36|1426046761|0|806588927|8400204659|1795186739|1669462549|341811337|241799779|519|0|2|2007998464|0|||0|0|190438673.295|86499415.468|27440067.054|11799|0|0|0|2022-04-11 11:49:02.863296+02
1409|1649676871.737235|2022-04-11 13:34:31.737235+02|16781|test|36|1426120660|0|806633020|8401157727|1795403757|1669611499|341885079|241873521|519|0|2|2007998464|0|||0|0|190470698.163|86517255.595|27448766.634|11802|0|0|0|2022-04-11 11:49:02.863296+02
1410|1649676872.753183|2022-04-11 13:34:32.753183+02|16781|test|36|1426196740|0|806678481|8402144954|1795626013|1669764787|341961004|241949446|519|0|2|2007998464|0|||0|0|190502716.94|86534712.236|27457706.24|11803|0|0|0|2022-04-11 11:49:02.863296+02
1411|1649676873.769684|2022-04-11 13:34:33.769684+02|16781|test|36|1426270963|0|806722933|8403113187|1795845211|1669914385|342035070|242023512|519|0|2|2007998464|0|||0|0|190534744.782|86552514.763|27466438.324|11806|0|0|0|2022-04-11 11:49:02.863296+02
1412|1649676874.786495|2022-04-11 13:34:34.786495+02|16781|test|36|1426344289|0|806766809|8404077011|1796063456|1670062165|342108241|242096683|519|0|2|2007998464|0|||0|0|190566766.14|86570562.918|27474996.381|11807|0|0|0|2022-04-11 11:49:02.863296+02
1413|1649676875.802144|2022-04-11 13:34:35.802144+02|16781|test|36|1426421362|0|806812936|8405096364|1796290392|1670217451|342185158|242173600|519|0|2|2007998464|0|||0|0|190598788.631|86587830.869|27484060.503|11809|0|0|0|2022-04-11 11:49:02.863296+02
1414|1649676876.819174|2022-04-11 13:34:36.819174+02|16781|test|36|1426498469|0|806859323|8406119918|1796517995|1670372805|342262109|242250551|519|0|2|2007998464|0|||0|0|190630810.722|86605200.022|27493034.976|11811|0|0|0|2022-04-11 11:49:02.863296+02
1415|1649676877.835888|2022-04-11 13:34:37.835888+02|16781|test|35|1426575502|0|806905509|8407149839|1796746561|1670528011|342338986|242327428|519|0|2|2007998464|0|||0|0|190662833.191|86622602.409|27501992.879|11813|0|0|0|2022-04-11 11:49:02.863296+02
1416|1649676878.851374|2022-04-11 13:34:38.851374+02|16781|test|36|1426650419|0|806950698|8408155304|1796972035|1670678997|342413745|242402187|519|0|2|2007998464|0|||0|0|190694852.771|86640663.113|27510520.392|11815|0|0|0|2022-04-11 11:49:02.863296+02
1417|1649676879.867477|2022-04-11 13:34:39.867477+02|16781|test|36|1426720752|0|806992582|8409108259|1797187902|1670820803|342483922|242472364|519|0|2|2007998464|0|||0|0|190726875.756|86659406.66|27518645.886|11817|0|0|0|2022-04-11 11:49:02.863296+02
1418|1649676880.883995|2022-04-11 13:34:40.883995+02|16781|test|34|1426797200|0|807335188|8410135929|1797389074|1670975012|342560301|242548723|545|0|2|2007998464|0|||0|0|190758903.369|86676729.373|27527666.101|11820|0|0|0|2022-04-11 11:49:02.863296+02
1419|1649676881.911185|2022-04-11 13:34:41.911185+02|16781|test|34|1426875469|0|807382046|8411118244|1797546772|1671131778|342638566|242626988|545|0|2|2007998464|0|||0|0|190790935.887|86694165.308|27536586.77|11822|0|0|0|2022-04-11 11:49:02.863296+02
1420|1649676882.938032|2022-04-11 13:34:42.938032+02|16781|test|34|1426953884|0|807428863|8412102437|1797704686|1671288836|342716977|242705399|545|0|2|2007998464|0|||0|0|190822967.879|86711534.097|27545551.772|11824|0|0|0|2022-04-11 11:49:02.863296+02
1421|1649676883.965455|2022-04-11 13:34:43.965455+02|16781|test|34|1427032497|0|807475785|8413089738|1797863106|1671446290|342795586|242784008|545|0|2|2007998464|0|||0|0|190855000.229|86728850.5|27554544.502|11826|0|0|0|2022-04-11 11:49:02.863296+02
1422|1649676884.992964|2022-04-11 13:34:44.992964+02|16781|test|34|1427109846|0|807521967|8414061879|1798018972|1671601216|342872931|242861353|545|0|2|2007998464|0|||0|0|190887034.114|86746541.252|27563315.868|11828|0|0|0|2022-04-11 11:49:02.863296+02
1423|1649676886.020306|2022-04-11 13:34:46.020306+02|16781|test|34|1427205828|0|807579234|8415267237|1798212204|1671793408|342968909|242957331|545|0|2|2007998464|0|||0|0|190927070.184|86768735.779|27574217.355|11830|0|0|0|2022-04-11 11:49:02.863296+02
1424|1649676887.047428|2022-04-11 13:34:47.047428+02|16781|test|34|1427286673|0|807627523|8416281918|1798375066|1671955326|343049750|243038172|545|0|2|2007998464|0|||0|0|190961605.235|86788447.409|27583241.462|11832|0|0|0|2022-04-11 11:49:02.863296+02
1425|1649676888.074768|2022-04-11 13:34:48.074768+02|16781|test|34|1427374871|0|807680263|8417389278|1798552689|1672131950|343137944|243126366|545|0|2|2007998464|0|||0|0|190998639.437|86809142.385|27593234.254|11834|0|0|0|2022-04-11 11:49:02.863296+02
1426|1649676889.101424|2022-04-11 13:34:49.101424+02|16781|test|34|1427451904|0|807726270|8418356434|1798707934|1672286244|343214973|243203395|545|0|2|2007998464|0|||0|0|191030670.138|86826829.804|27601993.747|11836|0|0|0|2022-04-11 11:49:02.863296+02
1427|1649676890.128120|2022-04-11 13:34:50.12812+02|16781|test|34|1427529032|0|807772532|8419324844|1798863306|1672440728|343292097|243280519|545|0|2|2007998464|0|||0|0|191062706.078|86844648.548|27610661.653|11838|0|0|0|2022-04-11 11:49:02.863296+02
1428|1649676891.154496|2022-04-11 13:34:51.154496+02|16781|test|34|1427603910|0|807817236|8420264640|1799014136|1672590712|343366971|243355393|545|0|2|2007998464|0|||0|0|191095240.503|86863404.2|27619066.118|11840|0|0|0|2022-04-11 11:49:02.863296+02
1429|1649676892.181454|2022-04-11 13:34:52.181454+02|16781|test|34|1427681571|0|807863511|8421239992|1799170587|1672746262|343444628|243433050|545|0|2|2007998464|0|||0|0|191127270.37|86880959.971|27627898.189|11842|0|0|0|2022-04-11 11:49:02.863296+02
1430|1649676893.208883|2022-04-11 13:34:53.208883+02|16781|test|34|1427759299|0|807910221|8422215265|1799327140|1672901946|343522352|243510774|545|0|2|2007998464|0|||0|0|191159303.458|86898430.269|27636805.132|11844|0|0|0|2022-04-11 11:49:02.863296+02
1431|1649676894.236424|2022-04-11 13:34:54.236424+02|16781|test|34|1427835660|0|807955642|8423173775|1799480904|1673054896|343598709|243587131|545|0|2|2007998464|0|||0|0|191191336.214|86916199.801|27645528.074|11846|0|0|0|2022-04-11 11:49:02.863296+02
1432|1649676895.263976|2022-04-11 13:34:55.263976+02|16781|test|34|1427910627|0|808000424|8424115053|1799631917|1673205058|343673672|243662094|545|0|2|2007998464|0|||0|0|191223370.211|86934311.459|27654041.683|11848|0|0|0|2022-04-11 11:49:02.863296+02
1433|1649676896.290883|2022-04-11 13:34:56.290883+02|16781|test|34|1427988061|0|808046364|8425087678|1799788738|1673360165|343751100|243739522|545|0|2|2007998464|0|||0|0|191255404.563|86952017.635|27662791.15|11850|0|0|0|2022-04-11 11:49:02.863296+02
1434|1649676897.316826|2022-04-11 13:34:57.316826+02|16781|test|34|1428060586|0|808089544|8425998421|1799934850|1673505443|343823621|243812043|545|0|2|2007998464|0|||0|0|191287436.344|86970778.845|27670869.061|11852|0|0|0|2022-04-11 11:49:02.863296+02
1435|1649676898.343788|2022-04-11 13:34:58.343788+02|16781|test|34|1428139216|0|808136313|8426985559|1800093195|1673662931|343902247|243890669|545|0|2|2007998464|0|||0|0|191319467.138|86988133.613|27679829.133|11854|0|0|0|2022-04-11 11:49:02.863296+02
1436|1649676899.371237|2022-04-11 13:34:59.371237+02|16781|test|34|1428217915|0|808182865|8427973877|1800251707|1673820557|343980942|243969364|545|0|2|2007998464|0|||0|0|191351499.656|87005416.683|27688838.597|11856|0|0|0|2022-04-11 11:49:02.863296+02
1437|1649676900.398722|2022-04-11 13:35:00.398722+02|16781|test|34|1428295576|0|808229222|8428949487|1800408126|1673976107|344058599|244047021|545|0|2|2007998464|0|||0|0|191383533.19|87022927.512|27697711.757|11858|0|0|0|2022-04-11 11:49:02.863296+02
1438|1649676901.425821|2022-04-11 13:35:01.425821+02|16781|test|34|1428372978|0|808275491|8429921882|1800564036|1674131139|344135997|244124419|545|0|2|2007998464|0|||0|0|191415565.363|87040556.519|27706501.805|11860|0|0|0|2022-04-11 11:49:02.863296+02
1439|1649676902.452970|2022-04-11 13:35:02.45297+02|16781|test|34|1428448851|0|808320550|8430874095|1800716873|1674283113|344211866|244200288|545|0|2|2007998464|0|||0|0|191447598.655|87058407.469|27715179.224|11862|0|0|0|2022-04-11 11:49:02.863296+02
1440|1649676903.479734|2022-04-11 13:35:03.479734+02|16781|test|34|1428522915|0|808364690|8431802498|1800866079|1674431469|344285926|244274348|545|0|2|2007998464|0|||0|0|191479630.543|87076746.737|27723535.563|11864|0|0|0|2022-04-11 11:49:02.863296+02
1441|1649676904.506112|2022-04-11 13:35:04.506112+02|16781|test|34|1428601354|0|808411584|8432787179|1801024099|1674588575|344364361|244352783|545|0|2|2007998464|0|||0|0|191511661.885|87094203.388|27732432.894|11866|0|0|0|2022-04-11 11:49:02.863296+02
1442|1649676905.533606|2022-04-11 13:35:05.533606+02|16781|test|34|1428699773|0|808470152|8434021676|1801222292|1674785641|344462776|244451198|545|0|2|2007998464|0|||0|0|191551699.174|87115837.657|27743688.817|11868|0|0|0|2022-04-11 11:49:02.863296+02
1443|1649676906.561429|2022-04-11 13:35:06.561429+02|16781|test|34|1428783985|0|808520903|8435078065|1801391824|1674954293|344546984|244535406|545|0|2|2007998464|0|||0|0|191586238.363|87134603.487|27753333.306|11870|0|0|0|2022-04-11 11:49:02.863296+02
1444|1649676907.588810|2022-04-11 13:35:07.58881+02|16781|test|34|1428870284|0|808572225|8436161087|1801565565|1675127119|344633279|244621701|545|0|2|2007998464|0|||0|0|191623272.682|87155724.882|27763043.121|11872|0|0|0|2022-04-11 11:49:02.863296+02
1445|1649676908.616227|2022-04-11 13:35:08.616227+02|16781|test|34|1428944328|0|808616337|8437090144|1801714755|1675275435|344707319|244695741|545|0|2|2007998464|0|||0|0|191655304.694|87174042.774|27771422.503|11874|0|0|0|2022-04-11 11:49:02.863296+02
1446|1649676909.644317|2022-04-11 13:35:09.644317+02|16781|test|34|1429022629|0|808663135|8438073083|1801872487|1675432265|344785616|244774038|545|0|2|2007998464|0|||0|0|191687336.951|87191478.054|27780338.951|11876|0|0|0|2022-04-11 11:49:02.863296+02
1447|1649676910.671353|2022-04-11 13:35:10.671353+02|16781|test|34|1429062962|0|808687048|8438579880|1801953812|1675513147|344825946|244814368|545|0|2|2007998464|0|||0|0|191703860.708|87200455.127|27784955.937|11877|0|0|0|2022-04-11 11:49:02.863296+02
1448|1649676911.687450|2022-04-11 13:35:11.68745+02|16781|test|34|1429179855|0|808756825|8440046871|1802189958|1675747184|344942832|244931254|545|0|2|2007998464|0|||0|0|191751893.214|87226788.065|27798217.838|11880|0|0|0|2022-04-11 11:49:02.863296+02
1449|1649676912.713684|2022-04-11 13:35:12.713684+02|16781|test|34|1429257566|0|808803360|8441022945|1802346511|1675902834|345020539|245008961|545|0|2|2007998464|0|||0|0|191783926.242|87244292.36|27807101.392|11882|0|0|0|2022-04-11 11:49:02.863296+02
1450|1649676913.740062|2022-04-11 13:35:13.740062+02|16781|test|34|1429334235|0|808849011|8441984696|1802500918|1676056400|345097204|245085626|545|0|2|2007998464|0|||0|0|191815957.98|87262117.601|27815772.681|11884|0|0|0|2022-04-11 11:49:02.863296+02
1451|1649676914.767464|2022-04-11 13:35:14.767464+02|16781|test|34|1429410519|0|808894564|8442942266|1802654561|1676209196|345173484|245161906|545|0|2|2007998464|0|||0|0|191847989.224|87280039.191|27824396.239|11886|0|0|0|2022-04-11 11:49:02.863296+02
1452|1649676915.793796|2022-04-11 13:35:15.793796+02|16781|test|34|1429488259|0|808940852|8443918541|1802811110|1676364904|345251220|245239642|545|0|2|2007998464|0|||0|0|191880022.707|87297536.525|27833273.235|11888|0|0|0|2022-04-11 11:49:02.863296+02
1453|1649676916.820785|2022-04-11 13:35:16.820785+02|16781|test|34|1429565775|0|808987241|8444891662|1802967180|1676520164|345328732|245317154|545|0|2|2007998464|0|||0|0|191912056.801|87315091.465|27842120.707|11890|0|0|0|2022-04-11 11:49:02.863296+02
1454|1649676917.847304|2022-04-11 13:35:17.847304+02|16781|test|34|1429643427|0|809033908|8445866659|1803123592|1676675696|345406380|245394802|545|0|2|2007998464|0|||0|0|191944088.261|87332580.537|27851017.522|11892|0|0|0|2022-04-11 11:49:02.863296+02
1455|1649676918.873661|2022-04-11 13:35:18.873661+02|16781|test|34|1429716872|0|809077901|8446787894|1803271444|1676822814|345479821|245468243|545|0|2|2007998464|0|||0|0|191976121.026|87351007.287|27859328.121|11894|0|0|0|2022-04-11 11:49:02.863296+02
1456|1649676919.901113|2022-04-11 13:35:19.901113+02|16781|test|34|1429794944|0|809124597|8447767732|1803428682|1676979186|345557889|245546311|545|0|2|2007998464|0|||0|0|192008151.811|87368484.103|27868221.722|11896|0|0|0|2022-04-11 11:49:02.863296+02
1457|1649676920.928132|2022-04-11 13:35:20.928132+02|16781|test|34|1429870284|0|809169583|8448713573|1803580400|1677130094|345633225|245621647|545|0|2|2007998464|0|||0|0|192040185.991|87386712.471|27876638.152|11898|0|0|0|2022-04-11 11:49:02.863296+02
1458|1649676921.955232|2022-04-11 13:35:21.955232+02|16781|test|34|1429946988|0|809215203|8449675819|1803734842|1677283730|345709925|245698347|545|0|2|2007998464|0|||0|0|192072218.402|87404496.975|27885355.448|11900|0|0|0|2022-04-11 11:49:02.863296+02
1459|1649676922.981859|2022-04-11 13:35:22.981859+02|16781|test|34|1430024757|0|809261400|8450652611|1803891472|1677439496|345787690|245776112|545|0|2|2007998464|0|||0|0|192104254|87422028.764|27894208.962|11902|0|0|0|2022-04-11 11:49:02.863296+02
1460|1649676924.009221|2022-04-11 13:35:24.009221+02|16781|test|34|1430101772|0|809307553|8451618923|1804046582|1677593754|345864701|245853123|545|0|2|2007998464|0|||0|0|192136286.954|87439722.532|27902976.004|11904|0|0|0|2022-04-11 11:49:02.863296+02
1461|1649676925.036825|2022-04-11 13:35:25.036825+02|16781|test|34|1430193478|0|809362325|8452769508|1804231242|1677777394|345956403|245944825|545|0|2|2007998464|0|||0|0|192176325.376|87462896.695|27913254.929|11906|0|0|0|2022-04-11 11:49:02.863296+02
1462|1649676926.063746|2022-04-11 13:35:26.063746+02|16781|test|34|1430277826|0|809412436|8453828261|1804401990|1677946329|346040745|246029167|545|0|2|2007998464|0|||0|0|192210858.881|87481758.005|27922835.341|11908|0|0|0|2022-04-11 11:49:02.863296+02
1463|1649676927.090342|2022-04-11 13:35:27.090342+02|16781|test|34|1430367323|0|809466023|8454951504|1804582232|1678125551|346130238|246118660|545|0|2|2007998464|0|||0|0|192247391.261|87501530.47|27933092.302|11910|0|0|0|2022-04-11 11:49:02.863296+02
1464|1649676928.117442|2022-04-11 13:35:28.117442+02|16781|test|34|1430445272|0|809512767|8455930181|1804739194|1678281677|346208183|246196605|545|0|2|2007998464|0|||0|0|192279925.236|87519502.951|27941997.303|11912|0|0|0|2022-04-11 11:49:02.863296+02
1465|1649676929.144370|2022-04-11 13:35:29.14437+02|16781|test|34|1430520725|0|809558069|8456877107|1804891106|1678432811|346283632|246272054|545|0|2|2007998464|0|||0|0|192311960.267|87537521.937|27950557.528|11914|0|0|0|2022-04-11 11:49:02.863296+02
1466|1649676930.171928|2022-04-11 13:35:30.171928+02|16781|test|34|1430596376|0|809603088|8457825929|1805043447|1678584341|346359279|246347701|545|0|2|2007998464|0|||0|0|192344492.545|87555908.976|27959202.45|11916|0|0|0|2022-04-11 11:49:02.863296+02
1467|1649676931.199104|2022-04-11 13:35:31.199104+02|16781|test|33|1430674483|0|812986046|8465288870|1805203297|1678742126|346437378|246425800|545|0|2|2007998464|0|||0|0|192376524.234|87573205.762|27968207.779|11918|0|0|0|2022-04-11 11:49:02.863296+02
1468|1649676932.225586|2022-04-11 13:35:32.225586+02|16781|test|33|1430752854|0|813033347|8466272648|1805361048|1678899096|346515745|246504167|545|0|2|2007998464|0|||0|0|192408556.364|87590769.639|27977044.754|11920|0|0|0|2022-04-11 11:49:02.863296+02
1469|1649676933.252361|2022-04-11 13:35:33.252361+02|16781|test|33|1430831257|0|813080431|8467257388|1805518952|1679056130|346594144|246582566|545|0|2|2007998464|0|||0|0|192440589.723|87608251.504|27985940.903|11922|0|0|0|2022-04-11 11:49:02.863296+02
1470|1649676934.279313|2022-04-11 13:35:34.279313+02|16781|test|33|1430910158|0|813127610|8468248136|1805677884|1679214160|346673041|246661463|545|0|2|2007998464|0|||0|0|192472622.109|87625597.429|27994918.369|11924|0|0|0|2022-04-11 11:49:02.863296+02
1471|1649676935.306461|2022-04-11 13:35:35.306461+02|16781|test|33|1430988444|0|813174550|8469231417|1805835517|1679370960|346751323|246739745|545|0|2|2007998464|0|||0|0|192504655.488|87643046.978|28003837.077|11926|0|0|0|2022-04-11 11:49:02.863296+02
1472|1649676936.333765|2022-04-11 13:35:36.333765+02|16781|test|33|1431065389|0|813221011|8470196553|1805990485|1679525078|346828264|246816686|545|0|2|2007998464|0|||0|0|192536686.599|87660984.734|28012432.597|11928|0|0|0|2022-04-11 11:49:02.863296+02
1473|1649676937.360230|2022-04-11 13:35:37.36023+02|16781|test|33|1431142824|0|813267277|8471168430|1806146420|1679680176|346905695|246894117|545|0|2|2007998464|0|||0|0|192568718.565|87678776.036|28021117.985|11930|0|0|0|2022-04-11 11:49:02.863296+02
1474|1649676938.386446|2022-04-11 13:35:38.386446+02|16781|test|33|1431220583|0|813313974|8472144900|1806303027|1679835922|346983450|246971872|545|0|2|2007998464|0|||0|0|192600750.278|87696411.4|28029900.391|11932|0|0|0|2022-04-11 11:49:02.863296+02
1475|1649676939.413931|2022-04-11 13:35:39.413931+02|16781|test|33|1431298451|0|813360702|8473122391|1806459815|1679991886|347061314|247049736|545|0|2|2007998464|0|||0|0|192632783.152|87713991.808|28038718.581|11934|0|0|0|2022-04-11 11:49:02.863296+02
1476|1649676940.440872|2022-04-11 13:35:40.440872+02|16781|test|33|1431372512|0|813405336|8474051947|1806608963|1680140236|347135371|247123793|545|0|2|2007998464|0|||0|0|192664824.47|87732281.171|28047112.93|11936|0|0|0|2022-04-11 11:49:02.863296+02
1477|1649676941.467589|2022-04-11 13:35:41.467589+02|16781|test|33|1431450975|0|813452630|8475036170|1806766976|1680297390|347213830|247202252|545|0|2|2007998464|0|||0|0|192696857.105|87749737.55|28056010.079|11938|0|0|0|2022-04-11 11:49:02.863296+02
1478|1649676942.494188|2022-04-11 13:35:42.494188+02|16781|test|33|1431529911|0|813499990|8476026921|1806925976|1680455490|347292762|247281184|545|0|2|2007998464|0|||0|0|192728888.809|87767110.365|28064961.277|11940|0|0|0|2022-04-11 11:49:02.863296+02
1479|1649676943.521614|2022-04-11 13:35:43.521614+02|16781|test|33|1431608695|0|813546993|8477016716|1807084652|1680613286|347371542|247359964|545|0|2|2007998464|0|||0|0|192760923.437|87784500.253|28073916.57|11942|0|0|0|2022-04-11 11:49:02.863296+02
1480|1649676944.548456|2022-04-11 13:35:44.548456+02|16781|test|33|1431705979|0|813605315|8478237802|1807280556|1680808082|347468822|247457244|545|0|2|2007998464|0|||0|0|192800960.094|87806442.187|28084974.616|11944|0|0|0|2022-04-11 11:49:02.863296+02
1481|1649676945.575219|2022-04-11 13:35:45.575219+02|16781|test|33|1431789960|0|813656036|8479292057|1807449694|1680976272|347552799|247541221|545|0|2|2007998464|0|||0|0|192835491.216|87825435.298|28094462.108|11946|0|0|0|2022-04-11 11:49:02.863296+02
1482|1649676946.601754|2022-04-11 13:35:46.601754+02|16781|test|33|1431873829|0|813706321|8480344685|1807618642|1681144238|347636664|247625086|545|0|2|2007998464|0|||0|0|192872525.514|87847077.203|28103867.392|11948|0|0|0|2022-04-11 11:49:02.863296+02
1483|1649676947.628796|2022-04-11 13:35:47.628796+02|16781|test|33|1431952989|0|813753456|8481339354|1807778075|1681302786|347715820|247704242|545|0|2|2007998464|0|||0|0|192904556.022|87864347.969|28112894.563|11950|0|0|0|2022-04-11 11:49:02.863296+02
1484|1649676948.655808|2022-04-11 13:35:48.655808+02|16781|test|33|1432031960|0|813800976|8482331363|1807937181|1681460956|347794787|247783209|545|0|2|2007998464|0|||0|0|192936588.995|87881722.237|28121845.298|11952|0|0|0|2022-04-11 11:49:02.863296+02
1485|1649676949.683204|2022-04-11 13:35:49.683204+02|16781|test|33|1432111702|0|813848888|8483333330|1808097854|1681620668|347874525|247862947|545|0|2|2007998464|0|||0|0|192969121.992|87899468.197|28130882.593|11954|0|0|0|2022-04-11 11:49:02.863296+02
1486|1649676950.710556|2022-04-11 13:35:50.710556+02|16781|test|33|1432190538|0|813896367|8484323270|1808256668|1681778568|347953357|247941779|545|0|2|2007998464|0|||0|0|193001155.724|87916843.434|28139829.52|11956|0|0|0|2022-04-11 11:49:02.863296+02
1487|1649676951.736350|2022-04-11 13:35:51.73635+02|16781|test|33|1432268491|0|813943294|8485302806|1808413707|1681934702|348031306|248019728|545|0|2|2007998464|0|||0|0|193033187.546|87934371.936|28148690.207|11958|0|0|0|2022-04-11 11:49:02.863296+02
1488|1649676952.763461|2022-04-11 13:35:52.763461+02|16781|test|33|1432346598|0|813990218|8486284526|1808571106|1682091144|348109409|248097831|545|0|2|2007998464|0|||0|0|193065218.146|87951822.068|28157615.186|11960|0|0|0|2022-04-11 11:49:02.863296+02
1489|1649676953.791397|2022-04-11 13:35:53.791397+02|16781|test|33|1432424546|0|814037336|8487264376|1808728201|1682247268|348187353|248175775|545|0|2|2007998464|0|||0|0|193097253.435|87969377.561|28166459.721|11962|0|0|0|2022-04-11 11:49:02.863296+02
1490|1649676954.818915|2022-04-11 13:35:54.818915+02|16781|test|33|1432502658|0|814084083|8488245701|1808885551|1682403720|348265461|248253883|545|0|2|2007998464|0|||0|0|193129286.319|87986877.207|28175336.739|11964|0|0|0|2022-04-11 11:49:02.863296+02
1491|1649676955.845801|2022-04-11 13:35:55.845801+02|16781|test|33|1432580606|0|814130926|8489225016|1809042622|1682559844|348343405|248331827|545|0|2|2007998464|0|||0|0|193161318.366|88004491.827|28184137.141|11966|0|0|0|2022-04-11 11:49:02.863296+02
1492|1649676956.872089|2022-04-11 13:35:56.872089+02|16781|test|33|1432659617|0|814178086|8490217528|1809201812|1682718094|348422412|248410834|545|0|2|2007998464|0|||0|0|193193351.534|88021803.653|28193137.344|11968|0|0|0|2022-04-11 11:49:02.863296+02
1493|1649676957.898519|2022-04-11 13:35:57.898519+02|16781|test|33|1432731158|0|814220927|8491116934|1809345962|1682861404|348493949|248482371|545|0|2|2007998464|0|||0|0|193225384.276|88040876.415|28201025.121|11970|0|0|0|2022-04-11 11:49:02.863296+02
1494|1649676958.925812|2022-04-11 13:35:58.925812+02|16781|test|33|1432810208|0|814268267|8492110542|1809505228|1683019732|348572995|248561417|545|0|2|2007998464|0|||0|0|193257417.895|88058243.745|28209969.756|11972|0|0|0|2022-04-11 11:49:02.863296+02
1495|1649676959.953314|2022-04-11 13:35:59.953314+02|16781|test|33|1432888867|0|814315577|8493100159|1809663752|1683177278|348651650|248640072|545|0|2|2007998464|0|||0|0|193289451.505|88075646.386|28218905.449|11974|0|0|0|2022-04-11 11:49:02.863296+02
1496|1649676960.980626|2022-04-11 13:36:00.980626+02|16781|test|33|1432966306|0|814361761|8494072060|1809819759|1683332384|348729085|248717507|545|0|2|2007998464|0|||0|0|193321486.07|88093356.228|28227648.244|11976|0|0|0|2022-04-11 11:49:02.863296+02
1497|1649676962.007952|2022-04-11 13:36:02.007952+02|16781|test|33|1433043998|0|814408537|8495047951|1809976278|1683487996|348806773|248795195|545|0|2|2007998464|0|||0|0|193353518.107|88110939.162|28236475.632|11978|0|0|0|2022-04-11 11:49:02.863296+02
1498|1649676963.034408|2022-04-11 13:36:03.034408+02|16781|test|33|1433122830|0|814455501|8496038411|1810135147|1683645888|348885601|248874023|545|0|2|2007998464|0|||0|0|193385551.373|88128299.274|28245438.889|11980|0|0|0|2022-04-11 11:49:02.863296+02
1499|1649676964.061693|2022-04-11 13:36:04.061693+02|16781|test|33|1433216360|0|814511759|8497212547|1810323586|1683833176|348979127|248967549|545|0|2|2007998464|0|||0|0|193426088.354|88151609.669|28255948.174|11982|0|0|0|2022-04-11 11:49:02.863296+02
1500|1649676965.088971|2022-04-11 13:36:05.088971+02|16781|test|33|1433299906|0|814561649|8498261952|1810491939|1684000496|349062669|249051091|545|0|2|2007998464|0|||0|0|193460120.727|88170163.291|28265395.308|11984|0|0|0|2022-04-11 11:49:02.863296+02
1501|1649676966.116569|2022-04-11 13:36:06.116569+02|16781|test|33|1433390796|0|814615887|8499404506|1810675042|1684182504|349153555|249141977|545|0|2|2007998464|0|||0|0|193497155.571|88190398.759|28275662.732|11986|0|0|0|2022-04-11 11:49:02.863296+02
1502|1649676967.143280|2022-04-11 13:36:07.14328+02|16781|test|33|1433469179|0|814663166|8500389529|1810833004|1684339498|349231934|249220356|545|0|2|2007998464|0|||0|0|193529189.475|88207928.093|28284520.611|11988|0|0|0|2022-04-11 11:49:02.863296+02
1503|1649676968.170201|2022-04-11 13:36:08.170201+02|16781|test|33|1433548130|0|814710676|8501381739|1810992109|1684497628|349310881|249299303|545|0|2|2007998464|0|||0|0|193561722.933|88225859.673|28293443.093|11990|0|0|0|2022-04-11 11:49:02.863296+02
1504|1649676969.197956|2022-04-11 13:36:09.197956+02|16781|test|33|1433625632|0|814757286|8502355954|1811148330|1684652860|349388379|249376801|545|0|2|2007998464|0|||0|0|193593756.405|88243606.41|28302161.19|11992|0|0|0|2022-04-11 11:49:02.863296+02
1505|1649676970.225632|2022-04-11 13:36:10.225632+02|16781|test|33|1433703003|0|814803515|8503327397|1811304218|1684807830|349465746|249454168|545|0|2|2007998464|0|||0|0|193625791.038|88261300.632|28310919.331|11994|0|0|0|2022-04-11 11:49:02.863296+02
1506|1649676971.252938|2022-04-11 13:36:11.252938+02|16781|test|33|1433781208|0|814850346|8504310827|1811461869|1684964468|349543947|249532369|545|0|2|2007998464|0|||0|0|193657825.132|88278799.597|28319796.658|11996|0|0|0|2022-04-11 11:49:02.863296+02
1507|1649676972.280718|2022-04-11 13:36:12.280718+02|16781|test|33|1433859213|0|814897247|8505291018|1811619085|1685120706|349621948|249610370|545|0|2|2007998464|0|||0|0|193689859.409|88296314.848|28328673.571|11998|0|0|0|2022-04-11 11:49:02.863296+02
1508|1649676973.307709|2022-04-11 13:36:13.307709+02|16781|test|33|1433935975|0|814943443|8506255198|1811773829|1685274458|349698706|249687128|545|0|2|2007998464|0|||0|0|193721891.721|88314219.065|28337297.256|12000|0|0|0|2022-04-11 11:49:02.863296+02
1509|1649676974.334019|2022-04-11 13:36:14.334019+02|16781|test|33|1434014535|0|814990700|8507242053|1811932126|1685431806|349777262|249765684|545|0|2|2007998464|0|||0|0|193753923.265|88331684.207|28346197.327|12002|0|0|0|2022-04-11 11:49:02.863296+02
1510|1649676975.360581|2022-04-11 13:36:15.360581+02|16781|test|33|1434087875|0|815034821|8508163414|1812079960|1685578714|349850598|249839020|545|0|2|2007998464|0|||0|0|193785957.25|88350168.714|28354469.621|12004|0|0|0|2022-04-11 11:49:02.863296+02
1511|1649676976.387528|2022-04-11 13:36:16.387528+02|16781|test|33|1434166584|0|815082228|8509152623|1812238589|1685736360|349929303|249917725|545|0|2|2007998464|0|||0|0|193817990.815|88367621.765|28363373.042|12006|0|0|0|2022-04-11 11:49:02.863296+02
1512|1649676977.414286|2022-04-11 13:36:17.414286+02|16781|test|33|1434245089|0|815129491|8510140095|1812396839|1685893598|350007804|249996226|545|0|2|2007998464|0|||0|0|193850025.028|88385121.605|28372255.675|12008|0|0|0|2022-04-11 11:49:02.863296+02
1513|1649676978.440876|2022-04-11 13:36:18.440876+02|16781|test|33|1434322456|0|815176076|8511112908|1812552831|1686048560|350085167|250073589|545|0|2|2007998464|0|||0|0|193882060.09|88402906.565|28380962.681|12010|0|0|0|2022-04-11 11:49:02.863296+02
1514|1649676979.467524|2022-04-11 13:36:19.467524+02|16781|test|33|1434400002|0|815222592|8512088088|1812709159|1686203880|350162709|250151131|545|0|2|2007998464|0|||0|0|193914091.915|88420536.202|28389770.676|12012|0|0|0|2022-04-11 11:49:02.863296+02
1515|1649676980.494780|2022-04-11 13:36:20.49478+02|16781|test|33|1434476463|0|815268536|8513049566|1812863224|1686357030|350239166|250227588|545|0|2|2007998464|0|||0|0|193946127.068|88438388.604|28398424.963|12014|0|0|0|2022-04-11 11:49:02.863296+02
1516|1649676981.522313|2022-04-11 13:36:21.522313+02|16781|test|33|1434549490|0|815312482|8513968191|1813010464|1686503312|350312189|250300611|545|0|2|2007998464|0|||0|0|193978158.909|88457196.428|28406483.743|12016|0|0|0|2022-04-11 11:49:02.863296+02
1517|1649676982.548790|2022-04-11 13:36:22.54879+02|16781|test|33|1434627491|0|815359413|8514949204|1813167693|1686659542|350390186|250378608|545|0|2|2007998464|0|||0|0|194010190.491|88474870.902|28415252.315|12018|0|0|0|2022-04-11 11:49:02.863296+02
1518|1649676983.576219|2022-04-11 13:36:23.576219+02|16781|test|33|1434726905|0|815418936|8516197539|1813367959|1686858598|350489596|250478018|545|0|2|2007998464|0|||0|0|194050725.419|88497091.788|28426422.757|12020|0|0|0|2022-04-11 11:49:02.863296+02
1519|1649676984.603876|2022-04-11 13:36:24.603876+02|16781|test|33|1434812932|0|815470426|8517278747|1813541350|1687030880|350575619|250564041|545|0|2|2007998464|0|||0|0|194085760.081|88516144.874|28436188.546|12022|0|0|0|2022-04-11 11:49:02.863296+02
1520|1649676985.630411|2022-04-11 13:36:25.630411+02|16781|test|34|1434862312|0|815500170|8517899214|1813640951|1687129856|350624996|250613418|545|0|2|2007998464|0|||0|0|194106285.695|88527558.754|28441756.341|12023|0|0|0|2022-04-11 11:49:02.863296+02
1521|1649676986.647853|2022-04-11 13:36:26.647853+02|16781|test|34|1434973730|0|815566929|8519302974|1813865934|1687352932|350736409|250724831|545|0|2|2007998464|0|||0|0|194153815.752|88554546.881|28454310.054|12026|0|0|0|2022-04-11 11:49:02.863296+02
1522|1649676987.674890|2022-04-11 13:36:27.67489+02|16781|test|34|1435049440|0|815613071|8520265599|1814019824|1687504580|350812115|250800537|545|0|2|2007998464|0|||0|0|194185849.431|88572487.728|28462924.923|12028|0|0|0|2022-04-11 11:49:02.863296+02
1523|1649676988.703158|2022-04-11 13:36:28.703158+02|16781|test|34|1435127862|0|815661050|8521269698|1814180125|1687661652|350890533|250878955|545|0|2|2007998464|0|||0|0|194218381.637|88590194.561|28471992.344|12030|0|0|0|2022-04-11 11:49:02.863296+02
1524|1649676989.730298|2022-04-11 13:36:29.730298+02|16781|test|34|1435204612|0|815708156|8522258265|1814337912|1687815380|350967279|250955701|545|0|2|2007998464|0|||0|0|194250414.593|88607746.679|28480864.445|12032|0|0|0|2022-04-11 11:49:02.863296+02
1525|1649676990.757591|2022-04-11 13:36:30.757591+02|16781|test|34|1435281279|0|815755772|8523254422|1814496507|1687968942|351043942|251032364|545|0|2|2007998464|0|||0|0|194282448.212|88625315.431|28489718.414|12034|0|0|0|2022-04-11 11:49:02.863296+02
1526|1649676991.784981|2022-04-11 13:36:31.784981+02|16781|test|34|1435354328|0|815801391|8524209160|1814648350|1688115268|351116987|251105409|545|0|2|2007998464|0|||0|0|194314482.052|88643654.591|28498094.183|12036|0|0|0|2022-04-11 11:49:02.863296+02
1527|1649676992.819663|2022-04-11 13:36:32.819663+02|16781|test|34|1435432536|0|815850742|8525239881|1814811855|1688271912|351195191|251183613|545|0|2|2007998464|0|||0|0|194346522.962|88660946.22|28507107.31|12038|0|0|0|2022-04-11 11:49:02.863296+02
1528|1649676993.847212|2022-04-11 13:36:33.847212+02|16781|test|34|1435509558|0|815899310|8526261127|1814973769|1688426184|351272209|251260631|545|0|2|2007998464|0|||0|0|194378555.871|88678436.085|28516022.15|12040|0|0|0|2022-04-11 11:49:02.863296+02
1529|1649676994.874408|2022-04-11 13:36:34.874408+02|16781|test|34|1435586603|0|815948612|8527291713|1815136772|1688580502|351349250|251337672|545|0|2|2007998464|0|||0|0|194410589.099|88695891.567|28524955.627|12042|0|0|0|2022-04-11 11:49:02.863296+02
1530|1649676995.901892|2022-04-11 13:36:35.901892+02|16781|test|34|1435662795|0|815997770|8528316573|1815298761|1688733114|351425438|251413860|545|0|2|2007998464|0|||0|0|194442621.212|88713623.266|28533708.559|12044|0|0|0|2022-04-11 11:49:02.863296+02
1531|1649676996.929365|2022-04-11 13:36:36.929365+02|16781|test|34|1435737668|0|816046508|8529329431|1815458705|1688883088|351500307|251488729|545|0|2|2007998464|0|||0|0|194474656.242|88731582.495|28542319.903|12046|0|0|0|2022-04-11 11:49:02.863296+02
1532|1649676997.956568|2022-04-11 13:36:37.956568+02|16781|test|34|1435812161|0|816095093|8530344015|1815618726|1689032302|351574796|251563218|545|0|2|2007998464|0|||0|0|194506689.471|88749688.191|28550843.009|12048|0|0|0|2022-04-11 11:49:02.863296+02
1533|1649676998.984517|2022-04-11 13:36:38.984517+02|16781|test|34|1435889097|0|816145723|8531398869|1815784864|1689186402|351651728|251640150|545|0|2|2007998464|0|||0|0|194538724.033|88767322.234|28559631.578|12050|0|0|0|2022-04-11 11:49:02.863296+02
1534|1649677000.011559|2022-04-11 13:36:40.011559+02|16781|test|34|1435966805|0|816196955|8532470975|1815953564|1689342046|351729432|251717854|545|0|2|2007998464|0|||0|0|194570756.317|88784767.014|28568553.811|12052|0|0|0|2022-04-11 11:49:02.863296+02
1535|1649677001.038402|2022-04-11 13:36:41.038402+02|16781|test|34|1436043611|0|816248197|8533537800|1816121219|1689495886|351806234|251794656|545|0|2|2007998464|0|||0|0|194602792.906|88802321.893|28577411.776|12054|0|0|0|2022-04-11 11:49:02.863296+02
1536|1649677002.066546|2022-04-11 13:36:42.066546+02|16781|test|34|1436135873|0|816310052|8534829439|1816323787|1689680638|351898492|251886914|545|0|2|2007998464|0|||0|0|194641828.649|88823992.297|28588029.198|12056|0|0|0|2022-04-11 11:49:02.863296+02
1537|1649677003.093830|2022-04-11 13:36:43.09383+02|16781|test|34|1436215486|0|816363651|8535953827|1816499885|1689840092|351978101|251966523|545|0|2|2007998464|0|||0|0|194677362.934|88844611.615|28597139.026|12058|0|0|0|2022-04-11 11:49:02.863296+02
1538|1649677004.121077|2022-04-11 13:36:44.121077+02|16781|test|34|1436296892|0|816419066|8537111317|1816680979|1690003132|352059503|252047925|545|0|2|2007998464|0|||0|0|194711481.435|88863468.106|28606473.138|12060|0|0|0|2022-04-11 11:49:02.863296+02
1539|1649677005.147314|2022-04-11 13:36:45.147314+02|16781|test|34|1436380866|0|816476570|8538314634|1816868823|1690171308|352143473|252131895|545|0|2|2007998464|0|||0|0|194746584.966|88882704.642|28616177.283|12062|0|0|0|2022-04-11 11:49:02.863296+02
1540|1649677006.174709|2022-04-11 13:36:46.174709+02|16781|test|34|1436456423|0|816528569|8539405142|1817038929|1690322650|352219026|252207448|545|0|2|2007998464|0|||0|0|194778617.796|88900514.708|28624873.373|12064|0|0|0|2022-04-11 11:49:02.863296+02
1541|1649677007.202774|2022-04-11 13:36:47.202774+02|16781|test|34|1436533260|0|816581956|8540520671|1817212753|1690476552|352295859|252284281|545|0|2|2007998464|0|||0|0|194811207.004|88918618.725|28633732.355|12066|0|0|0|2022-04-11 11:49:02.863296+02
1542|1649677008.230153|2022-04-11 13:36:48.230153+02|16781|test|34|1436603878|0|816631405|8541550887|1817373172|1690618016|352366473|252354895|545|0|2|2007998464|0|||0|0|194843240.808|88937450.367|28641791.702|12068|0|0|0|2022-04-11 11:49:02.863296+02
1543|1649677009.257526|2022-04-11 13:36:49.257526+02|16781|test|33|1436678212|0|816859332|8542750703|1817545179|1690770221|352440819|252429225|565|0|2|2007998464|0|||0|0|194875273.826|88955186.381|28650544.472|12070|0|0|0|2022-04-11 11:49:02.863296+02
1544|1649677010.284898|2022-04-11 13:36:50.284898+02|16781|test|33|1436756275|0|816906817|8543745967|1817704413|1690926575|352518878|252507284|565|0|2|2007998464|0|||0|0|194907307.529|88972660.71|28659441.515|12072|0|0|0|2022-04-11 11:49:02.863296+02
1545|1649677011.312072|2022-04-11 13:36:51.312072+02|16781|test|33|1436834056|0|816954042|8544736696|1817863033|1691082365|352596655|252585061|565|0|2|2007998464|0|||0|0|194939411.567|88990308.219|28668262.011|12074|0|0|0|2022-04-11 11:49:02.863296+02
1546|1649677012.339663|2022-04-11 13:36:52.339663+02|16781|test|33|1436911537|0|817001630|8545723894|1818020980|1691237555|352674132|252662538|565|0|2|2007998464|0|||0|0|194971444.268|89007921.107|28677058.121|12076|0|0|0|2022-04-11 11:49:02.863296+02
1547|1649677013.366805|2022-04-11 13:36:53.366805+02|16781|test|33|1436987513|0|817047546|8546691447|1818175961|1691389735|352750104|252738510|565|0|2|2007998464|0|||0|0|195003623.421|89025944.657|28685703.978|12078|0|0|0|2022-04-11 11:49:02.863296+02
1548|1649677014.394195|2022-04-11 13:36:54.394195+02|16781|test|33|1437064597|0|817094165|8547673685|1818333098|1691544131|352827184|252815590|565|0|2|2007998464|0|||0|0|195035655.065|89043636.994|28694463.083|12080|0|0|0|2022-04-11 11:49:02.863296+02
1549|1649677015.421858|2022-04-11 13:36:55.421858+02|16781|test|33|1437141404|0|817140725|8548651802|1818489690|1691697973|352903987|252892393|565|0|2|2007998464|0|||0|0|195067687.462|89061431.973|28703162.687|12082|0|0|0|2022-04-11 11:49:02.863296+02
1550|1649677016.449548|2022-04-11 13:36:56.449548+02|16781|test|33|1437218351|0|817187498|8549631374|1818646658|1691852095|352980930|252969336|565|0|2|2007998464|0|||0|0|195099721.802|89079202.771|28711867.785|12084|0|0|0|2022-04-11 11:49:02.863296+02
1551|1649677017.476785|2022-04-11 13:36:57.476785+02|16781|test|33|1437294884|0|817233772|8550605116|1818802605|1692005389|353057459|253045865|565|0|2|2007998464|0|||0|0|195131754.193|89097058.57|28720523.844|12086|0|0|0|2022-04-11 11:49:02.863296+02
1552|1649677018.504270|2022-04-11 13:36:58.50427+02|16781|test|33|1437369489|0|817279052|8551555717|1818954651|1692154827|353132060|253120466|565|0|2|2007998464|0|||0|0|195163789.607|89115288.689|28728945.113|12088|0|0|0|2022-04-11 11:49:02.863296+02
1553|1649677019.531767|2022-04-11 13:36:59.531767+02|16781|test|33|1437442923|0|817323606|8552490857|1819104345|1692301923|353205490|253193896|565|0|2|2007998464|0|||0|0|195195822.818|89133761.177|28737211.255|12090|0|0|0|2022-04-11 11:49:02.863296+02
1554|1649677020.559201|2022-04-11 13:37:00.559201+02|16781|test|33|1437520499|0|817370845|8553477680|1819262402|1692457303|353283062|253271468|565|0|2|2007998464|0|||0|0|195227856.336|89151375.178|28746016.222|12092|0|0|0|2022-04-11 11:49:02.863296+02
1555|1649677021.584587|2022-04-11 13:37:01.584587+02|16781|test|33|1437598302|0|817418082|8554467834|1819420923|1692613137|353360861|253349267|565|0|2|2007998464|0|||0|0|195259988.289|89169042.068|28754844.935|12094|0|0|0|2022-04-11 11:49:02.863296+02
1556|1649677022.610980|2022-04-11 13:37:02.61098+02|16781|test|33|1437695530|0|817476454|8555703932|1819618906|1692807821|353458085|253446491|565|0|2|2007998464|0|||0|0|195300524.781|89191608.462|28765798.688|12096|0|0|0|2022-04-11 11:49:02.863296+02
1557|1649677023.638461|2022-04-11 13:37:03.638461+02|16781|test|33|1437781374|0|817528953|8556796651|1819793799|1692979737|353543925|253532331|565|0|2|2007998464|0|||0|0|195336558.656|89211700.604|28775535.809|12098|0|0|0|2022-04-11 11:49:02.863296+02
1558|1649677024.665348|2022-04-11 13:37:04.665348+02|16781|test|33|1437860251|0|817577016|8557799900|1819954495|1693137719|353622798|253611204|565|0|2|2007998464|0|||0|0|195371592.652|89232209.428|28784405.706|12100|0|0|0|2022-04-11 11:49:02.863296+02
1559|1649677025.692748|2022-04-11 13:37:05.692748+02|16781|test|33|1437937191|0|817623717|8558778653|1820111150|1693291827|353699734|253688140|565|0|2|2007998464|0|||0|0|195403670.815|89250004.72|28793129.26|12102|0|0|0|2022-04-11 11:49:02.863296+02
1560|1649677026.720626|2022-04-11 13:37:06.720626+02|16781|test|33|1438015191|0|817670767|8559769722|1820269970|1693448055|353777730|253766136|565|0|2|2007998464|0|||0|0|195436206.568|89268048.788|28801979.247|12104|0|0|0|2022-04-11 11:49:02.863296+02
1561|1649677027.747716|2022-04-11 13:37:07.747716+02|16781|test|33|1438092740|0|817717785|8560755033|1820427812|1693603381|353855275|253843681|565|0|2|2007998464|0|||0|0|195468239.078|89285639.848|28810806.325|12106|0|0|0|2022-04-11 11:49:02.863296+02
1562|1649677028.775393|2022-04-11 13:37:08.775393+02|16781|test|33|1438170472|0|817764976|8561742712|1820586114|1693759073|353933003|253921409|565|0|2|2007998464|0|||0|0|195500288.907|89303238.687|28819628.072|12108|0|0|0|2022-04-11 11:49:02.863296+02
1563|1649677029.803409|2022-04-11 13:37:09.803409+02|16781|test|33|1438247465|0|817811509|8562721549|1820742881|1693913287|354009992|253998398|565|0|2|2007998464|0|||0|0|195532322.753|89320999.917|28828336.064|12110|0|0|0|2022-04-11 11:49:02.863296+02
1564|1649677030.830848|2022-04-11 13:37:10.830848+02|16781|test|33|1438322870|0|817857528|8563680758|1820896463|1694064325|354085393|254073799|565|0|2|2007998464|0|||0|0|195564356.525|89339018.57|28836887.5|12112|0|0|0|2022-04-11 11:49:02.863296+02
1565|1649677031.858385|2022-04-11 13:37:11.858385+02|16781|test|33|1438398895|0|817903511|8564647235|1821051197|1694216603|354161414|254149820|565|0|2|2007998464|0|||0|0|195596388.743|89356959.557|28845482.021|12114|0|0|0|2022-04-11 11:49:02.863296+02
1566|1649677032.885010|2022-04-11 13:37:12.88501+02|16781|test|33|1438476177|0|817950438|8565629007|1821208461|1694371395|354238692|254227098|565|0|2|2007998464|0|||0|0|195628422.688|89374673.673|28854216.716|12116|0|0|0|2022-04-11 11:49:02.863296+02
1567|1649677033.912041|2022-04-11 13:37:13.912041+02|16781|test|33|1438552383|0|817996424|8566597649|1821363677|1694524035|354314894|254303300|565|0|2|2007998464|0|||0|0|195660458.53|89392550.786|28862858.227|12118|0|0|0|2022-04-11 11:49:02.863296+02
1568|1649677034.936716|2022-04-11 13:37:14.936716+02|16781|test|33|1438628216|0|818042260|8567560443|1821517911|1694675929|354390723|254379129|565|0|2|2007998464|0|||0|0|195692490.281|89410600.888|28871372.496|12120|0|0|0|2022-04-11 11:49:02.863296+02
1569|1649677035.962463|2022-04-11 13:37:15.962463+02|16781|test|33|1438700185|0|818086068|8568474120|1821664249|1694820095|354462688|254451094|565|0|2|2007998464|0|||0|0|195724522.131|89429389.094|28879440.59|12122|0|0|0|2022-04-11 11:49:02.863296+02
1570|1649677036.988846|2022-04-11 13:37:16.988846+02|16781|test|33|1438776553|0|818132179|8569443127|1821819613|1694973059|354539052|254527458|565|0|2|2007998464|0|||0|0|195756554.088|89447230.749|28888097.747|12124|0|0|0|2022-04-11 11:49:02.863296+02
1571|1649677038.016364|2022-04-11 13:37:18.016364+02|16781|test|33|1438854247|0|818179170|8570430092|1821977746|1695128675|354616742|254605148|565|0|2|2007998464|0|||0|0|195788585.281|89464802.567|28896926.103|12126|0|0|0|2022-04-11 11:49:02.863296+02
1572|1649677039.043733|2022-04-11 13:37:19.043733+02|16781|test|33|1438930958|0|818225450|8571404979|1822133832|1695282325|354693449|254681855|565|0|2|2007998464|0|||0|0|195820617.676|89482613.552|28905608.367|12128|0|0|0|2022-04-11 11:49:02.863296+02
1573|1649677040.070339|2022-04-11 13:37:20.070339+02|16781|test|33|1439008576|0|818272559|8572390137|1822291708|1695437789|354771063|254759469|565|0|2|2007998464|0|||0|0|195852650.99|89500222.743|28914408.227|12130|0|0|0|2022-04-11 11:49:02.863296+02
1574|1649677041.095793|2022-04-11 13:37:21.095793+02|16781|test|33|1439084392|0|818318701|8573353968|1822446026|1695589649|354846875|254835281|565|0|2|2007998464|0|||0|0|195884684.09|89518209.767|28922975.489|12132|0|0|0|2022-04-11 11:49:02.863296+02
1575|1649677042.122916|2022-04-11 13:37:22.122916+02|16781|test|33|1439177275|0|818374792|8574531500|1822634882|1695775643|354939754|254928160|565|0|2|2007998464|0|||0|0|195925221.503|89541636.608|28933407.959|12134|0|0|0|2022-04-11 11:49:02.863296+02
1576|1649677043.150646|2022-04-11 13:37:23.150646+02|16781|test|33|1439263931|0|818427514|8575632131|1822811101|1695949183|355026406|255014812|565|0|2|2007998464|0|||0|0|195961255|89561626.233|28943182.136|12136|0|0|0|2022-04-11 11:49:02.863296+02
1577|1649677044.176114|2022-04-11 13:37:24.176114+02|16781|test|33|1439340308|0|818473923|8576601019|1822966380|1696102165|355102779|255091185|565|0|2|2007998464|0|||0|0|195993343.5|89579522.165|28951852.209|12138|0|0|0|2022-04-11 11:49:02.863296+02
1578|1649677045.203391|2022-04-11 13:37:25.203391+02|16781|test|33|1439424955|0|818525077|8577674790|1823138515|1696271687|355187422|255175828|565|0|2|2007998464|0|||0|0|196028378.382|89598743.518|28961523.159|12140|0|0|0|2022-04-11 11:49:02.863296+02
1579|1649677046.230346|2022-04-11 13:37:26.230346+02|16781|test|33|1439503868|0|818572883|8578677047|1823300296|1696429751|355266329|255254735|565|0|2|2007998464|0|||0|0|196060908.502|89616641.379|28970455.433|12142|0|0|0|2022-04-11 11:49:02.863296+02
1580|1649677047.257561|2022-04-11 13:37:27.257561+02|16781|test|33|1439580918|0|818619525|8579653902|1823456959|1696584079|355343375|255331781|565|0|2|2007998464|0|||0|0|196092939.832|89634323.692|28979221.321|12144|0|0|0|2022-04-11 11:49:02.863296+02
1581|1649677048.284828|2022-04-11 13:37:28.284828+02|16781|test|33|1439656968|0|818665740|8580618367|1823611595|1696736407|355419421|255407827|565|0|2|2007998464|0|||0|0|196125064.189|89652309.748|28987854.458|12146|0|0|0|2022-04-11 11:49:02.863296+02
1582|1649677049.311963|2022-04-11 13:37:29.311963+02|16781|test|33|1439732812|0|818711403|8581580131|1823765743|1696888323|355495261|255483667|565|0|2|2007998464|0|||0|0|196157097.459|89670263.163|28996446.791|12148|0|0|0|2022-04-11 11:49:02.863296+02
1583|1649677050.338035|2022-04-11 13:37:30.338035+02|16781|test|33|1439809736|0|818757826|8582555636|1823922122|1697042399|355572181|255560587|565|0|2|2007998464|0|||0|0|196189128.887|89688041.615|29005139.437|12150|0|0|0|2022-04-11 11:49:02.863296+02
1584|1649677051.366051|2022-04-11 13:37:31.366051+02|16781|test|33|1439886625|0|818804111|8583529970|1824078430|1697196405|355649066|255637472|565|0|2|2007998464|0|||0|0|196221208.554|89705852.84|29013847.033|12152|0|0|0|2022-04-11 11:49:02.863296+02
1585|1649677052.393719|2022-04-11 13:37:32.393719+02|16781|test|33|1439964070|0|818850934|8584512852|1824235944|1697351523|355726507|255714913|565|0|2|2007998464|0|||0|0|196253242.996|89723547.139|29022594.86|12154|0|0|0|2022-04-11 11:49:02.863296+02
1586|1649677053.421350|2022-04-11 13:37:33.42135+02|16781|test|33|1440036274|0|818894667|8585427335|1824382706|1697496159|355798707|255787113|565|0|2|2007998464|0|||0|0|196285276.357|89742260.886|29030711.828|12156|0|0|0|2022-04-11 11:49:02.863296+02
1587|1649677054.449029|2022-04-11 13:37:34.449029+02|16781|test|33|1440112539|0|818941034|8586393913|1824537656|1697648917|355874968|255863374|565|0|2|2007998464|0|||0|0|196317310.518|89760151.728|29039342.508|12158|0|0|0|2022-04-11 11:49:02.863296+02
1588|1649677055.476363|2022-04-11 13:37:35.476363+02|16781|test|33|1440190287|0|818987804|8587379986|1824695670|1697804641|355952712|255941118|565|0|2|2007998464|0|||0|0|196349343.866|89777709.363|29048183.654|12160|0|0|0|2022-04-11 11:49:02.863296+02
1589|1649677056.503102|2022-04-11 13:37:36.503102+02|16781|test|33|1440267094|0|819034287|8588353404|1824851751|1697958483|356029515|256017921|565|0|2|2007998464|0|||0|0|196381440.125|89795581.269|29056864.692|12162|0|0|0|2022-04-11 11:49:02.863296+02
1590|1649677057.527830|2022-04-11 13:37:37.52783+02|16781|test|33|1440343313|0|819080342|8589318135|1825006538|1698111149|356105730|256094136|565|0|2|2007998464|0|||0|0|196413494.425|89813541.958|29065463.273|12164|0|0|0|2022-04-11 11:49:02.863296+02
1591|1649677058.554323|2022-04-11 13:37:38.554323+02|16781|test|33|1440420675|0|819127165|8590299005|1825163792|1698266101|356183088|256171494|565|0|2|2007998464|0|||0|0|196445528.128|89831184.489|29074249.272|12166|0|0|0|2022-04-11 11:49:02.863296+02
1592|1649677059.581882|2022-04-11 13:37:39.581882+02|16781|test|33|1440490834|0|819169409|8591188501|1825306376|1698406647|356253243|256241649|565|0|2|2007998464|0|||0|0|196477560.744|89850306.365|29082128.163|12168|0|0|0|2022-04-11 11:49:02.863296+02
1593|1649677060.609507|2022-04-11 13:37:40.609507+02|16781|test|33|1440583346|0|819225168|8592360034|1825494254|1698591899|356345751|256334157|565|0|2|2007998464|0|||0|0|196515598.471|89871205.185|29092571.195|12170|0|0|0|2022-04-11 11:49:02.863296+02
1594|1649677061.637194|2022-04-11 13:37:41.637194+02|16781|test|33|1440665746|0|819275243|8593404281|1825661619|1698756927|356428147|256416553|565|0|2|2007998464|0|||0|0|196550134.114|89890416.099|29101927.678|12172|0|0|0|2022-04-11 11:49:02.863296+02
1595|1649677062.664866|2022-04-11 13:37:42.664866+02|16781|test|33|1440752716|0|819328064|8594505490|1825838221|1698931095|356515113|256503519|565|0|2|2007998464|0|||0|0|196586169.707|89910289.157|29111793.303|12174|0|0|0|2022-04-11 11:49:02.863296+02
1596|1649677063.692377|2022-04-11 13:37:43.692377+02|16781|test|33|1440830337|0|819374712|8595488611|1825995818|1699086565|356592730|256581136|565|0|2|2007998464|0|||0|0|196618204.409|89927937.374|29120564.357|12176|0|0|0|2022-04-11 11:49:02.863296+02
1597|1649677064.719976|2022-04-11 13:37:44.719976+02|16781|test|33|1440915413|0|819426394|8596567252|1826168630|1699256945|356677802|256666208|565|0|2|2007998464|0|||0|0|196653738.05|89947653.504|29130233.77|12178|0|0|0|2022-04-11 11:49:02.863296+02
1598|1649677065.746552|2022-04-11 13:37:45.746552+02|16781|test|33|1440991927|0|819472574|8597536644|1826323993|1699410201|356754312|256742718|565|0|2|2007998464|0|||0|0|196685771.477|89965499.136|29138895.193|12180|0|0|0|2022-04-11 11:49:02.863296+02
1599|1649677066.773615|2022-04-11 13:37:46.773615+02|16781|test|33|1441066893|0|819517739|8598486659|1826476253|1699560361|356829274|256817680|565|0|2|2007998464|0|||0|0|196717805.68|89983618.154|29147387.494|12182|0|0|0|2022-04-11 11:49:02.863296+02
1600|1649677067.801176|2022-04-11 13:37:47.801176+02|16781|test|33|1441143704|0|819564478|8599458863|1826632237|1699714211|356906081|256894487|565|0|2|2007998464|0|||0|0|196749837.841|90001381.662|29156102.421|12184|0|0|0|2022-04-11 11:49:02.863296+02
1601|1649677068.830973|2022-04-11 13:37:48.830973+02|16781|test|33|1441220364|0|819610807|8600429774|1826787906|1699867759|356982737|256971143|565|0|2|2007998464|0|||0|0|196781875.959|90019192.062|29164784.772|12186|0|0|0|2022-04-11 11:49:02.863296+02
1602|1649677069.858618|2022-04-11 13:37:49.858618+02|16781|test|33|1441296001|0|819656668|8601387880|1826941522|1700019261|357058370|257046776|565|0|2|2007998464|0|||0|0|196813910.07|90037289.647|29173277.583|12188|0|0|0|2022-04-11 11:49:02.863296+02
1603|1649677070.886019|2022-04-11 13:37:50.886019+02|16781|test|33|1441369874|0|819701403|8602322583|1827091529|1700167235|357132239|257120645|565|0|2|2007998464|0|||0|0|196845942.231|90055648.047|29181613.956|12190|0|0|0|2022-04-11 11:49:02.863296+02
1604|1649677071.913148|2022-04-11 13:37:51.913148+02|16781|test|33|1441446551|0|819747663|8603292945|1827247244|1700320817|357208912|257197318|565|0|2|2007998464|0|||0|0|196877976.881|90073420.756|29190314.412|12192|0|0|0|2022-04-11 11:49:02.863296+02
1605|1649677072.940631|2022-04-11 13:37:52.940631+02|16781|test|33|1441523382|0|819794012|8604265763|1827403210|1700474707|357285739|257274145|565|0|2|2007998464|0|||0|0|196910008.062|90091196.38|29199015.94|12194|0|0|0|2022-04-11 11:49:02.863296+02
1606|1649677073.967865|2022-04-11 13:37:53.967865+02|16781|test|33|1441600002|0|819840101|8605235880|1827558756|1700628175|357362355|257350761|565|0|2|2007998464|0|||0|0|196942039.876|90108982.388|29207715.005|12196|0|0|0|2022-04-11 11:49:02.863296+02
1607|1649677074.995128|2022-04-11 13:37:54.995128+02|16781|test|33|1441676513|0|819886483|8606204154|1827714053|1700781425|357438862|257427268|565|0|2|2007998464|0|||0|0|196974072.316|90126828.562|29216367.048|12198|0|0|0|2022-04-11 11:49:02.863296+02
1608|1649677076.022279|2022-04-11 13:37:56.022279+02|16781|test|33|1441753152|0|819932884|8607174475|1827869667|1700934931|357515497|257503903|565|0|2|2007998464|0|||0|0|197006103.811|90144710.238|29225000.967|12200|0|0|0|2022-04-11 11:49:02.863296+02
1609|1649677077.049422|2022-04-11 13:37:57.049422+02|16781|test|33|1441818607|0|819972484|8608002589|1828002525|1701066069|357580948|257569354|565|0|2|2007998464|0|||0|0|197038347.918|90164695.843|29232496.43|12202|0|0|0|2022-04-11 11:49:02.863296+02
1610|1649677078.076463|2022-04-11 13:37:58.076463+02|16781|test|33|1441896841|0|820019891|8608992125|1828161377|1701222765|357659178|257647584|565|0|2|2007998464|0|||0|0|197070379.77|90182157.081|29241396.863|12204|0|0|0|2022-04-11 11:49:02.863296+02
1611|1649677079.103871|2022-04-11 13:37:59.103871+02|16781|test|33|1441975928|0|820067810|8609993877|1828321939|1701381167|357738261|257726667|565|0|2|2007998464|0|||0|0|197102414.908|90199480.478|29250379.67|12206|0|0|0|2022-04-11 11:49:02.863296+02
1612|1649677080.130942|2022-04-11 13:38:00.130942+02|16781|test|33|1442075985|0|820128222|8611261055|1828525075|1701581509|357838314|257826720|565|0|2|2007998464|0|||0|0|197142949.744|90221450.642|29261715.838|12208|0|0|0|2022-04-11 11:49:02.863296+02
1613|1649677081.158534|2022-04-11 13:38:01.158534+02|16781|test|33|1442154988|0|820175884|8612260442|1828685340|1701739743|357917313|257905719|565|0|2|2007998464|0|||0|0|197174983.338|90238831.015|29270659.904|12210|0|0|0|2022-04-11 11:49:02.863296+02
1614|1649677082.185650|2022-04-11 13:38:02.18565+02|16781|test|33|1442243320|0|820229251|8613378270|1828864529|1701916635|358005641|257994047|565|0|2|2007998464|0|||0|0|197211017.911|90258476.166|29280666.968|12212|0|0|0|2022-04-11 11:49:02.863296+02
1615|1649677083.213031|2022-04-11 13:38:03.213031+02|16781|test|33|1442328550|0|820280596|8614457036|1829037531|1702087323|358090867|258079273|565|0|2|2007998464|0|||0|0|197246050.662|90277596.986|29290404.145|12214|0|0|0|2022-04-11 11:49:02.863296+02
1616|1649677084.240433|2022-04-11 13:38:04.240433+02|16781|test|33|1442407811|0|820328720|8615460399|1829198366|1702246073|358170124|258158530|565|0|2|2007998464|0|||0|0|197278584.261|90295445.916|29299368.559|12216|0|0|0|2022-04-11 11:49:02.863296+02
1617|1649677085.267666|2022-04-11 13:38:05.267666+02|16781|test|33|1442486003|0|820375839|8616449860|1829357062|1702402685|358248312|258236718|565|0|2|2007998464|0|||0|0|197310616.477|90312967.102|29308231.445|12218|0|0|0|2022-04-11 11:49:02.863296+02
1618|1649677086.294790|2022-04-11 13:38:06.29479+02|16781|test|33|1442564036|0|820422666|8617437476|1829515496|1702558979|358326341|258314747|565|0|2|2007998464|0|||0|0|197342648.773|90330555.574|29317044.688|12220|0|0|0|2022-04-11 11:49:02.863296+02
1619|1649677087.322659|2022-04-11 13:38:07.322659+02|16781|test|33|1442639265|0|820468199|8618389595|1829668180|1702709665|358401566|258389972|565|0|2|2007998464|0|||0|0|197374687.355|90348638.526|29325568.811|12222|0|0|0|2022-04-11 11:49:02.863296+02
1620|1649677088.350469|2022-04-11 13:38:08.350469+02|16781|test|33|1442716700|0|820514966|8619368988|1829825309|1702864763|358478997|258467403|565|0|2|2007998464|0|||0|0|197406722.057|90366320.806|29334326.86|12224|0|0|0|2022-04-11 11:49:02.863296+02
1621|1649677089.378126|2022-04-11 13:38:09.378126+02|16781|test|33|1442795712|0|820562642|8620368384|1829985700|1703023015|358558005|258546411|565|0|2|2007998464|0|||0|0|197438753.655|90383645.865|29343314.005|12226|0|0|0|2022-04-11 11:49:02.863296+02
1622|1649677090.405203|2022-04-11 13:38:10.405203+02|16781|test|33|1442874669|0|820610420|8621367143|1830145931|1703181157|358636958|258625364|565|0|2|2007998464|0|||0|0|197470786.263|90401007.117|29352286.479|12228|0|0|0|2022-04-11 11:49:02.863296+02
1623|1649677091.432605|2022-04-11 13:38:11.432605+02|16781|test|33|1442952510|0|820657595|8622351087|1830303841|1703337067|358714795|258703201|565|0|2|2007998464|0|||0|0|197502817.863|90418576.902|29361124.696|12230|0|0|0|2022-04-11 11:49:02.863296+02
1624|1649677092.460135|2022-04-11 13:38:12.460135+02|16781|test|33|1443030491|0|820704741|8623336671|1830462051|1703493257|358792772|258781178|565|0|2|2007998464|0|||0|0|197534850.174|90436123.687|29369970.603|12232|0|0|0|2022-04-11 11:49:02.863296+02
1625|1649677093.487356|2022-04-11 13:38:13.487356+02|16781|test|33|1443106840|0|820750746|8624302968|1830617038|1703646183|358869117|258857523|565|0|2|2007998464|0|||0|0|197566884.685|90454009.858|29378615.06|12234|0|0|0|2022-04-11 11:49:02.863296+02
1626|1649677094.513684|2022-04-11 13:38:14.513684+02|16781|test|33|1443180133|0|820794995|8625229445|1830765744|1703792997|358942406|258930812|565|0|2|2007998464|0|||0|0|197598916.723|90472774.641|29386696.688|12236|0|0|0|2022-04-11 11:49:02.863296+02
1627|1649677095.540659|2022-04-11 13:38:15.540659+02|16781|test|33|1443259088|0|820842869|8626228560|1830925959|1703951135|359021357|259009763|565|0|2|2007998464|0|||0|0|197630951.387|90490141.944|29395647.975|12238|0|0|0|2022-04-11 11:49:02.863296+02
1628|1649677096.568328|2022-04-11 13:38:16.568328+02|16781|test|33|1443337969|0|820890431|8627226209|1831086000|1704109125|359100234|259088640|565|0|2|2007998464|0|||0|0|197662983.316|90507491.761|29404628.288|12240|0|0|0|2022-04-11 11:49:02.863296+02
1629|1649677097.596231|2022-04-11 13:38:17.596231+02|16781|test|33|1443417053|0|820938299|8628227351|1831246466|1704267521|359179314|259167720|565|0|2|2007998464|0|||0|0|197695015.935|90524774.841|29413649.26|12242|0|0|0|2022-04-11 11:49:02.863296+02
1630|1649677098.623765|2022-04-11 13:38:18.623765+02|16781|test|33|1443495671|0|820985467|8629221682|1831406011|1704424985|359257928|259246334|565|0|2|2007998464|0|||0|0|197727047.693|90542136.678|29422605.042|12244|0|0|0|2022-04-11 11:49:02.863296+02
1631|1649677099.651058|2022-04-11 13:38:19.651058+02|16781|test|33|1443594750|0|821045069|8630475317|1831606974|1704623371|359357003|259345409|565|0|2|2007998464|0|||0|0|197767589.227|90564265.887|29433847.531|12246|0|0|0|2022-04-11 11:49:02.863296+02
1632|1649677100.678517|2022-04-11 13:38:20.678517+02|16781|test|33|1443682532|0|821098040|8631585265|1831784967|1704799163|359444781|259433187|565|0|2|2007998464|0|||0|0|197803623.084|90583988.707|29443813.649|12248|0|0|0|2022-04-11 11:49:02.863296+02
1633|1649677101.705194|2022-04-11 13:38:21.705194+02|16781|test|33|1443760730|0|821145462|8632574141|1831943672|1704955787|359522975|259511381|565|0|2|2007998464|0|||0|0|197835652.772|90601465.006|29452716.926|12250|0|0|0|2022-04-11 11:49:02.863296+02
1634|1649677102.732043|2022-04-11 13:38:22.732043+02|16781|test|33|1443846027|0|821196830|8633651671|1832116643|1705126609|359608268|259596674|565|0|2|2007998464|0|||0|0|197870688.709|90620624.386|29462424.611|12252|0|0|0|2022-04-11 11:49:02.863296+02
1635|1649677103.759548|2022-04-11 13:38:23.759548+02|16781|test|33|1443925821|0|821245081|8634660925|1832278549|1705286425|359688058|259676464|565|0|2|2007998464|0|||0|0|197903223.055|90638304.031|29471498.568|12254|0|0|0|2022-04-11 11:49:02.863296+02
1636|1649677104.786529|2022-04-11 13:38:24.786529+02|16781|test|33|1443999474|0|821289546|8635592532|1832428017|1705433959|359761707|259750113|565|0|2|2007998464|0|||0|0|197935255.399|90656734.921|29479802.624|12256|0|0|0|2022-04-11 11:49:02.863296+02
1637|1649677105.813094|2022-04-11 13:38:25.813094+02|16781|test|33|1444038977|0|821313398|8636091623|1832508188|1705513181|359801207|259789613|565|0|2|2007998464|0|||0|0|197951277.722|90665459.282|29484254.281|12257|0|0|0|2022-04-11 11:49:02.863296+02
1638|1649677106.829625|2022-04-11 13:38:26.829625+02|16781|test|33|1444157387|0|821385045|8637587063|1832749474|1705750251|359919610|259908016|565|0|2|2007998464|0|||0|0|197999322.206|90691499.776|29497698.017|12260|0|0|0|2022-04-11 11:49:02.863296+02
1639|1649677107.856464|2022-04-11 13:38:27.856464+02|16781|test|33|1444235499|0|821432328|8638575086|1832907927|1705906703|359997718|259986124|565|0|2|2007998464|0|||0|0|198031354.734|90708999.151|29506575.636|12262|0|0|0|2022-04-11 11:49:02.863296+02
1640|1649677108.883617|2022-04-11 13:38:28.883617+02|16781|test|33|1444313538|0|821479372|8639560692|1833066109|1706063009|360075753|260064159|565|0|2|2007998464|0|||0|0|198063388.117|90726495.955|29515460.893|12264|0|0|0|2022-04-11 11:49:02.863296+02
1641|1649677109.911073|2022-04-11 13:38:29.911073+02|16781|test|33|1444392321|0|821526856|8640557166|1833225929|1706220803|360154532|260142938|565|0|2|2007998464|0|||0|0|198095421.081|90743852.661|29524433.909|12266|0|0|0|2022-04-11 11:49:02.863296+02
1642|1649677110.938223|2022-04-11 13:38:30.938223+02|16781|test|33|1444465905|0|821571183|8641486894|1833375160|1706368199|360228112|260216518|565|0|2|2007998464|0|||0|0|198127452.925|90762282.666|29532742.014|12268|0|0|0|2022-04-11 11:49:02.863296+02
1643|1649677111.965038|2022-04-11 13:38:31.965038+02|16781|test|33|1444545089|0|821619005|8642488036|1833535765|1706526795|360307292|260295698|565|0|2|2007998464|0|||0|0|198159484.266|90779631.565|29541711.013|12270|0|0|0|2022-04-11 11:49:02.863296+02
1644|1649677112.992529|2022-04-11 13:38:32.992529+02|16781|test|33|1444624118|0|821666670|8643487169|1833696022|1706685081|360386317|260374723|565|0|2|2007998464|0|||0|0|198191517.297|90796971.564|29550688.171|12272|0|0|0|2022-04-11 11:49:02.863296+02
1645|1649677114.020153|2022-04-11 13:38:34.020153+02|16781|test|33|1444703314|0|821714676|8644487900|1833856568|1706843701|360465509|260453915|565|0|2|2007998464|0|||0|0|198223549.637|90814262.89|29559688.99|12274|0|0|0|2022-04-11 11:49:02.863296+02
1646|1649677115.047234|2022-04-11 13:38:35.047234+02|16781|test|33|1444782374|0|821762559|8645486310|1834016908|1707002049|360544565|260532971|565|0|2|2007998464|0|||0|0|198255581.558|90831552.415|29568703.255|12276|0|0|0|2022-04-11 11:49:02.863296+02
1647|1649677116.074236|2022-04-11 13:38:36.074236+02|16781|test|33|1444860604|0|821809898|8646475193|1834175496|1707158737|360622791|260611197|565|0|2|2007998464|0|||0|0|198287621.953|90849021.241|29577610.335|12278|0|0|0|2022-04-11 11:49:02.863296+02
1648|1649677117.100705|2022-04-11 13:38:37.100705+02|16781|test|33|1444938715|0|821856935|8647462865|1834333977|1707315187|360700898|260689304|565|0|2|2007998464|0|||0|0|198319656.336|90866495.696|29586511.941|12280|0|0|0|2022-04-11 11:49:02.863296+02
1649|1649677118.128065|2022-04-11 13:38:38.128065+02|16781|test|33|1445016822|0|821904127|8648450447|1834492314|1707471629|360779001|260767407|565|0|2|2007998464|0|||0|0|198351689.395|90884001.329|29595393.314|12282|0|0|0|2022-04-11 11:49:02.863296+02
1650|1649677119.155115|2022-04-11 13:38:39.155115+02|16781|test|33|1445116175|0|821964421|8649705169|1834693649|1707670563|360878350|260866756|565|0|2|2007998464|0|||0|0|198392225.562|90906066.057|29606687.825|12284|0|0|0|2022-04-11 11:49:02.863296+02
1651|1649677120.182315|2022-04-11 13:38:40.182315+02|16781|test|33|1445195197|0|822012107|8650703132|1834853865|1707828835|360957368|260945774|565|0|2|2007998464|0|||0|0|198424757.306|90923894.8|29615671.745|12286|0|0|0|2022-04-11 11:49:02.863296+02
1652|1649677121.208944|2022-04-11 13:38:41.208944+02|16781|test|33|1445278057|0|822061943|8651749972|1835021830|1707994783|361040224|261028630|565|0|2|2007998464|0|||0|0|198460289.845|90944071.35|29625050.92|12288|0|0|0|2022-04-11 11:49:02.863296+02
1653|1649677122.236335|2022-04-11 13:38:42.236335+02|16781|test|33|1445362433|0|822112934|8652816863|1835192884|1708163763|361124596|261113002|565|0|2|2007998464|0|||0|0|198495323.68|90963566.073|29634546.773|12290|0|0|0|2022-04-11 11:49:02.863296+02
1654|1649677123.263465|2022-04-11 13:38:43.263465+02|16781|test|33|1445442225|0|822160626|8653824302|1835354576|1708323575|361204384|261192790|565|0|2|2007998464|0|||0|0|198527856.182|90981313.271|29643583.136|12292|0|0|0|2022-04-11 11:49:02.863296+02
1655|1649677124.290043|2022-04-11 13:38:44.290043+02|16781|test|33|1445520146|0|822207766|8654809327|1835512567|1708479645|361282301|261270707|565|0|2|2007998464|0|||0|0|198559889.056|90998891.637|29652410.685|12294|0|0|0|2022-04-11 11:49:02.863296+02
1656|1649677125.316791|2022-04-11 13:38:45.316791+02|16781|test|33|1445599070|0|822255691|8655806203|1835672593|1708637721|361361221|261349627|565|0|2|2007998464|0|||0|0|198591921.269|91016262.433|29661355.703|12296|0|0|0|2022-04-11 11:49:02.863296+02
1657|1649677126.344151|2022-04-11 13:38:46.344151+02|16781|test|33|1445677445|0|822302758|8656795897|1835831494|1708794699|361439592|261427998|565|0|2|2007998464|0|||0|0|198623962.16|91033674.773|29670293.753|12298|0|0|0|2022-04-11 11:49:02.863296+02
1658|1649677127.371923|2022-04-11 13:38:47.371923+02|16781|test|33|1445750410|0|822346835|8657717068|1835979405|1708940857|361512553|261500959|565|0|2|2007998464|0|||0|0|198655994.866|91052249.063|29678511.084|12300|0|0|0|2022-04-11 11:49:02.863296+02
1659|1649677128.398531|2022-04-11 13:38:48.398531+02|16781|test|33|1445829167|0|822394436|8658711423|1836139002|1709098599|361591306|261579712|565|0|2|2007998464|0|||0|0|198688027.707|91069697.29|29687409.754|12302|0|0|0|2022-04-11 11:49:02.863296+02
1660|1649677129.425996|2022-04-11 13:38:49.425996+02|16781|test|33|1445908185|0|822441810|8659710065|1836299171|1709256863|361670320|261658726|565|0|2|2007998464|0|||0|0|198720059.807|91086996.276|29696415.741|12304|0|0|0|2022-04-11 11:49:02.863296+02
1661|1649677130.453354|2022-04-11 13:38:50.453354+02|16781|test|33|1445987134|0|822489791|8660707570|1836459224|1709414989|361749265|261737671|565|0|2|2007998464|0|||0|0|198752093.863|91104391.013|29705356.729|12306|0|0|0|2022-04-11 11:49:02.863296+02
1662|1649677131.479964|2022-04-11 13:38:51.479964+02|16781|test|33|1446065950|0|822537572|8661703038|1836619043|1709572849|361828077|261816483|565|0|2|2007998464|0|||0|0|198784125.029|91121757.956|29714308.392|12308|0|0|0|2022-04-11 11:49:02.863296+02
1663|1649677132.507308|2022-04-11 13:38:52.507308+02|16781|test|33|1446143957|0|822584222|8662688248|1836777156|1709729091|361906080|261894486|565|0|2|2007998464|0|||0|0|198816156.606|91139296.891|29723164.32|12310|0|0|0|2022-04-11 11:49:02.863296+02
1664|1649677133.533703|2022-04-11 13:38:53.533703+02|16781|test|33|1446221982|0|822631162|8663673942|1836935330|1709885369|361984101|261972507|565|0|2|2007998464|0|||0|0|198848189.016|91156873.074|29731997.635|12312|0|0|0|2022-04-11 11:49:02.863296+02
1665|1649677134.560974|2022-04-11 13:38:54.560974+02|16781|test|33|1446300152|0|822678389|8664661685|1837093803|1710041937|362062267|262050673|565|0|2|2007998464|0|||0|0|198880224.436|91174371.052|29740884.026|12314|0|0|0|2022-04-11 11:49:02.863296+02
1666|1649677135.588378|2022-04-11 13:38:55.588378+02|16781|test|33|1446378752|0|822725898|8665654143|1837253061|1710199365|362140863|262129269|565|0|2|2007998464|0|||0|0|198912257.979|91191795.543|29749816.013|12316|0|0|0|2022-04-11 11:49:02.863296+02
1667|1649677136.615437|2022-04-11 13:38:56.615437+02|16781|test|33|1446456276|0|822772736|8666633157|1837410203|1710354641|362218383|262206789|565|0|2|2007998464|0|||0|0|198944290.844|91209404.481|29758638.599|12318|0|0|0|2022-04-11 11:49:02.863296+02
1668|1649677137.642295|2022-04-11 13:38:57.642295+02|16781|test|33|1446535405|0|822820621|8667632760|1837570612|1710513127|362297508|262285914|565|0|2|2007998464|0|||0|0|198976322.347|91226761.979|29767599.558|12320|0|0|0|2022-04-11 11:49:02.863296+02
1669|1649677138.667680|2022-04-11 13:38:58.66768+02|16781|test|33|1446630449|0|822878089|8668833168|1837763130|1710703443|362392548|262380954|565|0|2|2007998464|0|||0|0|199016873.346|91249748.94|29778315.711|12322|0|0|0|2022-04-11 11:49:02.863296+02
1670|1649677139.695039|2022-04-11 13:38:59.695039+02|16781|test|33|1446714222|0|822928559|8669891237|1837932937|1710871217|362476317|262464723|565|0|2|2007998464|0|||0|0|199050905.332|91268250.152|29787803.495|12324|0|0|0|2022-04-11 11:49:02.863296+02
1671|1649677140.722035|2022-04-11 13:39:00.722035+02|16781|test|33|1446798107|0|822979368|8670950702|1838102952|1711039215|362560198|262548604|565|0|2|2007998464|0|||0|0|199084939.835|91286667.314|29797351.289|12326|0|0|0|2022-04-11 11:49:02.863296+02
1672|1649677141.748387|2022-04-11 13:39:01.748387+02|16781|test|33|1446883013|0|823030838|8672023513|1838275041|1711209255|362645100|262633506|565|0|2|2007998464|0|||0|0|199119973.893|91305905.935|29806997.173|12328|0|0|0|2022-04-11 11:49:02.863296+02
1673|1649677142.775200|2022-04-11 13:39:02.7752+02|16781|test|33|1446961897|0|823078005|8673018966|1838434941|1711367251|362723980|262712386|565|0|2|2007998464|0|||0|0|199152506.281|91323722.713|29815994.32|12330|0|0|0|2022-04-11 11:49:02.863296+02
1674|1649677143.802215|2022-04-11 13:39:03.802215+02|16781|test|33|1447038562|0|823124253|8673987390|1838590266|1711520809|362800641|262789047|565|0|2|2007998464|0|||0|0|199184539.837|91341581.197|29824653.355|12332|0|0|0|2022-04-11 11:49:02.863296+02
1675|1649677144.829497|2022-04-11 13:39:04.829497+02|16781|test|33|1447114347|0|823169979|8674945413|1838743886|1711672607|362876422|262864828|565|0|2|2007998464|0|||0|0|199216571.11|91359529.705|29833251.621|12334|0|0|0|2022-04-11 11:49:02.863296+02
1676|1649677145.856348|2022-04-11 13:39:05.856348+02|16781|test|33|1447193217|0|823217662|8675941347|1838903749|1711830575|362955288|262943694|565|0|2|2007998464|0|||0|0|199248601.678|91376911.45|29842189.1|12336|0|0|0|2022-04-11 11:49:02.863296+02
1677|1649677146.883295|2022-04-11 13:39:06.883295+02|16781|test|33|1447272114|0|823265203|8676937778|1839063627|1711988597|363034181|263022587|565|0|2|2007998464|0|||0|0|199280633.836|91394323.721|29851118.49|12338|0|0|0|2022-04-11 11:49:02.863296+02
1678|1649677147.909739|2022-04-11 13:39:07.909739+02|16781|test|33|1447350669|0|823312357|8677929972|1839222840|1712145935|363112732|263101138|565|0|2|2007998464|0|||0|0|199312667.829|91411762.557|29860036.584|12340|0|0|0|2022-04-11 11:49:02.863296+02
1679|1649677148.936130|2022-04-11 13:39:08.93613+02|16781|test|33|1447429084|0|823359900|8678920246|1839381806|1712302993|363191143|263179549|565|0|2|2007998464|0|||0|0|199344705.423|91429251.378|29868928.867|12342|0|0|0|2022-04-11 11:49:02.863296+02
1680|1649677149.962763|2022-04-11 13:39:09.962763+02|16781|test|33|1447507437|0|823406981|8679909105|1839540566|1712459927|363269492|263257898|565|0|2|2007998464|0|||0|0|199376736.998|91446742.057|29877816.518|12344|0|0|0|2022-04-11 11:49:02.863296+02
1681|1649677150.989562|2022-04-11 13:39:10.989562+02|16781|test|33|1447585574|0|823454208|8680896636|1839698900|1712616429|363347625|263336031|565|0|2|2007998464|0|||0|0|199408771.008|91464224.085|29886710.2|12346|0|0|0|2022-04-11 11:49:02.863296+02
1682|1649677152.016617|2022-04-11 13:39:12.016617+02|16781|test|33|1447663888|0|823501270|8681885642|1839857636|1712773285|363425935|263414341|565|0|2|2007998464|0|||0|0|199440804.052|91481736.943|29895583.919|12348|0|0|0|2022-04-11 11:49:02.863296+02
1683|1649677153.042943|2022-04-11 13:39:13.042943+02|16781|test|33|1447742136|0|823548277|8682874639|1840016312|1712930009|363504179|263492585|565|0|2|2007998464|0|||0|0|199472836.249|91499205.095|29904497.528|12350|0|0|0|2022-04-11 11:49:02.863296+02
1684|1649677154.070647|2022-04-11 13:39:14.070647+02|16781|test|33|1447820391|0|823595578|8683862784|1840174864|1713086747|363582430|263570836|565|0|2|2007998464|0|||0|0|199504869.289|91516684.078|29913380.813|12352|0|0|0|2022-04-11 11:49:02.863296+02
1685|1649677155.097151|2022-04-11 13:39:15.097151+02|16781|test|33|1447894139|0|823639905|8684793483|1840324252|1713234471|363656174|263644580|565|0|2|2007998464|0|||0|0|199536902.713|91535082.579|29921704.525|12354|0|0|0|2022-04-11 11:49:02.863296+02
1686|1649677156.124625|2022-04-11 13:39:16.124625+02|16781|test|33|1447973501|0|823687708|8685796893|1840485135|1713393423|363735532|263723938|565|0|2|2007998464|0|||0|0|199568934.279|91552408.685|29930682.355|12356|0|0|0|2022-04-11 11:49:02.863296+02
1687|1649677157.151890|2022-04-11 13:39:17.15189+02|16781|test|33|1448052205|0|823735273|8686790387|1840644640|1713551059|363814232|263802638|565|0|2|2007998464|0|||0|0|199600967.385|91569920.258|29939544.757|12358|0|0|0|2022-04-11 11:49:02.863296+02
1688|1649677158.179650|2022-04-11 13:39:18.17965+02|16781|test|33|1448151427|0|823794993|8688044020|1840845627|1713749731|363913450|263901856|565|0|2|2007998464|0|||0|0|199641504.106|91592049.383|29950772.092|12360|0|0|0|2022-04-11 11:49:02.863296+02
1689|1649677159.207290|2022-04-11 13:39:19.20729+02|16781|test|33|1448239528|0|823848402|8689155828|1841024073|1713926161|364001547|263989953|565|0|2|2007998464|0|||0|0|199677538.535|91611763.113|29960731.979|12362|0|0|0|2022-04-11 11:49:02.863296+02
1690|1649677160.234315|2022-04-11 13:39:20.234315+02|16781|test|33|1448317716|0|823895384|8690143703|1841182567|1714082765|364079731|264068137|565|0|2|2007998464|0|||0|0|199709572.103|91629263.291|29969607.164|12364|0|0|0|2022-04-11 11:49:02.863296+02
1691|1649677161.260379|2022-04-11 13:39:21.260379+02|16781|test|33|1448398445|0|823944017|8691163194|1841346129|1714244451|364160456|264148862|565|0|2|2007998464|0|||0|0|199744607.848|91649363.463|29978739.273|12366|0|0|0|2022-04-11 11:49:02.863296+02
1692|1649677162.287794|2022-04-11 13:39:22.287794+02|16781|test|33|1448478810|0|823992480|8692177461|1841508980|1714405409|364240817|264229223|565|0|2|2007998464|0|||0|0|199777139.033|91667015.288|29987808.871|12368|0|0|0|2022-04-11 11:49:02.863296+02
1693|1649677163.315141|2022-04-11 13:39:23.315141+02|16781|test|33|1448557756|0|824040101|8693174343|1841668960|1714563529|364319759|264308165|565|0|2|2007998464|0|||0|0|199809172.672|91684388.631|29996767.97|12370|0|0|0|2022-04-11 11:49:02.863296+02
1694|1649677164.342166|2022-04-11 13:39:24.342166+02|16781|test|33|1448636420|0|824087445|8694168294|1841828365|1714721085|364398419|264386825|565|0|2|2007998464|0|||0|0|199841205.097|91701806.533|30005686.821|12372|0|0|0|2022-04-11 11:49:02.863296+02
1695|1649677165.369357|2022-04-11 13:39:25.369357+02|16781|test|33|1448715357|0|824135090|8695164467|1841988341|1714879187|364477352|264465758|565|0|2|2007998464|0|||0|0|199873236.768|91719139.649|30014664.028|12374|0|0|0|2022-04-11 11:49:02.863296+02
1696|1649677166.395534|2022-04-11 13:39:26.395534+02|16781|test|34|1448790186|0|824180118|8696110660|1842140201|1715029073|364552177|264540583|565|0|2|2007998464|0|||0|0|199905271.167|91737133.849|30023255.026|12376|0|0|0|2022-04-11 11:49:02.863296+02
1697|1649677167.421902|2022-04-11 13:39:27.421902+02|16781|test|34|1448847894|0|824214829|8696845048|1842257909|1715144717|364609881|264598287|565|0|2|2007998464|0|||0|0|199937309.623|91758556.398|30029789.318|12378|0|0|0|2022-04-11 11:49:02.863296+02
1698|1649677168.448278|2022-04-11 13:39:28.448278+02|16781|test|34|1448906283|0|824250775|8697591332|1842377573|1715261723|364668266|264656672|565|0|2|2007998464|0|||0|0|199969347.172|91780032.452|30036260.592|12380|0|0|0|2022-04-11 11:49:02.863296+02
1699|1649677169.475231|2022-04-11 13:39:29.475231+02|16781|test|34|1448965170|0|824286772|8698347366|1842498726|1715379725|364727149|264715555|565|0|2|2007998464|0|||0|0|200001384.271|91801427.494|30042802.831|12382|0|0|0|2022-04-11 11:49:02.863296+02
1700|1649677170.501872|2022-04-11 13:39:30.501872+02|16781|test|34|1449023835|0|824322717|8699105342|1842619989|1715497283|364785810|264774216|565|0|2|2007998464|0|||0|0|200033421.806|91822859.301|30049315.113|12384|0|0|0|2022-04-11 11:49:02.863296+02
1701|1649677171.528643|2022-04-11 13:39:31.528643+02|16781|test|34|1449081139|0|824358249|8699849751|1842738926|1715612119|364843110|264831516|565|0|2|2007998464|0|||0|0|200065457.488|91844510.01|30055703.363|12386|0|0|0|2022-04-11 11:49:02.863296+02
1702|1649677172.555219|2022-04-11 13:39:32.555219+02|16781|test|34|1449135728|0|824392034|8700562850|1842852688|1715721525|364897695|264886101|565|0|2|2007998464|0|||0|0|200097495.345|91866623.216|30061794.536|12388|0|0|0|2022-04-11 11:49:02.863296+02
1703|1649677173.581533|2022-04-11 13:39:33.581533+02|16781|test|34|1449193878|0|824428019|8701324925|1842974321|1715838053|364955841|264944247|565|0|2|2007998464|0|||0|0|200129538.6|91888183.909|30068216.728|12390|0|0|0|2022-04-11 11:49:02.863296+02
1704|1649677174.607834|2022-04-11 13:39:34.607834+02|16781|test|34|1449252399|0|824464608|8702096659|1843097266|1715955323|365014358|265002764|565|0|2|2007998464|0|||0|0|200161573.563|91909573.906|30074771.268|12392|0|0|0|2022-04-11 11:49:02.863296+02
1705|1649677175.633189|2022-04-11 13:39:35.633189+02|16781|test|34|1449311171|0|824501292|8702874832|1843221140|1716073095|365073126|265061532|565|0|2|2007998464|0|||0|0|200193616.004|91931007.444|30081300.39|12394|0|0|0|2022-04-11 11:49:02.863296+02
1706|1649677176.659658|2022-04-11 13:39:36.659658+02|16781|test|34|1449368756|0|824537579|8703642317|1843343213|1716188493|365130707|265119113|565|0|2|2007998464|0|||0|0|200225652.815|91952617.106|30087703.152|12396|0|0|0|2022-04-11 11:49:02.863296+02
1707|1649677177.686718|2022-04-11 13:39:37.686718+02|16781|test|34|1449439729|0|824582692|8704593386|1843494286|1716330667|365201676|265190082|565|0|2|2007998464|0|||0|0|200266199.805|91980266.385|30095636.153|12398|0|0|0|2022-04-11 11:49:02.863296+02
1708|1649677178.713318|2022-04-11 13:39:38.713318+02|16781|test|34|1449504105|0|824623771|8705461315|1843632036|1716459647|365266048|265254454|565|0|2|2007998464|0|||0|0|200301239.981|92003645.093|30102804.948|12400|0|0|0|2022-04-11 11:49:02.863296+02
1709|1649677179.739849|2022-04-11 13:39:39.739849+02|16781|test|34|1449564920|0|824662937|8706286090|1843762659|1716581505|365326859|265315265|565|0|2|2007998464|0|||0|0|200334274.918|92025707.673|30109550.859|12402|0|0|0|2022-04-11 11:49:02.863296+02
1710|1649677180.766327|2022-04-11 13:39:40.766327+02|16781|test|34|1449629711|0|824704410|8707170587|1843902664|1716711315|365391646|265380052|565|0|2|2007998464|0|||0|0|200369309.091|92048999.679|30116774.222|12404|0|0|0|2022-04-11 11:49:02.863296+02
1711|1649677181.793151|2022-04-11 13:39:41.793151+02|16781|test|34|1449690618|0|824743966|8708005389|1844034760|1716833357|365452549|265440955|565|0|2|2007998464|0|||0|0|200401843.709|92070490.743|30123563.598|12406|0|0|0|2022-04-11 11:49:02.863296+02
1712|1649677182.818667|2022-04-11 13:39:42.818667+02|16781|test|34|1449750642|0|824783024|8708834243|1844165617|1716953633|365512569|265500975|565|0|2|2007998464|0|||0|0|200433879.303|92091617.135|30130302.174|12408|0|0|0|2022-04-11 11:49:02.863296+02
1713|1649677183.844959|2022-04-11 13:39:43.844959+02|16781|test|34|1449810530|0|824822147|8709663904|1844296568|1717073637|365572453|265560859|565|0|2|2007998464|0|||0|0|200465917.229|92112756.272|30137015.253|12410|0|0|0|2022-04-11 11:49:02.863296+02
1714|1649677184.871655|2022-04-11 13:39:44.871655+02|16781|test|34|1449870320|0|824861467|8710498321|1844428096|1717193445|365632239|265620645|565|0|2|2007998464|0|||0|0|200497955.941|92133921.212|30143712.039|12412|0|0|0|2022-04-11 11:49:02.863296+02
1715|1649677185.898221|2022-04-11 13:39:45.898221+02|16781|test|34|1449929827|0|824900754|8711334647|1844559652|1717312687|365691742|265680148|565|0|2|2007998464|0|||0|0|200529991.522|92155130.714|30150368.547|12414|0|0|0|2022-04-11 11:49:02.863296+02
1716|1649677186.925023|2022-04-11 13:39:46.925023+02|16781|test|34|1449990650|0|824941000|8712190200|1844694362|1717434561|365752561|265740967|565|0|2|2007998464|0|||0|0|200562027.403|92176113.086|30157177.828|12416|0|0|0|2022-04-11 11:49:02.863296+02
1717|1649677187.951565|2022-04-11 13:39:47.951565+02|16781|test|34|1450051800|0|824981790|8713055546|1844830362|1717557089|365813707|265802113|565|0|2|2007998464|0|||0|0|200594067.591|92196935.076|30164109.175|12418|0|0|0|2022-04-11 11:49:02.863296+02
1718|1649677188.978476|2022-04-11 13:39:48.978476+02|16781|test|33|1450109421|0|825193885|8713970619|1844957445|1717673628|365871340|265859730|585|0|2|2007998464|0|||0|0|200626103.588|92218386.473|30170627.675|12420|0|0|0|2022-04-11 11:49:02.863296+02
1719|1649677190.005359|2022-04-11 13:39:50.005359+02|16781|test|33|1450177030|0|825234895|8714830325|1845095366|1717809074|365938945|265927335|585|0|2|2007998464|0|||0|0|200658139.76|92238276.986|30178087.095|12422|0|0|0|2022-04-11 11:49:02.863296+02
1720|1649677191.032266|2022-04-11 13:39:51.032266+02|16781|test|33|1450243624|0|825275389|8715677748|1845231370|1717942490|366005535|265993925|585|0|2|2007998464|0|||0|0|200690176.721|92258354.655|30185434.804|12424|0|0|0|2022-04-11 11:49:02.863296+02
1721|1649677192.058971|2022-04-11 13:39:52.058971+02|16781|test|33|1450310456|0|825316051|8716528131|1845367815|1718076382|366072363|266060753|585|0|2|2007998464|0|||0|0|200722211.18|92278454.094|30192758.076|12426|0|0|0|2022-04-11 11:49:02.863296+02
1722|1649677193.085867|2022-04-11 13:39:53.085867+02|16781|test|33|1450377728|0|825357425|8717384032|1845505115|1718211154|366139631|266128021|585|0|2|2007998464|0|||0|0|200754248.521|92298378.813|30200200.393|12428|0|0|0|2022-04-11 11:49:02.863296+02
1723|1649677194.112080|2022-04-11 13:39:54.11208+02|16781|test|33|1450444614|0|825397767|8718234798|1845641671|1718345154|366206513|266194903|585|0|2|2007998464|0|||0|0|200786289.62|92318435.524|30207546.777|12430|0|0|0|2022-04-11 11:49:02.863296+02
1724|1649677195.138829|2022-04-11 13:39:55.138829+02|16781|test|33|1450509495|0|825436851|8719059101|1845774062|1718475144|366271390|266259780|585|0|2|2007998464|0|||0|0|200818329.476|92338757.451|30214752.202|12432|0|0|0|2022-04-11 11:49:02.863296+02
1725|1649677196.164872|2022-04-11 13:39:56.164872+02|16781|test|33|1450576017|0|825477300|8719904413|1845909701|1718608416|366337908|266326298|585|0|2|2007998464|0|||0|0|200850364.107|92358795.29|30222121.488|12434|0|0|0|2022-04-11 11:49:02.863296+02
1726|1649677197.191263|2022-04-11 13:39:57.191263+02|16781|test|33|1450662805|0|825529867|8721007147|1846086622|1718782220|366424692|266413082|585|0|2|2007998464|0|||0|0|200890903.135|92383701.065|30231735.229|12436|0|0|0|2022-04-11 11:49:02.863296+02
1727|1649677198.218036|2022-04-11 13:39:58.218036+02|16781|test|33|1450732836|0|825572894|8721897529|1846229433|1718922510|366494719|266483109|585|0|2|2007998464|0|||0|0|200923440.336|92403624.608|30239494.585|12438|0|0|0|2022-04-11 11:49:02.863296+02
1728|1649677199.245682|2022-04-11 13:39:59.245682+02|16781|test|33|1450810288|0|825619963|8722881998|1846387392|1719077642|366572167|266560557|585|0|2|2007998464|0|||0|0|200958974.795|92425169.004|30248095.067|12440|0|0|0|2022-04-11 11:49:02.863296+02
1729|1649677200.272161|2022-04-11 13:40:00.272161+02|16781|test|33|1450886925|0|825666177|8723856215|1846543725|1719231144|366648800|266637190|585|0|2|2007998464|0|||0|0|200994008.847|92446304.747|30256634.016|12442|0|0|0|2022-04-11 11:49:02.863296+02
1730|1649677201.299177|2022-04-11 13:40:01.299177+02|16781|test|33|1450958594|0|825709628|8724766538|1846689953|1719374710|366720465|266708855|585|0|2|2007998464|0|||0|0|201026544.218|92465853.247|30264619.07|12444|0|0|0|2022-04-11 11:49:02.863296+02
1731|1649677202.326253|2022-04-11 13:40:02.326253+02|16781|test|33|1451028598|0|825752337|8725656120|1846832730|1719514946|366790465|266778855|585|0|2|2007998464|0|||0|0|201058579.809|92485207.843|30272418.739|12446|0|0|0|2022-04-11 11:49:02.863296+02
1732|1649677203.352938|2022-04-11 13:40:03.352938+02|16781|test|33|1451099802|0|825795492|8726560818|1846977957|1719657582|366861665|266850055|585|0|2|2007998464|0|||0|0|201090612.99|92504352.28|30280338.364|12448|0|0|0|2022-04-11 11:49:02.863296+02
1733|1649677204.379489|2022-04-11 13:40:04.379489+02|16781|test|33|1451169513|0|825837916|8727447484|1847120131|1719797232|366931372|266919762|585|0|2|2007998464|0|||0|0|201122651.495|92523809.02|30288079.346|12450|0|0|0|2022-04-11 11:49:02.863296+02
1734|1649677205.406147|2022-04-11 13:40:05.406147+02|16781|test|33|1451239930|0|825880534|8728341477|1847263784|1719938294|367001785|266990175|585|0|2|2007998464|0|||0|0|201154685.671|92543089.151|30295922.202|12452|0|0|0|2022-04-11 11:49:02.863296+02
1735|1649677206.432232|2022-04-11 13:40:06.432232+02|16781|test|33|1451305895|0|825920649|8729179447|1847398257|1720070452|367067746|267056136|585|0|2|2007998464|0|||0|0|201186719.175|92563230.569|30303201.002|12454|0|0|0|2022-04-11 11:49:02.863296+02
1736|1649677207.459060|2022-04-11 13:40:07.45906+02|16781|test|33|1451377839|0|825964341|8730094164|1847544972|1720214568|367139686|267128076|585|0|2|2007998464|0|||0|0|201218751.025|92582219.693|30311210.523|12456|0|0|0|2022-04-11 11:49:02.863296+02
1737|1649677208.485832|2022-04-11 13:40:08.485832+02|16781|test|33|1451450618|0|826008586|8731019116|1847693412|1720360354|367212461|267200851|585|0|2|2007998464|0|||0|0|201250784.989|92601046.074|30319329.952|12458|0|0|0|2022-04-11 11:49:02.863296+02
1738|1649677209.512771|2022-04-11 13:40:09.512771+02|16781|test|33|1451522887|0|826052685|8731937282|1847840748|1720505120|367284726|267273116|585|0|2|2007998464|0|||0|0|201282819.917|92619974.954|30327383.396|12460|0|0|0|2022-04-11 11:49:02.863296+02
1739|1649677210.539669|2022-04-11 13:40:10.539669+02|16781|test|33|1451596054|0|826097015|8732866425|1847989893|1720651682|367357889|267346279|585|0|2|2007998464|0|||0|0|201314853.807|92638691.682|30335556.679|12462|0|0|0|2022-04-11 11:49:02.863296+02
1740|1649677211.566202|2022-04-11 13:40:11.566202+02|16781|test|33|1451668436|0|826141095|8733786562|1848137434|1720796674|367430267|267418657|585|0|2|2007998464|0|||0|0|201346888.495|92657545.603|30343645.756|12464|0|0|0|2022-04-11 11:49:02.863296+02
1741|1649677212.593115|2022-04-11 13:40:12.593115+02|16781|test|33|1451739607|0|826184185|8734690633|1848282566|1720939244|367501434|267489824|585|0|2|2007998464|0|||0|0|201378925.361|92676726.108|30351531.484|12466|0|0|0|2022-04-11 11:49:02.863296+02
1742|1649677213.619867|2022-04-11 13:40:13.619867+02|16781|test|33|1451812423|0|826228267|8735614953|1848430956|1721085104|367574246|267562636|585|0|2|2007998464|0|||0|0|201410957.679|92695547.754|30359637.066|12468|0|0|0|2022-04-11 11:49:02.863296+02
1743|1649677214.646384|2022-04-11 13:40:14.646384+02|16781|test|33|1451884954|0|826272142|8736535862|1848578696|1721230394|367646773|267635163|585|0|2|2007998464|0|||0|0|201442990.131|92714397.658|30367728.554|12470|0|0|0|2022-04-11 11:49:02.863296+02
1744|1649677215.673326|2022-04-11 13:40:15.673326+02|16781|test|33|1451957779|0|826316667|8737460154|1848727108|1721376272|367719594|267707984|585|0|2|2007998464|0|||0|0|201475022.366|92733241.045|30375809.196|12472|0|0|0|2022-04-11 11:49:02.863296+02
1745|1649677216.700186|2022-04-11 13:40:16.700186+02|16781|test|33|1452045967|0|826369945|8738579526|1848906675|1721552876|367807778|267796168|585|0|2|2007998464|0|||0|0|201515559.513|92757822.409|30385576.075|12474|0|0|0|2022-04-11 11:49:02.863296+02
1746|1649677217.726761|2022-04-11 13:40:17.726761+02|16781|test|33|1452120778|0|826415371|8739529984|1849059108|1721702726|367882585|267870975|585|0|2|2007998464|0|||0|0|201548090.674|92776806.265|30393855.175|12476|0|0|0|2022-04-11 11:49:02.863296+02
1747|1649677218.753781|2022-04-11 13:40:18.753781+02|16781|test|33|1452203791|0|826465924|8740584054|1849228240|1721868980|367965594|267953984|585|0|2|2007998464|0|||0|0|201583627.356|92797223.299|30403112.898|12478|0|0|0|2022-04-11 11:49:02.863296+02
1748|1649677219.780110|2022-04-11 13:40:19.78011+02|16781|test|33|1452284554|0|826514662|8741609857|1849392815|1722030734|368046353|268034743|585|0|2|2007998464|0|||0|0|201618663.659|92817567.935|30412118.047|12480|0|0|0|2022-04-11 11:49:02.863296+02
1749|1649677220.806795|2022-04-11 13:40:20.806795+02|16781|test|33|1452359310|0|826560054|8742560054|1849545175|1722180474|368121105|268109495|585|0|2|2007998464|0|||0|0|201651199.237|92836491.849|30420456.568|12482|0|0|0|2022-04-11 11:49:02.863296+02
1750|1649677221.833708|2022-04-11 13:40:21.833708+02|16781|test|33|1452432220|0|826604416|8743485671|1849693747|1722326522|368194011|268182401|585|0|2|2007998464|0|||0|0|201683235.267|92855300.692|30428559.833|12484|0|0|0|2022-04-11 11:49:02.863296+02
1751|1649677222.860297|2022-04-11 13:40:22.860297+02|16781|test|33|1452499785|0|826645493|8744342643|1849831372|1722461880|368261572|268249962|585|0|2|2007998464|0|||0|0|201715268.851|92875122.924|30436008.902|12486|0|0|0|2022-04-11 11:49:02.863296+02
1752|1649677223.886803|2022-04-11 13:40:23.886803+02|16781|test|33|1452575006|0|826691098|8745297314|1849984584|1722612550|368336789|268325179|585|0|2|2007998464|0|||0|0|201747302.418|92893481.151|30444386.975|12488|0|0|0|2022-04-11 11:49:02.863296+02
1753|1649677224.913494|2022-04-11 13:40:24.913494+02|16781|test|33|1452649364|0|826736284|8746240520|1850136048|1722761494|368411143|268399533|585|0|2|2007998464|0|||0|0|201779337.465|92912026.044|30452640.267|12490|0|0|0|2022-04-11 11:49:02.863296+02
1754|1649677225.940065|2022-04-11 13:40:25.940065+02|16781|test|34|1452687188|0|826759386|8746720483|1850213163|1722837358|368448964|268437354|585|0|2|2007998464|0|||0|0|201795362.15|92921157.454|30456853.316|12491|0|0|0|2022-04-11 11:49:02.863296+02
1755|1649677226.957095|2022-04-11 13:40:26.957095+02|16781|test|34|1452797615|0|826826458|8748126786|1850438711|1723058452|368559386|268547776|585|0|2|2007998464|0|||0|0|201843395.68|92948611.434|30469493.883|12494|0|0|0|2022-04-11 11:49:02.863296+02
1756|1649677227.982744|2022-04-11 13:40:27.982744+02|16781|test|2|1452820981|0|826840761|8748427645|1850487377|1723105952|368582738|268571128|585|0|2|2007998464|0|||0|0|201853602.438|92954382.766|30472188.146|12501|0|0|0|2022-04-11 11:49:02.863296+02
