run|epoch|ts|lsn|checkpoints_timed|checkpoints_req|checkpoint_write_time|checkpoint_sync_time|buffers_checkpoint|buffers_clean|maxwritten_clean|buffers_backend|buffers_backend_fsync|buffers_alloc|stats_reset
1|1651013132.739864|2022-04-27 00:45:32.739864+02|22/894EFAD8|12|7|5042942|464|13095477|1213538|12096|30794127|0|671847552|2022-04-26 21:33:12.768492+02
1|1651013133.764664|2022-04-27 00:45:33.764664+02|22/95BDC7D0|12|7|5042942|464|13095477|1213538|12096|30794127|0|671879227|2022-04-26 21:33:12.768492+02
2|1651013134.789949|2022-04-27 00:45:34.789949+02|22/A2B2D2D8|12|7|5042942|464|13095477|1213538|12096|30794127|0|671911889|2022-04-26 21:33:12.768492+02
3|1651013135.815332|2022-04-27 00:45:35.815332+02|22/AF739EF8|12|7|5042942|464|13095477|1213538|12096|30794127|0|671945086|2022-04-26 21:33:12.768492+02
4|1651013136.841030|2022-04-27 00:45:36.84103+02|22/BC237340|12|7|5042942|464|13095477|1213538|12096|30794127|0|671978948|2022-04-26 21:33:12.768492+02
5|1651013137.866803|2022-04-27 00:45:37.866803+02|22/C8AC88C8|12|7|5042942|464|13095477|1213538|12096|30794127|0|672012628|2022-04-26 21:33:12.768492+02
6|1651013138.892275|2022-04-27 00:45:38.892275+02|22/D50483E8|12|7|5042942|464|13095477|1213538|12096|30794127|0|672046927|2022-04-26 21:33:12.768492+02
7|1651013139.917996|2022-04-27 00:45:39.917996+02|22/E1202FC0|12|7|5042942|464|13095477|1213538|12096|30794127|0|672081301|2022-04-26 21:33:12.768492+02
8|1651013140.943700|2022-04-27 00:45:40.9437+02|22/ED02EDC0|12|7|5042942|464|13095477|1213538|12096|30794127|0|672115910|2022-04-26 21:33:12.768492+02
9|1651013141.969549|2022-04-27 00:45:41.969549+02|22/F8B62158|12|7|5042942|464|13095477|1213538|12096|30794127|0|672151000|2022-04-26 21:33:12.768492+02
10|1651013142.994499|2022-04-27 00:45:42.994499+02|23/456A208|12|7|5042942|464|13095477|1213538|12096|30794127|0|672193124|2022-04-26 21:33:12.768492+02
11|1651013144.020307|2022-04-27 00:45:44.020307+02|23/FCAFB10|12|7|5042942|464|13095477|1213538|12096|30794127|0|672228972|2022-04-26 21:33:12.768492+02
12|1651013145.045097|2022-04-27 00:45:45.045097+02|23/1B0994E0|12|7|5042942|464|13095477|1213538|12096|30794127|0|672264871|2022-04-26 21:33:12.768492+02
13|1651013146.070644|2022-04-27 00:45:46.070644+02|23/260C99E0|12|7|5042942|464|13095477|1213538|12096|30794127|0|672300723|2022-04-26 21:33:12.768492+02
14|1651013147.096134|2022-04-27 00:45:47.096134+02|23/30F08D30|12|7|5042942|464|13095477|1213538|12096|30794127|0|672337037|2022-04-26 21:33:12.768492+02
15|1651013148.123346|2022-04-27 00:45:48.123346+02|23/3BB588B8|12|7|5042942|464|13095477|1213538|12096|30794127|0|672373403|2022-04-26 21:33:12.768492+02
16|1651013149.148867|2022-04-27 00:45:49.148867+02|23/464F8178|12|7|5042942|464|13095477|1213538|12096|30794127|0|672410172|2022-04-26 21:33:12.768492+02
17|1651013150.174748|2022-04-27 00:45:50.174748+02|23/50B05418|12|7|5042942|464|13095477|1213538|12096|30794127|0|672447015|2022-04-26 21:33:12.768492+02
18|1651013151.200119|2022-04-27 00:45:51.200119+02|23/5AE22340|12|7|5042942|464|13095477|1213538|12096|30794127|0|672483808|2022-04-26 21:33:12.768492+02
19|1651013152.225352|2022-04-27 00:45:52.225352+02|23/64F22FB8|12|7|5042942|464|13095477|1213538|12096|30794127|0|672520755|2022-04-26 21:33:12.768492+02
20|1651013153.250954|2022-04-27 00:45:53.250954+02|23/6EEBD528|12|7|5042942|464|13095477|1213538|12096|30794127|0|672565828|2022-04-26 21:33:12.768492+02
21|1651013154.277335|2022-04-27 00:45:54.277335+02|23/78BE2330|12|7|5042942|464|13095477|1213538|12096|30794127|0|672603690|2022-04-26 21:33:12.768492+02
22|1651013155.303407|2022-04-27 00:45:55.303407+02|23/8272C8F8|12|7|5042942|464|13095477|1213538|12096|30794127|0|672641481|2022-04-26 21:33:12.768492+02
23|1651013156.328215|2022-04-27 00:45:56.328215+02|23/8BF54BB0|12|7|5042942|464|13095477|1213538|12096|30794127|0|672679841|2022-04-26 21:33:12.768492+02
24|1651013157.354311|2022-04-27 00:45:57.354311+02|23/955BD590|12|7|5042942|464|13095477|1213538|12096|30794127|0|672718161|2022-04-26 21:33:12.768492+02
25|1651013158.379765|2022-04-27 00:45:58.379765+02|23/9E848C08|12|7|5042942|464|13095477|1213538|12096|30794127|0|672755780|2022-04-26 21:33:12.768492+02
26|1651013159.405169|2022-04-27 00:45:59.405169+02|23/A7908718|12|7|5042942|464|13095477|1213538|12096|30794127|0|672793844|2022-04-26 21:33:12.768492+02
27|1651013160.431079|2022-04-27 00:46:00.431079+02|23/B0875998|12|7|5042942|464|13095477|1213538|12096|30794127|0|672832260|2022-04-26 21:33:12.768492+02
28|1651013161.457122|2022-04-27 00:46:01.457122+02|23/B974B4B8|12|7|5042942|464|13095477|1213538|12096|30794127|0|672871313|2022-04-26 21:33:12.768492+02
29|1651013162.483610|2022-04-27 00:46:02.48361+02|23/C24F55C0|12|7|5042942|464|13095477|1213538|12096|30794127|0|672917864|2022-04-26 21:33:12.768492+02
30|1651013163.509986|2022-04-27 00:46:03.509986+02|23/CAFBBF00|12|7|5042942|464|13095477|1213538|12096|30794127|0|672956777|2022-04-26 21:33:12.768492+02
31|1651013164.525213|2022-04-27 00:46:04.525213+02|23/D2031D40|12|7|5042942|464|13095477|1213538|12096|30794127|0|672973589|2022-04-26 21:33:12.768492+02
32|1651013165.550725|2022-04-27 00:46:05.550725+02|23/DA816FD0|12|7|5042942|464|13095477|1213538|12096|30794127|0|673027930|2022-04-26 21:33:12.768492+02
33|1651013166.577200|2022-04-27 00:46:06.5772+02|23/E2C07D88|12|7|5042942|464|13095477|1213538|12096|30794127|0|673066779|2022-04-26 21:33:12.768492+02
34|1651013167.603196|2022-04-27 00:46:07.603196+02|23/EAFF4F00|12|7|5042942|464|13095477|1213538|12096|30794127|0|673106399|2022-04-26 21:33:12.768492+02
35|1651013168.629586|2022-04-27 00:46:08.629586+02|23/F31EB938|12|7|5042942|464|13095477|1213538|12096|30794127|0|673145860|2022-04-26 21:33:12.768492+02
36|1651013169.654880|2022-04-27 00:46:09.65488+02|23/FB2D7B58|12|7|5042942|464|13095477|1213551|12096|30794127|0|673185446|2022-04-26 21:33:12.768492+02
37|1651013170.680613|2022-04-27 00:46:10.680613+02|24/31C3928|12|7|5042942|464|13095477|1214017|12100|30794127|0|673225790|2022-04-26 21:33:12.768492+02
38|1651013171.707316|2022-04-27 00:46:11.707316+02|24/AF1C090|12|7|5042942|464|13095477|1214517|12105|30794127|0|673265780|2022-04-26 21:33:12.768492+02
39|1651013172.733875|2022-04-27 00:46:12.733875+02|24/12AAA510|12|7|5042942|464|13095477|1215017|12110|30794127|0|673306328|2022-04-26 21:33:12.768492+02
40|1651013173.759743|2022-04-27 00:46:13.759743+02|24/1A43D2F0|12|7|5042942|464|13095477|1215517|12115|30794127|0|673346291|2022-04-26 21:33:12.768492+02
41|1651013174.786045|2022-04-27 00:46:14.786045+02|24/21BF5488|12|7|5042942|464|13095477|1216017|12120|30794127|0|673386410|2022-04-26 21:33:12.768492+02
42|1651013175.812322|2022-04-27 00:46:15.812322+02|24/29327BD0|12|7|5042942|464|13095477|1216617|12126|30794127|0|673434735|2022-04-26 21:33:12.768492+02
43|1651013176.838215|2022-04-27 00:46:16.838215+02|24/3082D410|12|7|5042942|464|13095477|1217117|12131|30794127|0|673475409|2022-04-26 21:33:12.768492+02
44|1651013177.864876|2022-04-27 00:46:17.864876+02|24/37C72BA0|12|7|5042942|464|13095477|1217617|12136|30794127|0|673515449|2022-04-26 21:33:12.768492+02
45|1651013178.890634|2022-04-27 00:46:18.890634+02|24/3EFF6670|12|7|5042942|464|13095477|1218117|12141|30794127|0|673556454|2022-04-26 21:33:12.768492+02
46|1651013179.916710|2022-04-27 00:46:19.91671+02|24/46231E90|12|7|5042942|464|13095477|1218617|12146|30794127|0|673596966|2022-04-26 21:33:12.768492+02
47|1651013180.942266|2022-04-27 00:46:20.942266+02|24/4D2EF8E8|12|7|5042942|464|13095477|1219117|12151|30794127|0|673637655|2022-04-26 21:33:12.768492+02
48|1651013181.968622|2022-04-27 00:46:21.968622+02|24/54396B68|12|7|5042942|464|13095477|1219617|12156|30794127|0|673678860|2022-04-26 21:33:12.768492+02
49|1651013182.994613|2022-04-27 00:46:22.994613+02|24/5B229D78|12|7|5042942|464|13095477|1220117|12161|30794127|0|673719973|2022-04-26 21:33:12.768492+02
50|1651013184.020236|2022-04-27 00:46:24.020236+02|24/61F7F2C8|12|7|5042942|464|13095477|1220617|12166|30794127|0|673760674|2022-04-26 21:33:12.768492+02
51|1651013185.045976|2022-04-27 00:46:25.045976+02|24/68C1F3B8|12|7|5042942|464|13095477|1221117|12171|30794127|0|673801828|2022-04-26 21:33:12.768492+02
52|1651013186.071794|2022-04-27 00:46:26.071794+02|24/6F7581F8|12|7|5042942|464|13095477|1221617|12176|30794127|0|673842844|2022-04-26 21:33:12.768492+02
53|1651013187.097556|2022-04-27 00:46:27.097556+02|24/7626D340|12|7|5042942|464|13095477|1222117|12181|30794127|0|673884442|2022-04-26 21:33:12.768492+02
54|1651013188.122982|2022-04-27 00:46:28.122982+02|24/7CC5F160|12|7|5042942|464|13095477|1222617|12186|30794127|0|673926255|2022-04-26 21:33:12.768492+02
55|1651013189.149375|2022-04-27 00:46:29.149375+02|24/835ABF60|12|7|5042942|464|13095477|1223217|12192|30794127|0|673976250|2022-04-26 21:33:12.768492+02
56|1651013190.175395|2022-04-27 00:46:30.175395+02|24/89C8B240|12|7|5042942|464|13095477|1223717|12197|30794127|0|674017722|2022-04-26 21:33:12.768492+02
57|1651013191.201561|2022-04-27 00:46:31.201561+02|24/900DD488|12|7|5042942|464|13095477|1224217|12202|30794127|0|674058567|2022-04-26 21:33:12.768492+02
58|1651013192.228208|2022-04-27 00:46:32.228208+02|24/9658F3C8|12|7|5042942|464|13095477|1224717|12207|30794127|0|674099770|2022-04-26 21:33:12.768492+02
59|1651013193.254294|2022-04-27 00:46:33.254294+02|24/9C905C30|12|7|5042942|464|13095477|1225217|12212|30794127|0|674140993|2022-04-26 21:33:12.768492+02
60|1651013194.280478|2022-04-27 00:46:34.280478+02|24/A2B6FB28|12|7|5042942|464|13095477|1225717|12217|30794127|0|674182264|2022-04-26 21:33:12.768492+02
61|1651013195.306490|2022-04-27 00:46:35.30649+02|24/A8198C98|12|7|5042942|464|13095477|1226217|12222|30794127|0|674218978|2022-04-26 21:33:12.768492+02
62|1651013196.331973|2022-04-27 00:46:36.331973+02|24/AE22B7C0|12|7|5042942|464|13095477|1226717|12227|30794127|0|674260307|2022-04-26 21:33:12.768492+02
63|1651013197.358034|2022-04-27 00:46:37.358034+02|24/B414F9D0|12|7|5042942|464|13095477|1227217|12232|30794127|0|674301524|2022-04-26 21:33:12.768492+02
64|1651013198.384161|2022-04-27 00:46:38.384161+02|24/BA056C68|12|7|5042942|464|13095477|1227717|12237|30794127|0|674342978|2022-04-26 21:33:12.768492+02
65|1651013199.409468|2022-04-27 00:46:39.409468+02|24/BFCDFFA8|12|7|5042942|464|13095477|1228217|12242|30794127|0|674384653|2022-04-26 21:33:12.768492+02
66|1651013200.434985|2022-04-27 00:46:40.434985+02|24/C59811D0|12|7|5042942|464|13095477|1228817|12248|30794127|0|674433394|2022-04-26 21:33:12.768492+02
67|1651013201.460832|2022-04-27 00:46:41.460832+02|24/CA97CDA8|12|7|5042942|464|13095477|1229317|12253|30794127|0|674469495|2022-04-26 21:33:12.768492+02
68|1651013202.486100|2022-04-27 00:46:42.4861+02|24/D054F8D8|12|7|5042942|464|13095477|1229817|12258|30794127|0|674511236|2022-04-26 21:33:12.768492+02
69|1651013203.511738|2022-04-27 00:46:43.511738+02|24/D5FCB570|12|7|5042942|464|13095477|1230317|12263|30794127|0|674552858|2022-04-26 21:33:12.768492+02
70|1651013204.538032|2022-04-27 00:46:44.538032+02|24/DB9A4480|12|7|5042942|464|13095477|1230817|12268|30794127|0|674594327|2022-04-26 21:33:12.768492+02
71|1651013205.564502|2022-04-27 00:46:45.564502+02|24/E12F6900|12|7|5042942|464|13095477|1231317|12273|30794127|0|674635946|2022-04-26 21:33:12.768492+02
72|1651013206.590995|2022-04-27 00:46:46.590995+02|24/E6C83728|12|7|5042942|464|13095477|1231817|12278|30794127|0|674678221|2022-04-26 21:33:12.768492+02
73|1651013207.616800|2022-04-27 00:46:47.6168+02|24/EC32B9C8|12|7|5042942|464|13095477|1232317|12283|30794127|0|674719639|2022-04-26 21:33:12.768492+02
74|1651013208.643055|2022-04-27 00:46:48.643055+02|24/F18DFEF0|12|7|5042942|464|13095477|1232817|12288|30794127|0|674761136|2022-04-26 21:33:12.768492+02
75|1651013209.668809|2022-04-27 00:46:49.668809+02|24/F6EB9840|12|7|5042942|464|13095477|1233317|12293|30794127|0|674803039|2022-04-26 21:33:12.768492+02
76|1651013210.695060|2022-04-27 00:46:50.69506+02|24/FC40B628|12|7|5042942|464|13095477|1233917|12299|30794127|0|674852807|2022-04-26 21:33:12.768492+02
77|1651013211.721184|2022-04-27 00:46:51.721184+02|25/17B15A0|12|7|5042942|464|13095477|1234417|12304|30794127|0|674894367|2022-04-26 21:33:12.768492+02
78|1651013212.745296|2022-04-27 00:46:52.745296+02|25/657AFB8|12|7|5042942|464|13095477|1234917|12309|30794127|0|674934962|2022-04-26 21:33:12.768492+02
79|1651013213.770326|2022-04-27 00:46:53.770326+02|25/B678C30|12|7|5042942|464|13095477|1235417|12314|30794127|0|674974089|2022-04-26 21:33:12.768492+02
80|1651013214.795640|2022-04-27 00:46:54.79564+02|25/1097DF18|12|7|5042942|464|13095477|1235917|12319|30794127|0|675016338|2022-04-26 21:33:12.768492+02
81|1651013215.821726|2022-04-27 00:46:55.821726+02|25/15C0DA60|12|7|5042942|464|13095477|1236417|12324|30794127|0|675058835|2022-04-26 21:33:12.768492+02
82|1651013216.847127|2022-04-27 00:46:56.847127+02|25/1AD77460|12|7|5042942|464|13095477|1236917|12329|30794127|0|675100968|2022-04-26 21:33:12.768492+02
83|1651013217.872855|2022-04-27 00:46:57.872855+02|25/1FCF0BA0|12|7|5042942|464|13095477|1237417|12334|30794127|0|675142378|2022-04-26 21:33:12.768492+02
84|1651013218.899073|2022-04-27 00:46:58.899073+02|25/248D9878|12|7|5042942|464|13095477|1237917|12339|30794127|0|675183100|2022-04-26 21:33:12.768492+02
85|1651013219.924998|2022-04-27 00:46:59.924998+02|25/2956DA08|12|7|5042942|464|13095477|1238417|12344|30794127|0|675223009|2022-04-26 21:33:12.768492+02
86|1651013220.951338|2022-04-27 00:47:00.951338+02|25/2E501E48|12|7|5042942|464|13095477|1238917|12349|30794127|0|675265743|2022-04-26 21:33:12.768492+02
87|1651013221.977846|2022-04-27 00:47:01.977846+02|25/333EE658|12|7|5042942|464|13095477|1239517|12355|30794127|0|675317084|2022-04-26 21:33:12.768492+02
88|1651013223.003856|2022-04-27 00:47:03.003856+02|25/3818FFF8|12|7|5042942|464|13095477|1240017|12360|30794127|0|675359759|2022-04-26 21:33:12.768492+02
89|1651013224.030357|2022-04-27 00:47:04.030357+02|25/3CF800F0|12|7|5042942|464|13095477|1240517|12365|30794127|0|675402435|2022-04-26 21:33:12.768492+02
90|1651013225.056852|2022-04-27 00:47:05.056852+02|25/41AA3088|12|7|5042942|464|13095477|1241017|12370|30794127|0|675444097|2022-04-26 21:33:12.768492+02
91|1651013226.082846|2022-04-27 00:47:06.082846+02|25/46652F88|12|7|5042942|464|13095477|1241517|12375|30794127|0|675485808|2022-04-26 21:33:12.768492+02
92|1651013227.109220|2022-04-27 00:47:07.10922+02|25/4B142C10|12|7|5042942|464|13095477|1242017|12380|30794127|0|675527704|2022-04-26 21:33:12.768492+02
93|1651013228.135236|2022-04-27 00:47:08.135236+02|25/4FC9A080|12|7|5042942|464|13095477|1242517|12385|30794127|0|675570446|2022-04-26 21:33:12.768492+02
94|1651013229.161481|2022-04-27 00:47:09.161481+02|25/5467FAE8|12|7|5042942|464|13095477|1243017|12390|30794127|0|675612304|2022-04-26 21:33:12.768492+02
95|1651013230.187477|2022-04-27 00:47:10.187477+02|25/58950818|12|7|5042942|464|13095477|1243517|12395|30794127|0|675650963|2022-04-26 21:33:12.768492+02
96|1651013231.213517|2022-04-27 00:47:11.213517+02|25/5D327D60|12|7|5042942|464|13095477|1244017|12400|30794127|0|675693635|2022-04-26 21:33:12.768492+02
97|1651013232.239390|2022-04-27 00:47:12.23939+02|25/61CB7A08|12|7|5042942|464|13095477|1244617|12406|30794127|0|675745186|2022-04-26 21:33:12.768492+02
98|1651013233.264570|2022-04-27 00:47:13.26457+02|25/662FEDF0|12|7|5042942|464|13095477|1245117|12411|32859900|0|675786754|2022-04-26 21:33:12.768492+02
99|1651013234.290113|2022-04-27 00:47:14.290113+02|25/6AA93F40|12|7|5042942|464|13095477|1245617|12416|32859900|0|675829112|2022-04-26 21:33:12.768492+02
100|1651013235.315257|2022-04-27 00:47:15.315257+02|25/6EBB5160|12|7|5042942|464|13095477|1246117|12421|32859900|0|675869130|2022-04-26 21:33:12.768492+02
101|1651013236.340931|2022-04-27 00:47:16.340931+02|25/732B9678|12|7|5042942|464|13095477|1246617|12426|32859900|0|675910913|2022-04-26 21:33:12.768492+02
102|1651013237.367117|2022-04-27 00:47:17.367117+02|25/779CF330|12|7|5042942|464|13095477|1247117|12431|32859900|0|675954344|2022-04-26 21:33:12.768492+02
103|1651013238.393842|2022-04-27 00:47:18.393842+02|25/7C05EF18|12|7|5042942|464|13095477|1247617|12436|32859900|0|675997633|2022-04-26 21:33:12.768492+02
104|1651013239.419718|2022-04-27 00:47:19.419718+02|25/805FC8B8|12|7|5042942|464|13095477|1248117|12441|32859900|0|676040925|2022-04-26 21:33:12.768492+02
105|1651013240.445461|2022-04-27 00:47:20.445461+02|25/849C67A0|12|7|5042942|464|13095477|1248617|12446|32859900|0|676084332|2022-04-26 21:33:12.768492+02
106|1651013241.470841|2022-04-27 00:47:21.470841+02|25/88D9C8D8|12|7|5042942|464|13095477|1249117|12451|32859900|0|676126953|2022-04-26 21:33:12.768492+02
107|1651013242.497410|2022-04-27 00:47:22.49741+02|25/8D06C438|12|7|5042942|464|13095477|1249717|12457|32859900|0|676177490|2022-04-26 21:33:12.768492+02
108|1651013243.523786|2022-04-27 00:47:23.523786+02|25/91304E98|12|7|5042942|464|13095477|1250217|12462|32859900|0|676220415|2022-04-26 21:33:12.768492+02
109|1651013244.550049|2022-04-27 00:47:24.550049+02|25/95586D80|12|7|5042942|464|13095477|1250717|12467|32859900|0|676263615|2022-04-26 21:33:12.768492+02
110|1651013245.575634|2022-04-27 00:47:25.575634+02|25/997F38D8|12|7|5042942|464|13095477|1251217|12472|32859900|0|676306771|2022-04-26 21:33:12.768492+02
111|1651013246.601574|2022-04-27 00:47:26.601574+02|25/9D4BF7A8|12|7|5042942|464|13095477|1251717|12477|32859900|0|676346609|2022-04-26 21:33:12.768492+02
112|1651013247.627621|2022-04-27 00:47:27.627621+02|25/A1675DF8|12|7|5042942|464|13095477|1252217|12482|32859900|0|676390456|2022-04-26 21:33:12.768492+02
113|1651013248.654020|2022-04-27 00:47:28.65402+02|25/A579D9C8|12|7|5042942|464|13095477|1252717|12487|32859900|0|676433862|2022-04-26 21:33:12.768492+02
114|1651013249.680200|2022-04-27 00:47:29.6802+02|25/A9802610|12|7|5042942|464|13095477|1253217|12492|32859900|0|676477290|2022-04-26 21:33:12.768492+02
115|1651013250.706069|2022-04-27 00:47:30.706069+02|25/AD8249A8|12|7|5042942|464|13095477|1253717|12497|32859900|0|676521091|2022-04-26 21:33:12.768492+02
116|1651013251.732283|2022-04-27 00:47:31.732283+02|25/B184BBF0|12|7|5042942|464|13095477|1254217|12502|32859900|0|676564495|2022-04-26 21:33:12.768492+02
117|1651013252.758423|2022-04-27 00:47:32.758423+02|25/B4F80000|12|7|5042942|464|13095477|1254817|12508|32859900|0|676611054|2022-04-26 21:33:12.768492+02
118|1651013253.784503|2022-04-27 00:47:33.784503+02|25/B8ED06F8|12|7|5042942|464|13095477|1255317|12513|32859900|0|676654968|2022-04-26 21:33:12.768492+02
119|1651013254.810718|2022-04-27 00:47:34.810718+02|25/BCD5EAD8|12|7|5042942|464|13095477|1255817|12518|32859900|0|676698836|2022-04-26 21:33:12.768492+02
120|1651013255.836537|2022-04-27 00:47:35.836537+02|25/C0B94588|12|7|5042942|464|13095477|1256317|12523|32859900|0|676742454|2022-04-26 21:33:12.768492+02
121|1651013256.862396|2022-04-27 00:47:36.862396+02|25/C49DEE60|12|7|5042942|464|13095477|1256817|12528|32859900|0|676786535|2022-04-26 21:33:12.768492+02
122|1651013257.888205|2022-04-27 00:47:37.888205+02|25/C86A7CD8|12|7|5042942|464|13095477|1257317|12533|32859900|0|676830021|2022-04-26 21:33:12.768492+02
123|1651013258.914491|2022-04-27 00:47:38.914491+02|25/CC2ABD68|12|7|5042942|464|13095477|1257817|12538|32859900|0|676873319|2022-04-26 21:33:12.768492+02
124|1651013259.940746|2022-04-27 00:47:39.940746+02|25/CFE746C0|12|7|5042942|464|13095477|1258317|12543|32859900|0|676916524|2022-04-26 21:33:12.768492+02
125|1651013260.967369|2022-04-27 00:47:40.967369+02|25/D37138A8|12|7|5042942|464|13095477|1258817|12548|32859900|0|676958025|2022-04-26 21:33:12.768492+02
126|1651013261.993747|2022-04-27 00:47:41.993747+02|25/D7194208|12|7|5042942|464|13095477|1259417|12554|32859900|0|677009825|2022-04-26 21:33:12.768492+02
127|1651013263.019606|2022-04-27 00:47:43.019606+02|25/DACFC1E8|12|7|5042942|464|13095477|1259917|12559|32859900|0|677053804|2022-04-26 21:33:12.768492+02
128|1651013264.045652|2022-04-27 00:47:44.045652+02|25/DE189CF0|12|7|5042942|464|13095477|1260417|12564|32859900|0|677092660|2022-04-26 21:33:12.768492+02
129|1651013265.071905|2022-04-27 00:47:45.071905+02|25/E1C17800|12|7|5042942|464|13095477|1260917|12569|32859900|0|677136981|2022-04-26 21:33:12.768492+02
130|1651013266.098470|2022-04-27 00:47:46.09847+02|25/E560F580|12|7|5042942|464|13095477|1261417|12574|32859900|0|677181234|2022-04-26 21:33:12.768492+02
131|1651013267.125763|2022-04-27 00:47:47.125763+02|25/E8EF5568|12|7|5042942|464|13095477|1261917|12579|32859900|0|677224704|2022-04-26 21:33:12.768492+02
132|1651013268.151820|2022-04-27 00:47:48.15182+02|25/EC764220|12|7|5042942|464|13095477|1262417|12584|32859900|0|677268408|2022-04-26 21:33:12.768492+02
133|1651013269.178480|2022-04-27 00:47:49.17848+02|25/EF6FE6A0|12|7|5042942|464|13095477|1262917|12589|32859900|0|677306904|2022-04-26 21:33:12.768492+02
134|1651013270.205139|2022-04-27 00:47:50.205139+02|25/F2F7AB18|12|7|5042942|464|13095477|1263417|12594|32859900|0|677349353|2022-04-26 21:33:12.768492+02
135|1651013271.231869|2022-04-27 00:47:51.231869+02|25/F67EFC68|12|7|5042942|464|13095477|1263917|12599|32859900|0|677393547|2022-04-26 21:33:12.768492+02
136|1651013272.258308|2022-04-27 00:47:52.258308+02|25/FA03EAA8|12|7|5042942|464|13095477|1264517|12605|32859900|0|677446486|2022-04-26 21:33:12.768492+02
137|1651013273.284143|2022-04-27 00:47:53.284143+02|25/FD5FEF60|12|7|5042942|464|13095477|1265017|12610|34937052|0|677489365|2022-04-26 21:33:12.768492+02
138|1651013274.309915|2022-04-27 00:47:54.309915+02|26/C8AD20|12|7|5042942|464|13095477|1265517|12615|34937052|0|677533091|2022-04-26 21:33:12.768492+02
139|1651013275.335558|2022-04-27 00:47:55.335558+02|26/42ECF28|12|7|5042942|464|13095477|1266017|12620|34937052|0|677576657|2022-04-26 21:33:12.768492+02
140|1651013276.362393|2022-04-27 00:47:56.362393+02|26/78C9098|12|7|5042942|464|13095477|1266517|12625|34937052|0|677620412|2022-04-26 21:33:12.768492+02
141|1651013277.389044|2022-04-27 00:47:57.389044+02|26/AE15400|12|7|5042942|464|13095477|1267017|12630|34937052|0|677663944|2022-04-26 21:33:12.768492+02
142|1651013278.415033|2022-04-27 00:47:58.415033+02|26/DF83F78|12|7|5042942|464|13095477|1267517|12635|34937052|0|677704481|2022-04-26 21:33:12.768492+02
143|1651013279.441101|2022-04-27 00:47:59.441101+02|26/114BC9D0|12|7|5042942|464|13095477|1268017|12640|34937052|0|677749043|2022-04-26 21:33:12.768492+02
144|1651013280.467250|2022-04-27 00:48:00.46725+02|26/144BC0A8|12|7|5042942|464|13095477|1268517|12645|34937052|0|677788712|2022-04-26 21:33:12.768492+02
145|1651013281.493743|2022-04-27 00:48:01.493743+02|26/1790ABF8|12|7|5042942|464|13095477|1269017|12650|34937052|0|677832666|2022-04-26 21:33:12.768492+02
146|1651013282.520506|2022-04-27 00:48:02.520506+02|26/1AD2EA48|12|7|5042942|464|13095477|1269617|12656|34937052|0|677885551|2022-04-26 21:33:12.768492+02
147|1651013283.546048|2022-04-27 00:48:03.546048+02|26/1E074DD0|12|7|5042942|464|13095477|1270117|12661|34937052|0|677929154|2022-04-26 21:33:12.768492+02
148|1651013284.561985|2022-04-27 00:48:04.561985+02|26/212C4148|12|7|5042942|464|13095477|1270417|12664|34937052|0|677955024|2022-04-26 21:33:12.768492+02
149|1651013285.587458|2022-04-27 00:48:05.587458+02|26/23E8E7F8|12|7|5042942|464|13095477|1271117|12671|34937052|0|678010782|2022-04-26 21:33:12.768492+02
150|1651013286.613950|2022-04-27 00:48:06.61395+02|26/271EA4F8|12|7|5042942|464|13095477|1271617|12676|34937052|0|678054633|2022-04-26 21:33:12.768492+02
151|1651013287.640436|2022-04-27 00:48:07.640436+02|26/2A4F0670|12|7|5042942|464|13095477|1272117|12681|34937052|0|678099140|2022-04-26 21:33:12.768492+02
152|1651013288.667047|2022-04-27 00:48:08.667047+02|26/2D754DF0|12|7|5042942|464|13095477|1272617|12686|34937052|0|678143666|2022-04-26 21:33:12.768492+02
153|1651013289.693901|2022-04-27 00:48:09.693901+02|26/309F02B8|12|7|5042942|464|13095477|1273117|12691|34937052|0|678188133|2022-04-26 21:33:12.768492+02
154|1651013290.719491|2022-04-27 00:48:10.719491+02|26/33ADD2A0|12|7|5042942|464|13095477|1273617|12696|34937052|0|678231839|2022-04-26 21:33:12.768492+02
155|1651013291.745124|2022-04-27 00:48:11.745124+02|26/36BEE138|12|7|5042942|464|13095477|1274117|12701|34937052|0|678275928|2022-04-26 21:33:12.768492+02
156|1651013292.771061|2022-04-27 00:48:12.771061+02|26/39CA0E48|12|7|5042942|464|13095477|1274717|12707|34937052|0|678329004|2022-04-26 21:33:12.768492+02
157|1651013293.797417|2022-04-27 00:48:13.797417+02|26/3CD54D28|12|7|5042942|464|13095477|1275217|12712|34937052|0|678373128|2022-04-26 21:33:12.768492+02
158|1651013294.823974|2022-04-27 00:48:14.823974+02|26/3FBCE738|12|7|5042942|464|13095477|1275717|12717|34937052|0|678415869|2022-04-26 21:33:12.768492+02
159|1651013295.850844|2022-04-27 00:48:15.850844+02|26/42C08BF0|12|7|5042942|464|13095477|1276217|12722|34937052|0|678460540|2022-04-26 21:33:12.768492+02
160|1651013296.877495|2022-04-27 00:48:16.877495+02|26/457634C8|12|7|5042942|464|13095477|1276717|12727|34937052|0|678499615|2022-04-26 21:33:12.768492+02
161|1651013297.904283|2022-04-27 00:48:17.904283+02|26/487F8240|12|7|5042942|464|13095477|1277217|12732|34937052|0|678543581|2022-04-26 21:33:12.768492+02
162|1651013298.930611|2022-04-27 00:48:18.930611+02|26/4B81F728|12|7|5042942|464|13095477|1277717|12737|34937052|0|678587939|2022-04-26 21:33:12.768492+02
163|1651013299.957087|2022-04-27 00:48:19.957087+02|26/4E680060|12|7|5042942|464|13095477|1278217|12742|34937052|0|678630608|2022-04-26 21:33:12.768492+02
164|1651013300.983485|2022-04-27 00:48:20.983485+02|26/5161E050|12|7|5042942|464|13095477|1278717|12747|34937052|0|678675137|2022-04-26 21:33:12.768492+02
165|1651013302.009754|2022-04-27 00:48:22.009754+02|26/545080C0|12|7|5042942|464|13095477|1279217|12752|34937052|0|678718803|2022-04-26 21:33:12.768492+02
166|1651013303.035776|2022-04-27 00:48:23.035776+02|26/56E42340|12|7|5042942|464|13095477|1279817|12758|34937052|0|678767943|2022-04-26 21:33:12.768492+02
167|1651013304.062213|2022-04-27 00:48:24.062213+02|26/59C36C68|12|7|5042942|464|13095477|1280317|12763|34937052|0|678812906|2022-04-26 21:33:12.768492+02
168|1651013305.088240|2022-04-27 00:48:25.08824+02|26/5C9E8890|12|7|5042942|464|13095477|1280817|12768|34937052|0|678857574|2022-04-26 21:33:12.768492+02
169|1651013306.114971|2022-04-27 00:48:26.114971+02|26/5F7ACA38|12|7|5042942|464|13095477|1281317|12773|34937052|0|678902919|2022-04-26 21:33:12.768492+02
170|1651013307.141572|2022-04-27 00:48:27.141572+02|26/62441D68|12|7|5042942|464|13095477|1281817|12778|34937052|0|678947189|2022-04-26 21:33:12.768492+02
171|1651013308.168130|2022-04-27 00:48:28.16813+02|26/64F03590|12|7|5042942|464|13095477|1282317|12783|34937052|0|678989706|2022-04-26 21:33:12.768492+02
172|1651013309.194379|2022-04-27 00:48:29.194379+02|26/67B26308|12|7|5042942|464|13095477|1282817|12788|34937052|0|679034190|2022-04-26 21:33:12.768492+02
173|1651013310.220869|2022-04-27 00:48:30.220869+02|26/6A7AFF90|12|7|5042942|464|13095477|1283317|12793|34937052|0|679079113|2022-04-26 21:33:12.768492+02
174|1651013311.246589|2022-04-27 00:48:31.246589+02|26/6D31FDF0|12|7|5042942|464|13095477|1283817|12798|34937052|0|679123624|2022-04-26 21:33:12.768492+02
175|1651013312.272466|2022-04-27 00:48:32.272466+02|26/6FE2C518|12|7|5042942|464|13095477|1284317|12803|34937052|0|679167725|2022-04-26 21:33:12.768492+02
176|1651013313.299047|2022-04-27 00:48:33.299047+02|26/727E2C68|12|7|5042942|464|13095477|1284917|12809|37014407|0|679220153|2022-04-26 21:33:12.768492+02
177|1651013314.325571|2022-04-27 00:48:34.325571+02|26/7509BE00|12|7|5042942|464|13095477|1285417|12814|37014407|0|679262219|2022-04-26 21:33:12.768492+02
178|1651013315.352005|2022-04-27 00:48:35.352005+02|26/77BB8CA0|12|7|5042942|464|13095477|1285917|12819|37014407|0|679308057|2022-04-26 21:33:12.768492+02
179|1651013316.378799|2022-04-27 00:48:36.378799+02|26/7A381D70|12|7|5042942|464|13095477|1286417|12824|37014407|0|679349494|2022-04-26 21:33:12.768492+02
180|1651013317.404961|2022-04-27 00:48:37.404961+02|26/7CDA92C8|12|7|5042942|464|13095477|1286917|12829|37014407|0|679394890|2022-04-26 21:33:12.768492+02
181|1651013318.431704|2022-04-27 00:48:38.431704+02|26/7F7F2E48|12|7|5042942|464|13095477|1287417|12834|37014407|0|679439398|2022-04-26 21:33:12.768492+02
182|1651013319.456902|2022-04-27 00:48:39.456902+02|26/81FE2228|12|7|5042942|464|13095477|1287917|12839|37014407|0|679483025|2022-04-26 21:33:12.768492+02
183|1651013320.483383|2022-04-27 00:48:40.483383+02|26/84802990|12|7|5042942|464|13095477|1288417|12844|37014407|0|679526034|2022-04-26 21:33:12.768492+02
184|1651013321.509424|2022-04-27 00:48:41.509424+02|26/8717BD10|12|7|5042942|464|13095477|1288917|12849|37014407|0|679571468|2022-04-26 21:33:12.768492+02
185|1651013322.535691|2022-04-27 00:48:42.535691+02|26/89B14F08|12|7|5042942|464|13095477|1289417|12854|37014407|0|679616870|2022-04-26 21:33:12.768492+02
186|1651013323.561988|2022-04-27 00:48:43.561988+02|26/8C459670|12|7|5042942|464|13095477|1290017|12860|37014407|0|679671330|2022-04-26 21:33:12.768492+02
187|1651013324.587869|2022-04-27 00:48:44.587869+02|26/8EA9B118|12|7|5042942|464|13095477|1290517|12865|37014407|0|679713494|2022-04-26 21:33:12.768492+02
188|1651013325.614490|2022-04-27 00:48:45.61449+02|26/911A6528|12|7|5042942|464|13095477|1291017|12870|37014407|0|679757569|2022-04-26 21:33:12.768492+02
189|1651013326.640040|2022-04-27 00:48:46.64004+02|26/937DAC70|12|7|5042942|464|13095477|1291517|12875|37014407|0|679799787|2022-04-26 21:33:12.768492+02
190|1651013327.666475|2022-04-27 00:48:47.666475+02|26/9603BD20|12|7|5042942|464|13095477|1292017|12880|37014407|0|679845359|2022-04-26 21:33:12.768492+02
191|1651013328.691986|2022-04-27 00:48:48.691986+02|26/9882EEF8|12|7|5042942|464|13095477|1292517|12885|37014407|0|679890779|2022-04-26 21:33:12.768492+02
192|1651013329.717879|2022-04-27 00:48:49.717879+02|26/9B055080|12|7|5042942|464|13095477|1293017|12890|37014407|0|679936543|2022-04-26 21:33:12.768492+02
193|1651013330.744081|2022-04-27 00:48:50.744081+02|26/9D7BF9A8|12|7|5042942|464|13095477|1293517|12895|37014407|0|679981698|2022-04-26 21:33:12.768492+02
194|1651013331.770682|2022-04-27 00:48:51.770682+02|26/9FD024F8|12|7|5042942|464|13095477|1294017|12900|37014407|0|680024309|2022-04-26 21:33:12.768492+02
195|1651013332.797424|2022-04-27 00:48:52.797424+02|26/A23806C8|12|7|5042942|464|13095477|1294617|12906|37014407|0|680077800|2022-04-26 21:33:12.768492+02
196|1651013333.823919|2022-04-27 00:48:53.823919+02|26/A4A1DBF0|12|7|5042942|464|13095477|1295117|12911|37014407|0|680122481|2022-04-26 21:33:12.768492+02
197|1651013334.850563|2022-04-27 00:48:54.850563+02|26/A705F780|12|7|5042942|464|13095477|1295617|12916|37014407|0|680167060|2022-04-26 21:33:12.768492+02
198|1651013335.876668|2022-04-27 00:48:55.876668+02|26/A9406428|12|7|5042942|464|13095477|1296117|12921|37014407|0|680208443|2022-04-26 21:33:12.768492+02
199|1651013336.902881|2022-04-27 00:48:56.902881+02|26/AB9BC290|12|7|5042942|464|13095477|1296617|12926|37014407|0|680253578|2022-04-26 21:33:12.768492+02
200|1651013337.929720|2022-04-27 00:48:57.92972+02|26/ADC08398|12|7|5042942|464|13095477|1297117|12931|37014407|0|680293538|2022-04-26 21:33:12.768492+02
201|1651013338.956460|2022-04-27 00:48:58.95646+02|26/B01C53E8|12|7|5042942|464|13095477|1297617|12936|37014407|0|680338611|2022-04-26 21:33:12.768492+02
202|1651013339.982379|2022-04-27 00:48:59.982379+02|26/B27492A0|12|7|5042942|464|13095477|1298117|12941|37014407|0|680383993|2022-04-26 21:33:12.768492+02
203|1651013341.008226|2022-04-27 00:49:01.008226+02|26/B4BCFF80|12|7|5042942|464|13095477|1298617|12946|37014407|0|680428461|2022-04-26 21:33:12.768492+02
204|1651013342.034618|2022-04-27 00:49:02.034618+02|26/B7095CC8|12|7|5042942|464|13095477|1299117|12951|37014407|0|680472835|2022-04-26 21:33:12.768492+02
205|1651013343.060894|2022-04-27 00:49:03.060894+02|26/B910AC18|12|7|5042942|464|13095477|1299717|12957|37014407|0|680521138|2022-04-26 21:33:12.768492+02
206|1651013344.087558|2022-04-27 00:49:04.087558+02|26/BB6467C0|12|7|5042942|464|13095477|1300217|12962|37014407|0|680566843|2022-04-26 21:33:12.768492+02
207|1651013345.114292|2022-04-27 00:49:05.114292+02|26/BDCAA5F8|12|7|5042942|464|13095477|1300717|12967|37014407|0|680611993|2022-04-26 21:33:12.768492+02
208|1651013346.141148|2022-04-27 00:49:06.141148+02|26/C01F5630|12|7|5042942|464|13095477|1301217|12972|37014407|0|680656474|2022-04-26 21:33:12.768492+02
209|1651013347.167777|2022-04-27 00:49:07.167777+02|26/C2762FF8|12|7|5042942|464|13095477|1301717|12977|37014407|0|680700989|2022-04-26 21:33:12.768492+02
210|1651013348.194993|2022-04-27 00:49:08.194993+02|26/C4BBE5E0|12|7|5042942|464|13095477|1302217|12982|37014407|0|680745573|2022-04-26 21:33:12.768492+02
211|1651013349.222192|2022-04-27 00:49:09.222192+02|26/C6EF2F68|12|7|5042942|464|13095477|1302717|12987|37014407|0|680789971|2022-04-26 21:33:12.768492+02
212|1651013350.248284|2022-04-27 00:49:10.248284+02|26/C9220788|12|7|5042942|464|13095477|1303217|12992|37014407|0|680834399|2022-04-26 21:33:12.768492+02
213|1651013351.274433|2022-04-27 00:49:11.274433+02|26/CB574238|12|7|5042942|464|13095477|1303717|12997|37014407|0|680878880|2022-04-26 21:33:12.768492+02
214|1651013352.300939|2022-04-27 00:49:12.300939+02|26/CD718C70|12|7|5042942|464|13095477|1304217|13002|37014407|0|680920947|2022-04-26 21:33:12.768492+02
215|1651013353.328118|2022-04-27 00:49:13.328118+02|26/CF90F910|12|7|5042942|464|13095477|1304817|13008|39091959|0|680973341|2022-04-26 21:33:12.768492+02
216|1651013354.355350|2022-04-27 00:49:14.35535+02|26/D190BCF0|12|7|5042942|464|13095477|1305317|13013|39091959|0|681013982|2022-04-26 21:33:12.768492+02
217|1651013355.381767|2022-04-27 00:49:15.381767+02|26/D3C21FE8|12|7|5042942|464|13095477|1305817|13018|39091959|0|681059167|2022-04-26 21:33:12.768492+02
218|1651013356.408646|2022-04-27 00:49:16.408646+02|26/D5EEECB0|12|7|5042942|464|13095477|1306317|13023|39091959|0|681104818|2022-04-26 21:33:12.768492+02
219|1651013357.434854|2022-04-27 00:49:17.434854+02|26/D80690F8|12|7|5042942|464|13095477|1306817|13028|39091959|0|681149225|2022-04-26 21:33:12.768492+02
220|1651013358.462071|2022-04-27 00:49:18.462071+02|26/DA20D7A0|12|7|5042942|464|13095477|1307317|13033|39091959|0|681193681|2022-04-26 21:33:12.768492+02
221|1651013359.487462|2022-04-27 00:49:19.487462+02|26/DC0DE040|12|7|5042942|464|13095477|1307817|13038|39091959|0|681237188|2022-04-26 21:33:12.768492+02
222|1651013360.513199|2022-04-27 00:49:20.513199+02|26/DE179DB0|12|7|5042942|464|13095477|1308317|13043|39091959|0|681278175|2022-04-26 21:33:12.768492+02
223|1651013361.539644|2022-04-27 00:49:21.539644+02|26/E0333B60|12|7|5042942|464|13095477|1308817|13048|39091959|0|681323523|2022-04-26 21:33:12.768492+02
224|1651013362.566126|2022-04-27 00:49:22.566126+02|26/E2485710|12|7|5042942|464|13095477|1309317|13053|39091959|0|681368486|2022-04-26 21:33:12.768492+02
225|1651013363.592273|2022-04-27 00:49:23.592273+02|26/E465FF48|12|7|5042942|464|13095477|1309917|13059|39091959|0|681423211|2022-04-26 21:33:12.768492+02
226|1651013364.618555|2022-04-27 00:49:24.618555+02|26/E676C228|12|7|5042942|464|13095477|1310417|13064|39091959|0|681468417|2022-04-26 21:33:12.768492+02
227|1651013365.645561|2022-04-27 00:49:25.645561+02|26/E88697F0|12|7|5042942|464|13095477|1310917|13069|39091959|0|681513558|2022-04-26 21:33:12.768492+02
228|1651013366.671923|2022-04-27 00:49:26.671923+02|26/EA8D1160|12|7|5042942|464|13095477|1311417|13074|39091959|0|681558445|2022-04-26 21:33:12.768492+02
229|1651013367.697155|2022-04-27 00:49:27.697155+02|26/EC919058|12|7|5042942|464|13095477|1311917|13079|39091959|0|681603364|2022-04-26 21:33:12.768492+02
230|1651013368.723426|2022-04-27 00:49:28.723426+02|26/EE852528|12|7|5042942|464|13095477|1312417|13084|39091959|0|681646619|2022-04-26 21:33:12.768492+02
231|1651013369.749521|2022-04-27 00:49:29.749521+02|26/F0889610|12|7|5042942|464|13095477|1312917|13089|39091959|0|681692347|2022-04-26 21:33:12.768492+02
232|1651013370.775564|2022-04-27 00:49:30.775564+02|26/F26EA178|12|7|5042942|464|13095477|1313417|13094|39091959|0|681734684|2022-04-26 21:33:12.768492+02
233|1651013371.801636|2022-04-27 00:49:31.801636+02|26/F4712728|12|7|5042942|464|13095477|1313917|13099|39091959|0|681780072|2022-04-26 21:33:12.768492+02
234|1651013372.827254|2022-04-27 00:49:32.827254+02|26/F64C3920|12|7|5042942|464|13095477|1314517|13105|39091959|0|681831148|2022-04-26 21:33:12.768492+02
235|1651013373.853935|2022-04-27 00:49:33.853935+02|26/F84AB978|12|7|5042942|464|13095477|1315017|13110|39091959|0|681876747|2022-04-26 21:33:12.768492+02
236|1651013374.883196|2022-04-27 00:49:34.883196+02|26/FA4309B0|12|7|5042942|464|13095477|1315517|13115|39091959|0|681922363|2022-04-26 21:33:12.768492+02
237|1651013375.909757|2022-04-27 00:49:35.909757+02|26/FC24AC70|12|7|5042942|464|13095477|1316017|13120|39091959|0|681966254|2022-04-26 21:33:12.768492+02
238|1651013376.936151|2022-04-27 00:49:36.936151+02|26/FE063BB0|12|7|5042942|464|13095477|1316517|13125|39091959|0|682009183|2022-04-26 21:33:12.768492+02
239|1651013377.962672|2022-04-27 00:49:37.962672+02|26/FFFAF2C8|12|7|5042942|464|13095477|1317017|13130|39091959|0|682054340|2022-04-26 21:33:12.768492+02
240|1651013378.989126|2022-04-27 00:49:38.989126+02|27/1EFA420|12|7|5042942|464|13095477|1317517|13135|39091959|0|682100045|2022-04-26 21:33:12.768492+02
241|1651013380.016034|2022-04-27 00:49:40.016034+02|27/3E118F0|12|7|5042942|464|13095477|1318017|13140|39091959|0|682145675|2022-04-26 21:33:12.768492+02
242|1651013381.042889|2022-04-27 00:49:41.042889+02|27/5B22D60|12|7|5042942|464|13095477|1318517|13145|39091959|0|682187952|2022-04-26 21:33:12.768492+02
243|1651013382.069349|2022-04-27 00:49:42.069349+02|27/7A0EE48|12|7|5042942|464|13095477|1319017|13150|39091959|0|682233451|2022-04-26 21:33:12.768492+02
244|1651013383.096008|2022-04-27 00:49:43.096008+02|27/95C51F8|12|7|5042942|464|13095477|1319617|13156|39091959|0|682283266|2022-04-26 21:33:12.768492+02
245|1651013384.121729|2022-04-27 00:49:44.121729+02|27/B4A5AC8|12|7|5042942|464|13095477|1320117|13161|39091959|0|682329112|2022-04-26 21:33:12.768492+02
246|1651013385.148512|2022-04-27 00:49:45.148512+02|27/D36CC80|12|7|5042942|464|13095477|1320617|13166|39091959|0|682374836|2022-04-26 21:33:12.768492+02
247|1651013386.174334|2022-04-27 00:49:46.174334+02|27/F216818|12|7|5042942|464|13095477|1321117|13171|39091959|0|682420156|2022-04-26 21:33:12.768492+02
248|1651013387.201111|2022-04-27 00:49:47.201111+02|27/110B6DD8|12|7|5042942|464|13095477|1321617|13176|39091959|0|682465933|2022-04-26 21:33:12.768492+02
249|1651013388.227501|2022-04-27 00:49:48.227501+02|27/12CBE2C8|12|7|5042942|464|13095477|1322117|13181|39091959|0|682508334|2022-04-26 21:33:12.768492+02
250|1651013389.254208|2022-04-27 00:49:49.254208+02|27/14A50048|12|7|5042942|464|13095477|1322617|13186|39091959|0|682553417|2022-04-26 21:33:12.768492+02
251|1651013390.280362|2022-04-27 00:49:50.280362+02|27/167D3328|12|7|5042942|464|13095477|1323117|13191|39091959|0|682598203|2022-04-26 21:33:12.768492+02
252|1651013391.306788|2022-04-27 00:49:51.306788+02|27/184B2EF0|12|7|5042942|464|13095477|1323617|13196|39091959|0|682642609|2022-04-26 21:33:12.768492+02
253|1651013392.333555|2022-04-27 00:49:52.333555+02|27/1A0AFEB0|12|7|5042942|464|13095477|1324117|13201|41169712|0|682685883|2022-04-26 21:33:12.768492+02
254|1651013393.359201|2022-04-27 00:49:53.359201+02|27/1BD935C8|12|7|5042942|464|13095477|1324717|13207|41169712|0|682740192|2022-04-26 21:33:12.768492+02
255|1651013394.384312|2022-04-27 00:49:54.384312+02|27/1D91ABF0|12|7|5042942|464|13095477|1325217|13212|41169712|0|682782078|2022-04-26 21:33:12.768492+02
256|1651013395.410805|2022-04-27 00:49:55.410805+02|27/1F65E908|12|7|5042942|464|13095477|1325717|13217|41169712|0|682827884|2022-04-26 21:33:12.768492+02
257|1651013396.436596|2022-04-27 00:49:56.436596+02|27/211696B0|12|7|5042942|464|13095477|1326217|13222|41169712|0|682870015|2022-04-26 21:33:12.768492+02
258|1651013397.462691|2022-04-27 00:49:57.462691+02|27/22E36DD0|12|7|5042942|464|13095477|1326717|13227|41169712|0|682915613|2022-04-26 21:33:12.768492+02
259|1651013398.489338|2022-04-27 00:49:58.489338+02|27/24AC2DC0|12|7|5042942|464|13095477|1327217|13232|41169712|0|682960301|2022-04-26 21:33:12.768492+02
260|1651013399.516408|2022-04-27 00:49:59.516408+02|27/266770A0|12|7|5042942|464|13095477|1327717|13237|41169712|0|683004718|2022-04-26 21:33:12.768492+02
261|1651013400.543177|2022-04-27 00:50:00.543177+02|27/280CE078|12|7|5042942|464|13095477|1328217|13242|41169712|0|683045580|2022-04-26 21:33:12.768492+02
262|1651013401.569680|2022-04-27 00:50:01.56968+02|27/29D3EB70|12|7|5042942|464|13095477|1328717|13247|41169712|0|683090865|2022-04-26 21:33:12.768492+02
263|1651013402.596010|2022-04-27 00:50:02.59601+02|27/2B9B79D8|12|7|5042942|464|13095477|1329217|13252|41169712|0|683136334|2022-04-26 21:33:12.768492+02
264|1651013403.621782|2022-04-27 00:50:03.621782+02|27/2D5FC278|12|7|5042942|464|13095477|1329817|13258|41169712|0|683190938|2022-04-26 21:33:12.768492+02
265|1651013404.650121|2022-04-27 00:50:04.650121+02|27/2F20FFF8|12|7|5042942|464|13095477|1330317|13263|41169712|0|683236627|2022-04-26 21:33:12.768492+02
266|1651013405.678304|2022-04-27 00:50:05.678304+02|27/30DFDB50|12|7|5042942|464|13095477|1330817|13268|41169712|0|683281908|2022-04-26 21:33:12.768492+02
267|1651013406.704535|2022-04-27 00:50:06.704535+02|27/32978510|12|7|5042942|464|13095477|1331317|13273|41169712|0|683326932|2022-04-26 21:33:12.768492+02
268|1651013407.731341|2022-04-27 00:50:07.731341+02|27/34502918|12|7|5042942|464|13095477|1331817|13278|41169712|0|683371826|2022-04-26 21:33:12.768492+02
269|1651013408.758053|2022-04-27 00:50:08.758053+02|27/3605B220|12|7|5042942|464|13095477|1332317|13283|41169712|0|683416533|2022-04-26 21:33:12.768492+02
270|1651013409.784175|2022-04-27 00:50:09.784175+02|27/37996528|12|7|5042942|464|13095477|1332817|13288|41169712|0|683458129|2022-04-26 21:33:12.768492+02
271|1651013410.810670|2022-04-27 00:50:10.81067+02|27/395060C0|12|7|5042942|464|13095477|1333317|13293|41169712|0|683503485|2022-04-26 21:33:12.768492+02
272|1651013411.837100|2022-04-27 00:50:11.8371+02|27/3AEC0408|12|7|5042942|464|13095477|1333817|13298|41169712|0|683545614|2022-04-26 21:33:12.768492+02
273|1651013412.863488|2022-04-27 00:50:12.863488+02|27/3CA04AE8|12|7|5042942|464|13095477|1334417|13304|41169712|0|683600294|2022-04-26 21:33:12.768492+02
274|1651013413.889627|2022-04-27 00:50:13.889627+02|27/3E4E50E0|12|7|5042942|464|13095477|1334917|13309|41169712|0|683645337|2022-04-26 21:33:12.768492+02
275|1651013414.916481|2022-04-27 00:50:14.916481+02|27/3FFB7938|12|7|5042942|464|13095477|1335417|13314|41169712|0|683690262|2022-04-26 21:33:12.768492+02
276|1651013415.942663|2022-04-27 00:50:15.942663+02|27/41A488E8|12|7|5042942|464|13095477|1335917|13319|41169712|0|683735272|2022-04-26 21:33:12.768492+02
277|1651013416.968673|2022-04-27 00:50:16.968673+02|27/43527FB8|12|7|5042942|464|13095477|1336417|13324|41169712|0|683780315|2022-04-26 21:33:12.768492+02
278|1651013417.994025|2022-04-27 00:50:17.994025+02|27/44CDBFD0|12|7|5042942|464|13095477|1336917|13329|41169712|0|683820191|2022-04-26 21:33:12.768492+02
279|1651013419.020419|2022-04-27 00:50:19.020419+02|27/467B3F80|12|7|5042942|464|13095477|1337417|13334|41169712|0|683865561|2022-04-26 21:33:12.768492+02
280|1651013420.046761|2022-04-27 00:50:20.046761+02|27/48388970|12|7|5042942|464|13095477|1337917|13339|41169712|0|683910902|2022-04-26 21:33:12.768492+02
281|1651013421.073440|2022-04-27 00:50:21.07344+02|27/49F010C8|12|7|5042942|464|13095477|1338417|13344|41169712|0|683955852|2022-04-26 21:33:12.768492+02
282|1651013422.099717|2022-04-27 00:50:22.099717+02|27/4BA23CD0|12|7|5042942|464|13095477|1338917|13349|41169712|0|684000069|2022-04-26 21:33:12.768492+02
283|1651013423.125879|2022-04-27 00:50:23.125879+02|27/4D518290|12|7|5042942|464|13095477|1339517|13355|41169712|0|684052577|2022-04-26 21:33:12.768492+02
284|1651013424.152929|2022-04-27 00:50:24.152929+02|27/4EE558D0|12|7|5042942|464|13095477|1340017|13360|41169712|0|684093413|2022-04-26 21:33:12.768492+02
285|1651013425.179781|2022-04-27 00:50:25.179781+02|27/508B45B0|12|7|5042942|464|13095477|1340517|13365|41169712|0|684139241|2022-04-26 21:33:12.768492+02
286|1651013426.205156|2022-04-27 00:50:26.205156+02|27/522F70D0|12|7|5042942|464|13095477|1341017|13370|41169712|0|684184966|2022-04-26 21:33:12.768492+02
287|1651013427.231336|2022-04-27 00:50:27.231336+02|27/53CEF1D0|12|7|5042942|464|13095477|1341517|13375|41169712|0|684230365|2022-04-26 21:33:12.768492+02
288|1651013428.257793|2022-04-27 00:50:28.257793+02|27/5574ABC0|12|7|5042942|464|13095477|1342017|13380|41169712|0|684276000|2022-04-26 21:33:12.768492+02
289|1651013429.284202|2022-04-27 00:50:29.284202+02|27/5710A520|12|7|5042942|464|13095477|1342517|13385|41169712|0|684321335|2022-04-26 21:33:12.768492+02
290|1651013430.310683|2022-04-27 00:50:30.310683+02|27/58AE08E8|12|7|5042942|464|13095477|1343017|13390|41169712|0|684366494|2022-04-26 21:33:12.768492+02
291|1651013431.337107|2022-04-27 00:50:31.337107+02|27/5A3B8B80|12|7|5042942|464|13095477|1343517|13395|43247164|0|684409628|2022-04-26 21:33:12.768492+02
292|1651013432.363698|2022-04-27 00:50:32.363698+02|27/5BCDF148|12|7|5042942|464|13095477|1344017|13400|43247164|0|684454670|2022-04-26 21:33:12.768492+02
293|1651013433.390059|2022-04-27 00:50:33.390059+02|27/5D611E78|12|7|5042942|464|13095477|1344617|13406|43247164|0|684508621|2022-04-26 21:33:12.768492+02
294|1651013434.416407|2022-04-27 00:50:34.416407+02|27/5EC31748|12|7|5042942|464|13095477|1345117|13411|43247164|0|684548506|2022-04-26 21:33:12.768492+02
295|1651013435.443614|2022-04-27 00:50:35.443614+02|27/605844F0|12|7|5042942|464|13095477|1345617|13416|43247164|0|684594410|2022-04-26 21:33:12.768492+02
296|1651013436.470209|2022-04-27 00:50:36.470209+02|27/61EE4F40|12|7|5042942|464|13095477|1346117|13421|43247164|0|684639783|2022-04-26 21:33:12.768492+02
297|1651013437.496459|2022-04-27 00:50:37.496459+02|27/637AFCD0|12|7|5042942|464|13095477|1346617|13426|43247164|0|684685115|2022-04-26 21:33:12.768492+02
298|1651013438.523325|2022-04-27 00:50:38.523325+02|27/64FE3180|12|7|5042942|464|13095477|1347117|13431|43247164|0|684729221|2022-04-26 21:33:12.768492+02
299|1651013439.549906|2022-04-27 00:50:39.549906+02|27/66831130|12|7|5042942|464|13095477|1347617|13436|43247164|0|684773986|2022-04-26 21:33:12.768492+02
300|1651013440.576848|2022-04-27 00:50:40.576848+02|27/67FDDA28|12|7|5042942|464|13095477|1348117|13441|43247164|0|684816415|2022-04-26 21:33:12.768492+02
301|1651013441.603517|2022-04-27 00:50:41.603517+02|27/698981D0|12|7|5042942|464|13095477|1348617|13446|43247164|0|684862245|2022-04-26 21:33:12.768492+02
302|1651013442.629560|2022-04-27 00:50:42.62956+02|27/6B15A560|12|7|5042942|464|13095477|1349217|13452|43247164|0|684917315|2022-04-26 21:33:12.768492+02
303|1651013443.656338|2022-04-27 00:50:43.656338+02|27/6C9F5C80|12|7|5042942|464|13095477|1349717|13457|43247164|0|684962983|2022-04-26 21:33:12.768492+02
304|1651013444.682836|2022-04-27 00:50:44.682836+02|27/6E26F320|12|7|5042942|464|13095477|1350217|13462|43247164|0|685008545|2022-04-26 21:33:12.768492+02
305|1651013445.709581|2022-04-27 00:50:45.709581+02|27/6F92E680|12|7|5042942|464|13095477|1350717|13467|43247164|0|685050618|2022-04-26 21:33:12.768492+02
306|1651013446.735571|2022-04-27 00:50:46.735571+02|27/71171630|12|7|5042942|464|13095477|1351217|13472|43247164|0|685095710|2022-04-26 21:33:12.768492+02
307|1651013447.761643|2022-04-27 00:50:47.761643+02|27/729C6C98|12|7|5042942|464|13095477|1351717|13477|43247164|0|685140861|2022-04-26 21:33:12.768492+02
308|1651013448.788484|2022-04-27 00:50:48.788484+02|27/741CE948|12|7|5042942|464|13095477|1352217|13482|43247164|0|685186030|2022-04-26 21:33:12.768492+02
309|1651013449.815019|2022-04-27 00:50:49.815019+02|27/759A4D78|12|7|5042942|464|13095477|1352717|13487|43247164|0|685231843|2022-04-26 21:33:12.768492+02
310|1651013450.841479|2022-04-27 00:50:50.841479+02|27/77068F98|12|7|5042942|464|13095477|1353217|13492|43247164|0|685274340|2022-04-26 21:33:12.768492+02
311|1651013451.867889|2022-04-27 00:50:51.867889+02|27/788B10E0|12|7|5042942|464|13095477|1353717|13497|43247164|0|685320318|2022-04-26 21:33:12.768492+02
312|1651013452.894105|2022-04-27 00:50:52.894105+02|27/7A0DEFF0|12|7|5042942|464|13095477|1354317|13503|43247164|0|685375733|2022-04-26 21:33:12.768492+02
313|1651013453.920285|2022-04-27 00:50:53.920285+02|27/7B87B400|12|7|5042942|464|13095477|1354817|13508|43247164|0|685420737|2022-04-26 21:33:12.768492+02
314|1651013454.947027|2022-04-27 00:50:54.947027+02|27/7CED3300|12|7|5042942|464|13095477|1355317|13513|43247164|0|685462982|2022-04-26 21:33:12.768492+02
315|1651013455.973766|2022-04-27 00:50:55.973766+02|27/7E541608|12|7|5042942|464|13095477|1355817|13518|43247164|0|685506373|2022-04-26 21:33:12.768492+02
316|1651013456.999883|2022-04-27 00:50:56.999883+02|27/7FC5B2C0|12|7|5042942|464|13095477|1356317|13523|43247164|0|685550476|2022-04-26 21:33:12.768492+02
317|1651013458.026733|2022-04-27 00:50:58.026733+02|27/81408050|12|7|5042942|464|13095477|1356817|13528|43247164|0|685595950|2022-04-26 21:33:12.768492+02
318|1651013459.053296|2022-04-27 00:50:59.053296+02|27/82B7BA60|12|7|5042942|464|13095477|1357317|13533|43247164|0|685641513|2022-04-26 21:33:12.768492+02
319|1651013460.080041|2022-04-27 00:51:00.080041+02|27/842FF368|12|7|5042942|464|13095477|1357817|13538|43247164|0|685687217|2022-04-26 21:33:12.768492+02
320|1651013461.105937|2022-04-27 00:51:01.105937+02|27/85A7FB88|12|7|5042942|464|13095477|1358317|13543|43247164|0|685732649|2022-04-26 21:33:12.768492+02
321|1651013462.132751|2022-04-27 00:51:02.132751+02|27/8707C730|12|7|5042942|464|13095477|1358817|13548|43247164|0|685775233|2022-04-26 21:33:12.768492+02
322|1651013463.158764|2022-04-27 00:51:03.158764+02|27/88754688|12|7|5042942|464|13095477|1359417|13554|43247164|0|685828881|2022-04-26 21:33:12.768492+02
323|1651013464.185242|2022-04-27 00:51:04.185242+02|27/89E73788|12|7|5042942|464|13095477|1359917|13559|43247164|0|685874244|2022-04-26 21:33:12.768492+02
324|1651013465.211484|2022-04-27 00:51:05.211484+02|27/8B595198|12|7|5042942|464|13095477|1360417|13564|43247164|0|685919442|2022-04-26 21:33:12.768492+02
325|1651013466.237599|2022-04-27 00:51:06.237599+02|27/8CBB8E90|12|7|5042942|464|13095477|1360917|13569|43247164|0|685963734|2022-04-26 21:33:12.768492+02
326|1651013467.263622|2022-04-27 00:51:07.263622+02|27/8E2CFEF8|12|7|5042942|464|13095477|1361417|13574|43247164|0|686008351|2022-04-26 21:33:12.768492+02
327|1651013468.290163|2022-04-27 00:51:08.290163+02|27/8FA0AE50|12|7|5042942|464|13095477|1361917|13579|43247164|0|686054013|2022-04-26 21:33:12.768492+02
328|1651013469.316960|2022-04-27 00:51:09.31696+02|27/910C98C0|12|7|5042942|464|13095477|1362417|13584|43247164|0|686099564|2022-04-26 21:33:12.768492+02
329|1651013470.342525|2022-04-27 00:51:10.342525+02|27/925CB9C8|12|7|5042942|464|13095477|1362917|13589|45325116|0|686143393|2022-04-26 21:33:12.768492+02
330|1651013471.369271|2022-04-27 00:51:11.369271+02|27/93D08260|12|7|5042942|464|13095477|1363417|13594|45325116|0|686186298|2022-04-26 21:33:12.768492+02
331|1651013472.395606|2022-04-27 00:51:12.395606+02|27/9512B4E0|12|7|5042942|464|13095477|1363917|13599|45325116|0|686226598|2022-04-26 21:33:12.768492+02
332|1651013473.421836|2022-04-27 00:51:13.421836+02|27/9680CFE8|12|7|5042942|464|13095477|1364517|13605|45325116|0|686281258|2022-04-26 21:33:12.768492+02
333|1651013474.448057|2022-04-27 00:51:14.448057+02|27/97F1CFB8|12|7|5042942|464|13095477|1365017|13610|45325116|0|686327147|2022-04-26 21:33:12.768492+02
334|1651013475.474481|2022-04-27 00:51:15.474481+02|27/995DF200|12|7|5042942|464|13095477|1365517|13615|45325116|0|686373037|2022-04-26 21:33:12.768492+02
335|1651013476.501601|2022-04-27 00:51:16.501601+02|27/9AC9FC18|12|7|5042942|464|13095477|1366017|13620|45325116|0|686419111|2022-04-26 21:33:12.768492+02
336|1651013477.528862|2022-04-27 00:51:17.528862+02|27/9C2FAB28|12|7|5042942|464|13095477|1366517|13625|45325116|0|686464685|2022-04-26 21:33:12.768492+02
337|1651013478.555328|2022-04-27 00:51:18.555328+02|27/9D91ADB0|12|7|5042942|464|13095477|1367017|13630|45325116|0|686509078|2022-04-26 21:33:12.768492+02
338|1651013479.570857|2022-04-27 00:51:19.570857+02|27/9EEFC338|12|7|5042942|464|13095477|1367317|13633|45325116|0|686535948|2022-04-26 21:33:12.768492+02
339|1651013480.596700|2022-04-27 00:51:20.5967+02|27/A03A1710|12|7|5042942|464|13095477|1368017|13640|45325116|0|686596153|2022-04-26 21:33:12.768492+02
340|1651013481.623121|2022-04-27 00:51:21.623121+02|27/A19D80A8|12|7|5042942|464|13095477|1368517|13645|45325116|0|686641003|2022-04-26 21:33:12.768492+02
341|1651013482.649140|2022-04-27 00:51:22.64914+02|27/A2F5F148|12|7|5042942|464|13095477|1369017|13650|45325116|0|686686244|2022-04-26 21:33:12.768492+02
342|1651013483.675855|2022-04-27 00:51:23.675855+02|27/A4574E90|12|7|5042942|464|13095477|1369617|13656|45325116|0|686738921|2022-04-26 21:33:12.768492+02
343|1651013484.702431|2022-04-27 00:51:24.702431+02|27/A5C295E8|12|7|5042942|464|13095477|1370117|13661|45325116|0|686784812|2022-04-26 21:33:12.768492+02
344|1651013485.729573|2022-04-27 00:51:25.729573+02|27/A72860A0|12|7|5042942|464|13095477|1370617|13666|45325116|0|686830360|2022-04-26 21:33:12.768492+02
345|1651013486.756242|2022-04-27 00:51:26.756242+02|27/A88A1378|12|7|5042942|464|13095477|1371117|13671|45325116|0|686874967|2022-04-26 21:33:12.768492+02
346|1651013487.782761|2022-04-27 00:51:27.782761+02|27/A9DF8990|12|7|5042942|464|13095477|1371617|13676|45325116|0|686918766|2022-04-26 21:33:12.768492+02
347|1651013488.808902|2022-04-27 00:51:28.808902+02|27/AB24B3E0|12|7|5042942|464|13095477|1372117|13681|45325116|0|686961226|2022-04-26 21:33:12.768492+02
348|1651013489.835082|2022-04-27 00:51:29.835082+02|27/AC7AF6D8|12|7|5042942|464|13095477|1372617|13686|45325116|0|687004998|2022-04-26 21:33:12.768492+02
349|1651013490.862128|2022-04-27 00:51:30.862128+02|27/ADDB4EC0|12|7|5042942|464|13095477|1373117|13691|45325116|0|687051023|2022-04-26 21:33:12.768492+02
350|1651013491.888981|2022-04-27 00:51:31.888981+02|27/AF3A97B8|12|7|5042942|464|13095477|1373617|13696|45325116|0|687097069|2022-04-26 21:33:12.768492+02
351|1651013492.914722|2022-04-27 00:51:32.914722+02|27/B0994450|12|7|5042942|464|13095477|1374117|13701|45325116|0|687143095|2022-04-26 21:33:12.768492+02
352|1651013493.940936|2022-04-27 00:51:33.940936+02|27/B1F2F150|12|7|5042942|464|13095477|1374717|13707|45325116|0|687197220|2022-04-26 21:33:12.768492+02
353|1651013494.967219|2022-04-27 00:51:34.967219+02|27/B3202588|12|7|5042942|464|13095477|1375217|13712|45325116|0|687237017|2022-04-26 21:33:12.768492+02
354|1651013495.993897|2022-04-27 00:51:35.993897+02|27/B47B74E8|12|7|5042942|464|13095477|1375717|13717|45325116|0|687282475|2022-04-26 21:33:12.768492+02
355|1651013497.019913|2022-04-27 00:51:37.019913+02|27/B5D80040|12|7|5042942|464|13095477|1376217|13722|45325116|0|687328934|2022-04-26 21:33:12.768492+02
356|1651013498.046195|2022-04-27 00:51:38.046195+02|27/B731F988|12|7|5042942|464|13095477|1376717|13727|45325116|0|687374358|2022-04-26 21:33:12.768492+02
357|1651013499.072551|2022-04-27 00:51:39.072551+02|27/B88A5A40|12|7|5042942|464|13095477|1377217|13732|45325116|0|687420038|2022-04-26 21:33:12.768492+02
358|1651013500.099018|2022-04-27 00:51:40.099018+02|27/B9E11B98|12|7|5042942|464|13095477|1377717|13737|45325116|0|687465406|2022-04-26 21:33:12.768492+02
359|1651013501.125875|2022-04-27 00:51:41.125875+02|27/BB32AA40|12|7|5042942|464|13095477|1378217|13742|45325116|0|687510595|2022-04-26 21:33:12.768492+02
360|1651013502.152248|2022-04-27 00:51:42.152248+02|27/BC88E778|12|7|5042942|464|13095477|1378717|13747|45325116|0|687556285|2022-04-26 21:33:12.768492+02
361|1651013503.178742|2022-04-27 00:51:43.178742+02|27/BDC4A658|12|7|5042942|464|13095477|1379317|13753|45325116|0|687607759|2022-04-26 21:33:12.768492+02
362|1651013504.205216|2022-04-27 00:51:44.205216+02|27/BF12B6E8|12|7|5042942|464|13095477|1379817|13758|45325116|0|687652627|2022-04-26 21:33:12.768492+02
363|1651013505.231756|2022-04-27 00:51:45.231756+02|27/C05BAB60|12|7|5042942|464|13095477|1380317|13763|45325116|0|687697165|2022-04-26 21:33:12.768492+02
364|1651013506.257454|2022-04-27 00:51:46.257454+02|27/C1AAB5B0|12|7|5042942|464|13095477|1380817|13768|45325116|0|687741713|2022-04-26 21:33:12.768492+02
365|1651013507.284008|2022-04-27 00:51:47.284008+02|27/C3021090|12|7|5042942|464|13095477|1381317|13773|45325116|0|687788098|2022-04-26 21:33:12.768492+02
366|1651013508.310905|2022-04-27 00:51:48.310905+02|27/C4519188|12|7|5042942|464|13095477|1381817|13778|45325116|0|687833848|2022-04-26 21:33:12.768492+02
367|1651013509.338112|2022-04-27 00:51:49.338112+02|27/C5975CB0|12|7|5042942|464|13095477|1382317|13783|47402868|0|687877304|2022-04-26 21:33:12.768492+02
368|1651013510.364827|2022-04-27 00:51:50.364827+02|27/C6E04A38|12|7|5042942|464|13095477|1382817|13788|47402868|0|687921721|2022-04-26 21:33:12.768492+02
369|1651013511.391190|2022-04-27 00:51:51.39119+02|27/C801C4D8|12|7|5042942|464|13095477|1383317|13793|47402868|0|687960732|2022-04-26 21:33:12.768492+02
370|1651013512.417887|2022-04-27 00:51:52.417887+02|27/C9554068|12|7|5042942|464|13095477|1383817|13798|47402868|0|688006496|2022-04-26 21:33:12.768492+02
371|1651013513.444316|2022-04-27 00:51:53.444316+02|27/CAA6CB80|12|7|5042942|464|13095477|1384417|13804|47402868|0|688061455|2022-04-26 21:33:12.768492+02
372|1651013514.471322|2022-04-27 00:51:54.471322+02|27/CBFAFEC8|12|7|5042942|464|13095477|1384917|13809|47402868|0|688107506|2022-04-26 21:33:12.768492+02
373|1651013515.497287|2022-04-27 00:51:55.497287+02|27/CD49F850|12|7|5042942|464|13095477|1385417|13814|47402868|0|688153275|2022-04-26 21:33:12.768492+02
374|1651013516.523091|2022-04-27 00:51:56.523091+02|27/CE941820|12|7|5042942|464|13095477|1385917|13819|47402868|0|688198629|2022-04-26 21:33:12.768492+02
375|1651013517.549318|2022-04-27 00:51:57.549318+02|27/CFD8F870|12|7|5042942|464|13095477|1386417|13824|47402868|0|688242815|2022-04-26 21:33:12.768492+02
376|1651013518.575762|2022-04-27 00:51:58.575762+02|27/D10CF220|12|7|5042942|464|13095477|1386917|13829|47402868|0|688284953|2022-04-26 21:33:12.768492+02
377|1651013519.602707|2022-04-27 00:51:59.602707+02|27/D25600B0|12|7|5042942|464|13095477|1387417|13834|47402868|0|688330228|2022-04-26 21:33:12.768492+02
378|1651013520.629102|2022-04-27 00:52:00.629102+02|27/D39D1E98|12|7|5042942|464|13095477|1387917|13839|47402868|0|688376215|2022-04-26 21:33:12.768492+02
379|1651013521.655485|2022-04-27 00:52:01.655485+02|27/D4E52870|12|7|5042942|464|13095477|1388417|13844|47402868|0|688421503|2022-04-26 21:33:12.768492+02
380|1651013522.681899|2022-04-27 00:52:02.681899+02|27/D62120A8|12|7|5042942|464|13095477|1388917|13849|47402868|0|688465086|2022-04-26 21:33:12.768492+02
381|1651013523.708510|2022-04-27 00:52:03.70851+02|27/D76C5F80|12|7|5042942|464|13095477|1389517|13855|47402868|0|688519972|2022-04-26 21:33:12.768492+02
382|1651013524.734865|2022-04-27 00:52:04.734865+02|27/D8B08478|12|7|5042942|464|13095477|1390017|13860|47402868|0|688565252|2022-04-26 21:33:12.768492+02
383|1651013525.761153|2022-04-27 00:52:05.761153+02|27/D9EFAED0|12|7|5042942|464|13095477|1390517|13865|47402868|0|688609765|2022-04-26 21:33:12.768492+02
384|1651013526.785675|2022-04-27 00:52:06.785675+02|27/DB2996C8|12|7|5042942|464|13095477|1391017|13870|47402868|0|688655418|2022-04-26 21:33:12.768492+02
385|1651013527.810953|2022-04-27 00:52:07.810953+02|27/DC518738|12|7|5042942|464|13095477|1391517|13875|47402868|0|688694275|2022-04-26 21:33:12.768492+02
386|1651013528.837055|2022-04-27 00:52:08.837055+02|27/DD9CCD18|12|7|5042942|464|13095477|1392017|13880|47402868|0|688740003|2022-04-26 21:33:12.768492+02
387|1651013529.863632|2022-04-27 00:52:09.863632+02|27/DEE69630|12|7|5042942|464|13095477|1392517|13885|47402868|0|688785934|2022-04-26 21:33:12.768492+02
388|1651013530.889902|2022-04-27 00:52:10.889902+02|27/E02DF1B0|12|7|5042942|464|13095477|1393017|13890|47402868|0|688831710|2022-04-26 21:33:12.768492+02
389|1651013531.915815|2022-04-27 00:52:11.915815+02|27/E1733380|12|7|5042942|464|13095477|1393517|13895|47402868|0|688877677|2022-04-26 21:33:12.768492+02
390|1651013532.942052|2022-04-27 00:52:12.942052+02|27/E2B19D50|12|7|5042942|464|13095477|1394017|13900|47402868|0|688923450|2022-04-26 21:33:12.768492+02
391|1651013533.966964|2022-04-27 00:52:13.966964+02|27/E3E09870|12|7|5042942|464|13095477|1394617|13906|47402868|0|688975100|2022-04-26 21:33:12.768492+02
392|1651013534.993756|2022-04-27 00:52:14.993756+02|27/E5281698|12|7|5042942|464|13095477|1395117|13911|47402868|0|689019985|2022-04-26 21:33:12.768492+02
393|1651013536.020421|2022-04-27 00:52:16.020421+02|27/E66904A8|12|7|5042942|464|13095477|1395617|13916|47402868|0|689065388|2022-04-26 21:33:12.768492+02
394|1651013537.047284|2022-04-27 00:52:17.047284+02|27/E7AAEC10|12|7|5042942|464|13095477|1396117|13921|47402868|0|689110677|2022-04-26 21:33:12.768492+02
395|1651013538.072888|2022-04-27 00:52:18.072888+02|27/E8DABDD0|12|7|5042942|464|13095477|1396617|13926|47402868|0|689155143|2022-04-26 21:33:12.768492+02
396|1651013539.098723|2022-04-27 00:52:19.098723+02|27/EA1E4A58|12|7|5042942|464|13095477|1397117|13931|47402868|0|689199674|2022-04-26 21:33:12.768492+02
397|1651013540.125744|2022-04-27 00:52:20.125744+02|27/EB64E370|12|7|5042942|464|13095477|1397617|13936|47402868|0|689245557|2022-04-26 21:33:12.768492+02
398|1651013541.151966|2022-04-27 00:52:21.151966+02|27/ECA6CB98|12|7|5042942|464|13095477|1398117|13941|47402868|0|689290567|2022-04-26 21:33:12.768492+02
399|1651013542.178771|2022-04-27 00:52:22.178771+02|27/EDE20D10|12|7|5042942|464|13095477|1398617|13946|47402868|0|689334474|2022-04-26 21:33:12.768492+02
400|1651013543.205128|2022-04-27 00:52:23.205128+02|27/EF075320|12|7|5042942|464|13095477|1399117|13951|47402868|0|689376446|2022-04-26 21:33:12.768492+02
401|1651013544.231589|2022-04-27 00:52:24.231589+02|27/F03EA458|12|7|5042942|464|13095477|1399717|13957|47402868|0|689428078|2022-04-26 21:33:12.768492+02
402|1651013545.257690|2022-04-27 00:52:25.25769+02|27/F1820038|12|7|5042942|464|13095477|1400217|13962|47402868|0|689473772|2022-04-26 21:33:12.768492+02
403|1651013546.284172|2022-04-27 00:52:26.284172+02|27/F2C43348|12|7|5042942|464|13095477|1400717|13967|47402868|0|689519089|2022-04-26 21:33:12.768492+02
404|1651013547.310430|2022-04-27 00:52:27.31043+02|27/F3FD8CF0|12|7|5042942|464|13095477|1401217|13972|49480920|0|689563374|2022-04-26 21:33:12.768492+02
405|1651013548.337467|2022-04-27 00:52:28.337467+02|27/F53F6668|12|7|5042942|464|13095477|1401717|13977|49480920|0|689608694|2022-04-26 21:33:12.768492+02
406|1651013549.363299|2022-04-27 00:52:29.363299+02|27/F675B770|12|7|5042942|464|13095477|1402217|13982|49480920|0|689652821|2022-04-26 21:33:12.768492+02
407|1651013550.389076|2022-04-27 00:52:30.389076+02|27/F7B5AC00|12|7|5042942|464|13095477|1402717|13987|49480920|0|689697928|2022-04-26 21:33:12.768492+02
408|1651013551.415907|2022-04-27 00:52:31.415907+02|27/F8F43EC8|12|7|5042942|464|13095477|1403217|13992|49480920|0|689742833|2022-04-26 21:33:12.768492+02
409|1651013552.441882|2022-04-27 00:52:32.441882+02|27/FA32C6A0|12|7|5042942|464|13095477|1403717|13997|49480920|0|689788410|2022-04-26 21:33:12.768492+02
410|1651013553.468174|2022-04-27 00:52:33.468174+02|27/FB6388C0|12|7|5042942|464|13095477|1404317|14003|49480920|0|689839671|2022-04-26 21:33:12.768492+02
411|1651013554.494205|2022-04-27 00:52:34.494205+02|27/FCAED7B8|12|7|5042942|464|13095477|1404817|14008|49480920|0|689883331|2022-04-26 21:33:12.768492+02
412|1651013555.519998|2022-04-27 00:52:35.519998+02|27/FDFB8978|12|7|5042942|464|13095477|1405317|14013|49480920|0|689928108|2022-04-26 21:33:12.768492+02
413|1651013556.546287|2022-04-27 00:52:36.546287+02|27/FF4971A0|12|7|5042942|464|13095477|1405817|14018|49480920|0|689973307|2022-04-26 21:33:12.768492+02
414|1651013557.572523|2022-04-27 00:52:37.572523+02|28/932598|12|7|5042942|464|13095477|1406317|14023|49480920|0|690017701|2022-04-26 21:33:12.768492+02
415|1651013558.599054|2022-04-27 00:52:38.599054+02|28/1D353A8|12|7|5042942|464|13095477|1406817|14028|49480920|0|690060340|2022-04-26 21:33:12.768492+02
416|1651013559.624529|2022-04-27 00:52:39.624529+02|28/3016E98|12|7|5042942|464|13095477|1407317|14033|49480920|0|690104974|2022-04-26 21:33:12.768492+02
417|1651013560.651306|2022-04-27 00:52:40.651306+02|28/42879C0|12|7|5042942|464|13095477|1407817|14038|49480920|0|690147127|2022-04-26 21:33:12.768492+02
418|1651013561.678093|2022-04-27 00:52:41.678093+02|28/5658E80|12|7|5042942|464|13095477|1408317|14043|49480920|0|690193262|2022-04-26 21:33:12.768492+02
419|1651013562.721161|2022-04-27 00:52:42.721161+02|28/6A39F58|12|7|5042942|464|13095477|1408917|14049|49480920|0|690247705|2022-04-26 21:33:12.768492+02
420|1651013563.748291|2022-04-27 00:52:43.748291+02|28/7E52308|12|7|5042942|464|13095477|1409417|14054|49480920|0|690293583|2022-04-26 21:33:12.768492+02
421|1651013564.775163|2022-04-27 00:52:44.775163+02|28/9206EC0|12|7|5042942|464|13095477|1409917|14059|49480920|0|690339100|2022-04-26 21:33:12.768492+02
422|1651013565.801831|2022-04-27 00:52:45.801831+02|28/A520550|12|7|5042942|464|13095477|1410417|14064|49480920|0|690383062|2022-04-26 21:33:12.768492+02
423|1651013566.827797|2022-04-27 00:52:46.827797+02|28/B88B170|12|7|5042942|464|13095477|1410917|14069|49480920|0|690428891|2022-04-26 21:33:12.768492+02
424|1651013567.854006|2022-04-27 00:52:47.854006+02|28/CBC3780|12|7|5042942|464|13095477|1411417|14074|49480920|0|690474173|2022-04-26 21:33:12.768492+02
425|1651013568.880568|2022-04-27 00:52:48.880568+02|28/DEBAF20|12|7|5042942|464|13095477|1411917|14079|49480920|0|690518858|2022-04-26 21:33:12.768492+02
426|1651013569.907435|2022-04-27 00:52:49.907435+02|28/F201F00|12|7|5042942|464|13095477|1412417|14084|49480920|0|690564543|2022-04-26 21:33:12.768492+02
427|1651013570.934922|2022-04-27 00:52:50.934922+02|28/1037F8A8|12|7|5042942|464|13095477|1412917|14089|49480920|0|690605648|2022-04-26 21:33:12.768492+02
428|1651013571.960879|2022-04-27 00:52:51.960879+02|28/1170A058|12|7|5042942|464|13095477|1413417|14094|49480920|0|690651871|2022-04-26 21:33:12.768492+02
429|1651013572.987234|2022-04-27 00:52:52.987234+02|28/12A59350|12|7|5042942|464|13095477|1414017|14100|49480920|0|690707184|2022-04-26 21:33:12.768492+02
430|1651013574.014565|2022-04-27 00:52:54.014565+02|28/13D7FDA8|12|7|5042942|464|13095477|1414517|14105|49480920|0|690752706|2022-04-26 21:33:12.768492+02
431|1651013575.041794|2022-04-27 00:52:55.041794+02|28/15001810|12|7|5042942|464|13095477|1415017|14110|49480920|0|690796743|2022-04-26 21:33:12.768492+02
432|1651013576.067490|2022-04-27 00:52:56.06749+02|28/162A3678|12|7|5042942|464|13095477|1415517|14115|49480920|0|690841331|2022-04-26 21:33:12.768492+02
433|1651013577.094146|2022-04-27 00:52:57.094146+02|28/1746CD08|12|7|5042942|464|13095477|1416017|14120|49480920|0|690882977|2022-04-26 21:33:12.768492+02
434|1651013578.121430|2022-04-27 00:52:58.12143+02|28/187EFED0|12|7|5042942|464|13095477|1416517|14125|49480920|0|690929187|2022-04-26 21:33:12.768492+02
435|1651013579.148421|2022-04-27 00:52:59.148421+02|28/19B447E8|12|7|5042942|464|13095477|1417017|14130|49480920|0|690975373|2022-04-26 21:33:12.768492+02
436|1651013580.174943|2022-04-27 00:53:00.174943+02|28/1AE805A0|12|7|5042942|464|13095477|1417517|14135|49480920|0|691021199|2022-04-26 21:33:12.768492+02
437|1651013581.201901|2022-04-27 00:53:01.201901+02|28/1C1512F8|12|7|5042942|464|13095477|1418017|14140|49480920|0|691066299|2022-04-26 21:33:12.768492+02
438|1651013582.228021|2022-04-27 00:53:02.228021+02|28/1D37F1C0|12|7|5042942|464|13095477|1418517|14145|49480920|0|691109372|2022-04-26 21:33:12.768492+02
439|1651013583.254257|2022-04-27 00:53:03.254257+02|28/1E695198|12|7|5042942|464|13095477|1419117|14151|49480920|0|691164058|2022-04-26 21:33:12.768492+02
440|1651013584.281562|2022-04-27 00:53:04.281562+02|28/1F98DFD8|12|7|5042942|464|13095477|1419617|14156|49480920|0|691209748|2022-04-26 21:33:12.768492+02
441|1651013585.309189|2022-04-27 00:53:05.309189+02|28/20C5E4B8|12|7|5042942|464|13095477|1420117|14161|49480920|0|691255135|2022-04-26 21:33:12.768492+02
442|1651013586.334255|2022-04-27 00:53:06.334255+02|28/21DB64E8|12|7|5042942|464|13095477|1420617|14166|49480920|0|691300425|2022-04-26 21:33:12.768492+02
443|1651013587.360713|2022-04-27 00:53:07.360713+02|28/22FE58F8|12|7|5042942|464|13095477|1421117|14171|51558574|0|691340225|2022-04-26 21:33:12.768492+02
444|1651013588.387699|2022-04-27 00:53:08.387699+02|28/242FBAA0|12|7|5042942|464|13095477|1421617|14176|51558574|0|691386371|2022-04-26 21:33:12.768492+02
445|1651013589.414732|2022-04-27 00:53:09.414732+02|28/25602FB0|12|7|5042942|464|13095477|1422117|14181|51558574|0|691432277|2022-04-26 21:33:12.768492+02
446|1651013590.441120|2022-04-27 00:53:10.44112+02|28/268CCE30|12|7|5042942|464|13095477|1422617|14186|51558574|0|691477978|2022-04-26 21:33:12.768492+02
447|1651013591.467426|2022-04-27 00:53:11.467426+02|28/27AC1178|12|7|5042942|464|13095477|1423117|14191|51558574|0|691521130|2022-04-26 21:33:12.768492+02
448|1651013592.493467|2022-04-27 00:53:12.493467+02|28/28B7ED70|12|7|5042942|464|13095477|1423617|14196|51558574|0|691561470|2022-04-26 21:33:12.768492+02
449|1651013593.519854|2022-04-27 00:53:13.519854+02|28/29E666E0|12|7|5042942|464|13095477|1424217|14202|51558574|0|691616168|2022-04-26 21:33:12.768492+02
450|1651013594.546538|2022-04-27 00:53:14.546538+02|28/2B155E28|12|7|5042942|464|13095477|1424717|14207|51558574|0|691661850|2022-04-26 21:33:12.768492+02
451|1651013595.573471|2022-04-27 00:53:15.573471+02|28/2C463188|12|7|5042942|464|13095477|1425217|14212|51558574|0|691707839|2022-04-26 21:33:12.768492+02
452|1651013596.600305|2022-04-27 00:53:16.600305+02|28/2D72BDF8|12|7|5042942|464|13095477|1425717|14217|51558574|0|691753404|2022-04-26 21:33:12.768492+02
453|1651013597.626771|2022-04-27 00:53:17.626771+02|28/2E9DF8B0|12|7|5042942|464|13095477|1426217|14222|51558574|0|691798392|2022-04-26 21:33:12.768492+02
454|1651013598.654071|2022-04-27 00:53:18.654071+02|28/2FAC4570|12|7|5042942|464|13095477|1426717|14227|51558574|0|691839553|2022-04-26 21:33:12.768492+02
455|1651013599.669625|2022-04-27 00:53:19.669625+02|28/30D81D28|12|7|5042942|464|13095477|1427017|14230|51558574|0|691866807|2022-04-26 21:33:12.768492+02
456|1651013600.696474|2022-04-27 00:53:20.696474+02|28/32036688|12|7|5042942|464|13095477|1427717|14237|51558574|0|691930257|2022-04-26 21:33:12.768492+02
457|1651013601.723401|2022-04-27 00:53:21.723401+02|28/332C0FC0|12|7|5042942|464|13095477|1428217|14242|51558574|0|691974848|2022-04-26 21:33:12.768492+02
458|1651013602.749994|2022-04-27 00:53:22.749994+02|28/34556808|12|7|5042942|464|13095477|1428717|14247|51558574|0|692020001|2022-04-26 21:33:12.768492+02
459|1651013603.777159|2022-04-27 00:53:23.777159+02|28/35796C30|12|7|5042942|464|13095477|1429317|14253|51558574|0|692073082|2022-04-26 21:33:12.768492+02
460|1651013604.804345|2022-04-27 00:53:24.804345+02|28/36A6C010|12|7|5042942|464|13095477|1429817|14258|51558574|0|692118786|2022-04-26 21:33:12.768492+02
461|1651013605.829718|2022-04-27 00:53:25.829718+02|28/37D00040|12|7|5042942|464|13095477|1430317|14263|51558574|0|692163992|2022-04-26 21:33:12.768492+02
462|1651013606.854635|2022-04-27 00:53:26.854635+02|28/38DB9C68|12|7|5042942|464|13095477|1430817|14268|51558574|0|692207926|2022-04-26 21:33:12.768492+02
463|1651013607.882198|2022-04-27 00:53:27.882198+02|28/39FF9C98|12|7|5042942|464|13095477|1431317|14273|51558574|0|692249127|2022-04-26 21:33:12.768492+02
464|1651013608.909847|2022-04-27 00:53:28.909847+02|28/3B2B5FA0|12|7|5042942|464|13095477|1431817|14278|51558574|0|692294690|2022-04-26 21:33:12.768492+02
465|1651013609.937038|2022-04-27 00:53:29.937038+02|28/3C453150|12|7|5042942|464|13095477|1432317|14283|51558574|0|692337675|2022-04-26 21:33:12.768492+02
466|1651013610.963834|2022-04-27 00:53:30.963834+02|28/3D700940|12|7|5042942|464|13095477|1432817|14288|51558574|0|692383234|2022-04-26 21:33:12.768492+02
467|1651013611.991290|2022-04-27 00:53:31.99129+02|28/3E9CA8B0|12|7|5042942|464|13095477|1433317|14293|51558574|0|692429138|2022-04-26 21:33:12.768492+02
468|1651013613.017756|2022-04-27 00:53:33.017756+02|28/3FC90398|12|7|5042942|464|13095477|1433817|14298|51558574|0|692474560|2022-04-26 21:33:12.768492+02
469|1651013614.043713|2022-04-27 00:53:34.043713+02|28/40F1B4D0|12|7|5042942|464|13095477|1434417|14304|51558574|0|692529034|2022-04-26 21:33:12.768492+02
470|1651013615.071085|2022-04-27 00:53:35.071085+02|28/41EFFA00|12|7|5042942|464|13095477|1434917|14309|51558574|0|692568116|2022-04-26 21:33:12.768492+02
471|1651013616.097763|2022-04-27 00:53:36.097763+02|28/43165BF0|12|7|5042942|464|13095477|1435417|14314|51558574|0|692613376|2022-04-26 21:33:12.768492+02
472|1651013617.124998|2022-04-27 00:53:37.124998+02|28/444040B0|12|7|5042942|464|13095477|1435917|14319|51558574|0|692658867|2022-04-26 21:33:12.768492+02
473|1651013618.151594|2022-04-27 00:53:38.151594+02|28/456A9E90|12|7|5042942|464|13095477|1436417|14324|51558574|0|692704570|2022-04-26 21:33:12.768492+02
474|1651013619.178248|2022-04-27 00:53:39.178248+02|28/46940000|12|7|5042942|464|13095477|1436917|14329|51558574|0|692749992|2022-04-26 21:33:12.768492+02
475|1651013620.205077|2022-04-27 00:53:40.205077+02|28/47BBBAB0|12|7|5042942|464|13095477|1437417|14334|51558574|0|692795866|2022-04-26 21:33:12.768492+02
476|1651013621.231488|2022-04-27 00:53:41.231488+02|28/48CFE760|12|7|5042942|464|13095477|1437917|14339|51558574|0|692840606|2022-04-26 21:33:12.768492+02
477|1651013622.258648|2022-04-27 00:53:42.258648+02|28/49FA23E8|12|7|5042942|464|13095477|1438417|14344|51558574|0|692883495|2022-04-26 21:33:12.768492+02
478|1651013623.285375|2022-04-27 00:53:43.285375+02|28/4B163DB0|12|7|5042942|464|13095477|1439017|14350|51558574|0|692936593|2022-04-26 21:33:12.768492+02
479|1651013624.312726|2022-04-27 00:53:44.312726+02|28/4C3B0240|12|7|5042942|464|13095477|1439517|14355|51558574|0|692981639|2022-04-26 21:33:12.768492+02
480|1651013625.339016|2022-04-27 00:53:45.339016+02|28/4D511340|12|7|5042942|464|13095477|1440017|14360|53641886|0|693025353|2022-04-26 21:33:12.768492+02
481|1651013626.366591|2022-04-27 00:53:46.366591+02|28/4E711200|12|7|5042942|464|13095477|1440517|14365|53641886|0|693069986|2022-04-26 21:33:12.768492+02
482|1651013627.393121|2022-04-27 00:53:47.393121+02|28/4F8C44D8|12|7|5042942|464|13095477|1441017|14370|53641886|0|693113061|2022-04-26 21:33:12.768492+02
483|1651013628.420245|2022-04-27 00:53:48.420245+02|28/50B3A870|12|7|5042942|464|13095477|1441517|14375|53641886|0|693158457|2022-04-26 21:33:12.768492+02
484|1651013629.447165|2022-04-27 00:53:49.447165+02|28/51D8B040|12|7|5042942|464|13095477|1442017|14380|53641886|0|693203806|2022-04-26 21:33:12.768492+02
485|1651013630.474251|2022-04-27 00:53:50.474251+02|28/52F871C8|12|7|5042942|464|13095477|1442517|14385|53641886|0|693249045|2022-04-26 21:33:12.768492+02
486|1651013631.500830|2022-04-27 00:53:51.50083+02|28/541E1D10|12|7|5042942|464|13095477|1443017|14390|53641886|0|693294252|2022-04-26 21:33:12.768492+02
487|1651013632.527571|2022-04-27 00:53:52.527571+02|28/55175418|12|7|5042942|464|13095477|1443517|14395|53641886|0|693332401|2022-04-26 21:33:12.768492+02
488|1651013633.554263|2022-04-27 00:53:53.554263+02|28/563D27C0|12|7|5042942|464|13095477|1444117|14401|53641886|0|693387094|2022-04-26 21:33:12.768492+02
489|1651013634.581806|2022-04-27 00:53:54.581806+02|28/576616F8|12|7|5042942|464|13095477|1444617|14406|53641886|0|693432619|2022-04-26 21:33:12.768492+02
490|1651013635.608413|2022-04-27 00:53:55.608413+02|28/588BF240|12|7|5042942|464|13095477|1445117|14411|53641886|0|693477930|2022-04-26 21:33:12.768492+02
491|1651013636.634896|2022-04-27 00:53:56.634896+02|28/59B208D0|12|7|5042942|464|13095477|1445617|14416|53641886|0|693523321|2022-04-26 21:33:12.768492+02
492|1651013637.662514|2022-04-27 00:53:57.662514+02|28/5AD3BD78|12|7|5042942|464|13095477|1446117|14421|53641886|0|693568364|2022-04-26 21:33:12.768492+02
493|1651013638.688959|2022-04-27 00:53:58.688959+02|28/5BF570E0|12|7|5042942|464|13095477|1446617|14426|53641886|0|693613178|2022-04-26 21:33:12.768492+02
494|1651013639.714641|2022-04-27 00:53:59.714641+02|28/5D0E95B8|12|7|5042942|464|13095477|1447117|14431|53641886|0|693656763|2022-04-26 21:33:12.768492+02
495|1651013640.741196|2022-04-27 00:54:00.741196+02|28/5E2DC0B0|12|7|5042942|464|13095477|1447617|14436|53641886|0|693701278|2022-04-26 21:33:12.768492+02
496|1651013641.768017|2022-04-27 00:54:01.768017+02|28/5F4E45B0|12|7|5042942|464|13095477|1448117|14441|53641886|0|693746024|2022-04-26 21:33:12.768492+02
497|1651013642.794785|2022-04-27 00:54:02.794785+02|28/60502F90|12|7|5042942|464|13095477|1448617|14446|53641886|0|693786210|2022-04-26 21:33:12.768492+02
498|1651013643.821133|2022-04-27 00:54:03.821133+02|28/61751DD0|12|7|5042942|464|13095477|1449217|14452|53641886|0|693840646|2022-04-26 21:33:12.768492+02
499|1651013644.848178|2022-04-27 00:54:04.848178+02|28/629B58B0|12|7|5042942|464|13095477|1449717|14457|53641886|0|693886381|2022-04-26 21:33:12.768492+02
500|1651013645.874389|2022-04-27 00:54:05.874389+02|28/63BEF0D8|12|7|5042942|464|13095477|1450217|14462|53641886|0|693932115|2022-04-26 21:33:12.768492+02
501|1651013646.901154|2022-04-27 00:54:06.901154+02|28/64DD80D0|12|7|5042942|464|13095477|1450717|14467|53641886|0|693976811|2022-04-26 21:33:12.768492+02
502|1651013647.927587|2022-04-27 00:54:07.927587+02|28/65F39A90|12|7|5042942|464|13095477|1451217|14472|53641886|0|694020428|2022-04-26 21:33:12.768492+02
503|1651013648.954895|2022-04-27 00:54:08.954895+02|28/67011E68|12|7|5042942|464|13095477|1451717|14477|53641886|0|694061846|2022-04-26 21:33:12.768492+02
504|1651013649.981145|2022-04-27 00:54:09.981145+02|28/68250060|12|7|5042942|464|13095477|1452217|14482|53641886|0|694107617|2022-04-26 21:33:12.768492+02
505|1651013651.008350|2022-04-27 00:54:11.00835+02|28/694717D8|12|7|5042942|464|13095477|1452717|14487|53641886|0|694152931|2022-04-26 21:33:12.768492+02
506|1651013652.035373|2022-04-27 00:54:12.035373+02|28/6A6B1C80|12|7|5042942|464|13095477|1453217|14492|53641886|0|694198603|2022-04-26 21:33:12.768492+02
507|1651013653.061522|2022-04-27 00:54:13.061522+02|28/6B8C0000|12|7|5042942|464|13095477|1453717|14497|53641886|0|694244382|2022-04-26 21:33:12.768492+02
508|1651013654.086471|2022-04-27 00:54:14.086471+02|28/6CAC10F8|12|7|5042942|464|13095477|1454317|14503|53641886|0|694298120|2022-04-26 21:33:12.768492+02
509|1651013655.113324|2022-04-27 00:54:15.113324+02|28/6DC16A48|12|7|5042942|464|13095477|1454817|14508|53641886|0|694341280|2022-04-26 21:33:12.768492+02
510|1651013656.139268|2022-04-27 00:54:16.139268+02|28/6EE21AA8|12|7|5042942|464|13095477|1455317|14513|53641886|0|694386258|2022-04-26 21:33:12.768492+02
511|1651013657.164761|2022-04-27 00:54:17.164761+02|28/7001F250|12|7|5042942|464|13095477|1455817|14518|53641886|0|694431425|2022-04-26 21:33:12.768492+02
512|1651013658.191067|2022-04-27 00:54:18.191067+02|28/7124A968|12|7|5042942|464|13095477|1456317|14523|53641886|0|694476459|2022-04-26 21:33:12.768492+02
513|1651013659.217633|2022-04-27 00:54:19.217633+02|28/7222BDD8|12|7|5042942|464|13095477|1456817|14528|53641886|0|694516030|2022-04-26 21:33:12.768492+02
514|1651013660.244258|2022-04-27 00:54:20.244258+02|28/73499CD0|12|7|5042942|464|13095477|1457317|14533|53641886|0|694561452|2022-04-26 21:33:12.768492+02
515|1651013661.271514|2022-04-27 00:54:21.271514+02|28/74737100|12|7|5042942|464|13095477|1457817|14538|53641886|0|694607089|2022-04-26 21:33:12.768492+02
516|1651013662.299114|2022-04-27 00:54:22.299114+02|28/7596DF88|12|7|5042942|464|13095477|1458317|14543|53641886|0|694652073|2022-04-26 21:33:12.768492+02
517|1651013663.326070|2022-04-27 00:54:23.32607+02|28/76BAC6E8|12|7|5042942|464|13095477|1458917|14549|53641886|0|694706337|2022-04-26 21:33:12.768492+02
518|1651013664.353119|2022-04-27 00:54:24.353119+02|28/77BC7E38|12|7|5042942|464|13095477|1459417|14554|55719839|0|694746434|2022-04-26 21:33:12.768492+02
519|1651013665.380519|2022-04-27 00:54:25.380519+02|28/78DB01F8|12|7|5042942|464|13095477|1459917|14559|55719839|0|694789868|2022-04-26 21:33:12.768492+02
520|1651013666.407677|2022-04-27 00:54:26.407677+02|28/7A0139A8|12|7|5042942|464|13095477|1460417|14564|55719839|0|694835552|2022-04-26 21:33:12.768492+02
521|1651013667.434899|2022-04-27 00:54:27.434899+02|28/7B259CF0|12|7|5042942|464|13095477|1460917|14569|55719839|0|694880626|2022-04-26 21:33:12.768492+02
522|1651013668.461746|2022-04-27 00:54:28.461746+02|28/7C4EFF88|12|7|5042942|464|13095477|1461417|14574|55719839|0|694926449|2022-04-26 21:33:12.768492+02
523|1651013669.488678|2022-04-27 00:54:29.488678+02|28/7D8AA760|12|7|5042942|464|13095477|1461917|14579|55719839|0|694971168|2022-04-26 21:33:12.768492+02
524|1651013670.515592|2022-04-27 00:54:30.515592+02|28/7EC964B0|12|7|5042942|464|13095477|1462417|14584|55719839|0|695015816|2022-04-26 21:33:12.768492+02
525|1651013671.541937|2022-04-27 00:54:31.541937+02|28/7FF7B898|12|7|5042942|464|13095477|1462917|14589|55719839|0|695058100|2022-04-26 21:33:12.768492+02
526|1651013672.568998|2022-04-27 00:54:32.568998+02|28/813434D0|12|7|5042942|464|13095477|1463417|14594|55719839|0|695102964|2022-04-26 21:33:12.768492+02
527|1651013673.595466|2022-04-27 00:54:33.595466+02|28/8279B088|12|7|5042942|464|13095477|1464017|14600|55719839|0|695156337|2022-04-26 21:33:12.768492+02
528|1651013674.621925|2022-04-27 00:54:34.621925+02|28/83C78400|12|7|5042942|464|13095477|1464517|14605|55719839|0|695200735|2022-04-26 21:33:12.768492+02
529|1651013675.648845|2022-04-27 00:54:35.648845+02|28/8505CA10|12|7|5042942|464|13095477|1465017|14610|55719839|0|695241953|2022-04-26 21:33:12.768492+02
530|1651013676.675554|2022-04-27 00:54:36.675554+02|28/86544B50|12|7|5042942|464|13095477|1465517|14615|55719839|0|695286058|2022-04-26 21:33:12.768492+02
531|1651013677.703160|2022-04-27 00:54:37.70316+02|28/87A3DF98|12|7|5042942|464|13095477|1466017|14620|55719839|0|695330085|2022-04-26 21:33:12.768492+02
532|1651013678.729223|2022-04-27 00:54:38.729223+02|28/88F02CE8|12|7|5042942|464|13095477|1466517|14625|55719839|0|695374648|2022-04-26 21:33:12.768492+02
533|1651013679.755143|2022-04-27 00:54:39.755143+02|28/8A2BF460|12|7|5042942|464|13095477|1467017|14630|55719839|0|695418958|2022-04-26 21:33:12.768492+02
534|1651013680.781012|2022-04-27 00:54:40.781012+02|28/8B4CB3D8|12|7|5042942|464|13095477|1467517|14635|55719839|0|695459402|2022-04-26 21:33:12.768492+02
535|1651013681.807614|2022-04-27 00:54:41.807614+02|28/8C897690|12|7|5042942|464|13095477|1468017|14640|55719839|0|695503536|2022-04-26 21:33:12.768492+02
536|1651013682.834808|2022-04-27 00:54:42.834808+02|28/8DC918B8|12|7|5042942|464|13095477|1468517|14645|55719839|0|695548315|2022-04-26 21:33:12.768492+02
537|1651013683.860800|2022-04-27 00:54:43.8608+02|28/8F08D930|12|7|5042942|464|13095477|1469117|14651|55719839|0|695602257|2022-04-26 21:33:12.768492+02
538|1651013684.887691|2022-04-27 00:54:44.887691+02|28/904C78E0|12|7|5042942|464|13095477|1469617|14656|55719839|0|695647109|2022-04-26 21:33:12.768492+02
539|1651013685.915845|2022-04-27 00:54:45.915845+02|28/918E3E50|12|7|5042942|464|13095477|1470117|14661|55719839|0|695691961|2022-04-26 21:33:12.768492+02
540|1651013686.944135|2022-04-27 00:54:46.944135+02|28/92CB5DB8|12|7|5042942|464|13095477|1470617|14666|55719839|0|695735292|2022-04-26 21:33:12.768492+02
541|1651013687.971427|2022-04-27 00:54:47.971427+02|28/940FA9C0|12|7|5042942|464|13095477|1471117|14671|55719839|0|695779636|2022-04-26 21:33:12.768492+02
542|1651013688.998222|2022-04-27 00:54:48.998222+02|28/954D55E8|12|7|5042942|464|13095477|1471617|14676|55719839|0|695822763|2022-04-26 21:33:12.768492+02
543|1651013690.025445|2022-04-27 00:54:50.025445+02|28/968DFDC0|12|7|5042942|464|13095477|1472117|14681|55719839|0|695866261|2022-04-26 21:33:12.768492+02
544|1651013691.052336|2022-04-27 00:54:51.052336+02|28/97CF79A0|12|7|5042942|464|13095477|1472617|14686|55719839|0|695910509|2022-04-26 21:33:12.768492+02
545|1651013692.079965|2022-04-27 00:54:52.079965+02|28/990CF0A8|12|7|5042942|464|13095477|1473117|14691|55719839|0|695952569|2022-04-26 21:33:12.768492+02
546|1651013693.106458|2022-04-27 00:54:53.106458+02|28/9A558CF0|12|7|5042942|464|13095477|1473717|14697|55719839|0|696006079|2022-04-26 21:33:12.768492+02
547|1651013694.133525|2022-04-27 00:54:54.133525+02|28/9B99DB98|12|7|5042942|464|13095477|1474217|14702|55719839|0|696050071|2022-04-26 21:33:12.768492+02
548|1651013695.161147|2022-04-27 00:54:55.161147+02|28/9CE142B8|12|7|5042942|464|13095477|1474717|14707|55719839|0|696094289|2022-04-26 21:33:12.768492+02
549|1651013696.187527|2022-04-27 00:54:56.187527+02|28/9E207C80|12|7|5042942|464|13095477|1475217|14712|55719839|0|696137224|2022-04-26 21:33:12.768492+02
550|1651013697.213484|2022-04-27 00:54:57.213484+02|28/9F476180|12|7|5042942|464|13095477|1475717|14717|55719839|0|696177304|2022-04-26 21:33:12.768492+02
551|1651013698.240496|2022-04-27 00:54:58.240496+02|28/A0883690|12|7|5042942|464|13095477|1476217|14722|55719839|0|696219238|2022-04-26 21:33:12.768492+02
552|1651013699.267628|2022-04-27 00:54:59.267628+02|28/A1CC9090|12|7|5042942|464|13095477|1476717|14727|55719839|0|696263009|2022-04-26 21:33:12.768492+02
553|1651013700.295108|2022-04-27 00:55:00.295108+02|28/A304D5E0|12|7|5042942|464|13095477|1477217|14732|55719839|0|696306546|2022-04-26 21:33:12.768492+02
554|1651013701.321367|2022-04-27 00:55:01.321367+02|28/A42B3760|12|7|5042942|464|13095477|1477717|14737|55719839|0|696350237|2022-04-26 21:33:12.768492+02
555|1651013702.347474|2022-04-27 00:55:02.347474+02|28/A5534DC8|12|7|5042942|464|13095477|1478217|14742|55719839|0|696393896|2022-04-26 21:33:12.768492+02
556|1651013703.374635|2022-04-27 00:55:03.374635+02|28/A679F4C8|12|7|5042942|464|13095477|1478817|14748|55719839|0|696446376|2022-04-26 21:33:12.768492+02
557|1651013704.401806|2022-04-27 00:55:04.401806+02|28/A7A0C748|12|7|5042942|464|13095477|1479317|14753|55719839|0|696490075|2022-04-26 21:33:12.768492+02
558|1651013705.428644|2022-04-27 00:55:05.428644+02|28/A8AAE6F0|12|7|5042942|464|13095477|1479817|14758|55719839|0|696529132|2022-04-26 21:33:12.768492+02
559|1651013706.454705|2022-04-27 00:55:06.454705+02|28/A9CDFAC8|12|7|5042942|464|13095477|1480317|14763|55719839|0|696572291|2022-04-26 21:33:12.768492+02
560|1651013707.481960|2022-04-27 00:55:07.48196+02|28/AAE6E148|12|7|5042942|464|13095477|1480817|14768|57800501|0|696614352|2022-04-26 21:33:12.768492+02
561|1651013708.508344|2022-04-27 00:55:08.508344+02|28/AC064128|12|7|5042942|464|13095477|1481317|14773|57800501|0|696657712|2022-04-26 21:33:12.768492+02
562|1651013709.535298|2022-04-27 00:55:09.535298+02|28/AD2AD220|12|7|5042942|464|13095477|1481817|14778|57800501|0|696700218|2022-04-26 21:33:12.768492+02
563|1651013710.562145|2022-04-27 00:55:10.562145+02|28/AE51FE60|12|7|5042942|464|13095477|1482317|14783|57800501|0|696744069|2022-04-26 21:33:12.768492+02
564|1651013711.589630|2022-04-27 00:55:11.58963+02|28/AF743758|12|7|5042942|464|13095477|1482817|14788|57800501|0|696787797|2022-04-26 21:33:12.768492+02
565|1651013712.616186|2022-04-27 00:55:12.616186+02|28/B0988508|12|7|5042942|464|13095477|1483417|14794|57800501|0|696839248|2022-04-26 21:33:12.768492+02
566|1651013713.641261|2022-04-27 00:55:13.641261+02|28/B19C5C60|12|7|5042942|464|13095477|1483917|14799|57800501|0|696878747|2022-04-26 21:33:12.768492+02
567|1651013714.667531|2022-04-27 00:55:14.667531+02|28/B2B316D0|12|7|5042942|464|13095477|1484417|14804|57800501|0|696918948|2022-04-26 21:33:12.768492+02
568|1651013715.693101|2022-04-27 00:55:15.693101+02|28/B3D89C08|12|7|5042942|464|13095477|1484917|14809|57800501|0|696962624|2022-04-26 21:33:12.768492+02
569|1651013716.719670|2022-04-27 00:55:16.71967+02|28/B4FD3820|12|7|5042942|464|13095477|1485417|14814|57800501|0|697006002|2022-04-26 21:33:12.768492+02
570|1651013717.746291|2022-04-27 00:55:17.746291+02|28/B6238960|12|7|5042942|464|13095477|1485917|14819|57800501|0|697049685|2022-04-26 21:33:12.768492+02
571|1651013718.773432|2022-04-27 00:55:18.773432+02|28/B7499D08|12|7|5042942|464|13095477|1486417|14824|57800501|0|697093206|2022-04-26 21:33:12.768492+02
572|1651013719.800706|2022-04-27 00:55:19.800706+02|28/B86CA770|12|7|5042942|464|13095477|1486917|14829|57800501|0|697136265|2022-04-26 21:33:12.768492+02
573|1651013720.826202|2022-04-27 00:55:20.826202+02|28/B96FAED0|12|7|5042942|464|13095477|1487417|14834|57800501|0|697178866|2022-04-26 21:33:12.768492+02
574|1651013721.853194|2022-04-27 00:55:21.853194+02|28/BA97A560|12|7|5042942|464|13095477|1487917|14839|57800501|0|697218079|2022-04-26 21:33:12.768492+02
575|1651013722.879810|2022-04-27 00:55:22.87981+02|28/BBBAECC8|12|7|5042942|464|13095477|1488517|14845|57800501|0|697270090|2022-04-26 21:33:12.768492+02
576|1651013723.907093|2022-04-27 00:55:23.907093+02|28/BCD9A400|12|7|5042942|464|13095477|1489017|14850|57800501|0|697312313|2022-04-26 21:33:12.768492+02
577|1651013724.933034|2022-04-27 00:55:24.933034+02|28/BDFA1FB8|12|7|5042942|464|13095477|1489517|14855|57800501|0|697355514|2022-04-26 21:33:12.768492+02
578|1651013725.958625|2022-04-27 00:55:25.958625+02|28/BF1A5518|12|7|5042942|464|13095477|1490017|14860|57800501|0|697398338|2022-04-26 21:33:12.768492+02
579|1651013726.986037|2022-04-27 00:55:26.986037+02|28/C03FB748|12|7|5042942|464|13095477|1490517|14865|57800501|0|697441852|2022-04-26 21:33:12.768492+02
580|1651013728.012676|2022-04-27 00:55:28.012676+02|28/C164F4F0|12|7|5042942|464|13095477|1491017|14870|57800501|0|697485782|2022-04-26 21:33:12.768492+02
581|1651013729.039284|2022-04-27 00:55:29.039284+02|28/C287FE48|12|7|5042942|464|13095477|1491517|14875|57800501|0|697529140|2022-04-26 21:33:12.768492+02
582|1651013730.066371|2022-04-27 00:55:30.066371+02|28/C3AA2A20|12|7|5042942|464|13095477|1492017|14880|57800501|0|697572303|2022-04-26 21:33:12.768492+02
583|1651013731.092614|2022-04-27 00:55:31.092614+02|28/C4A0F028|12|7|5042942|464|13095477|1492517|14885|57800501|0|697608274|2022-04-26 21:33:12.768492+02
584|1651013732.119405|2022-04-27 00:55:32.119405+02|28/C5C78968|12|7|5042942|464|13095477|1493017|14890|57800501|0|697652294|2022-04-26 21:33:12.768492+02
585|1651013733.146332|2022-04-27 00:55:33.146332+02|28/C6EE0430|12|7|5042942|464|13095477|1493617|14896|57800501|0|697704885|2022-04-26 21:33:12.768492+02
586|1651013734.173359|2022-04-27 00:55:34.173359+02|28/C81524F0|12|7|5042942|464|13095477|1494117|14901|57800501|0|697748922|2022-04-26 21:33:12.768492+02
587|1651013735.200278|2022-04-27 00:55:35.200278+02|28/C938EDB8|12|7|5042942|464|13095477|1494617|14906|57800501|0|697792535|2022-04-26 21:33:12.768492+02
588|1651013736.227059|2022-04-27 00:55:36.227059+02|28/CA591310|12|7|5042942|464|13095477|1495117|14911|57800501|0|697835674|2022-04-26 21:33:12.768492+02
589|1651013737.252784|2022-04-27 00:55:37.252784+02|28/CB7BAE18|12|7|5042942|464|13095477|1495617|14916|57800501|0|697878806|2022-04-26 21:33:12.768492+02
590|1651013738.278700|2022-04-27 00:55:38.2787+02|28/CC979E08|12|7|5042942|464|13095477|1496117|14921|57800501|0|697921117|2022-04-26 21:33:12.768492+02
591|1651013739.306126|2022-04-27 00:55:39.306126+02|28/CDA5AFA0|12|7|5042942|464|13095477|1496617|14926|57800501|0|697961334|2022-04-26 21:33:12.768492+02
592|1651013740.332534|2022-04-27 00:55:40.332534+02|28/CECB4FA8|12|7|5042942|464|13095477|1497117|14931|57800501|0|698005451|2022-04-26 21:33:12.768492+02
593|1651013741.359003|2022-04-27 00:55:41.359003+02|28/CFE50F18|12|7|5042942|464|13095477|1497617|14936|57800501|0|698047515|2022-04-26 21:33:12.768492+02
594|1651013742.385943|2022-04-27 00:55:42.385943+02|28/D10BC628|12|7|5042942|464|13095477|1498117|14941|57800501|0|698091434|2022-04-26 21:33:12.768492+02
595|1651013743.412631|2022-04-27 00:55:43.412631+02|28/D2320998|12|7|5042942|464|13095477|1498717|14947|57800501|0|698144459|2022-04-26 21:33:12.768492+02
596|1651013744.439305|2022-04-27 00:55:44.439305+02|28/D354D648|12|7|5042942|464|13095477|1499217|14952|57800501|0|698187591|2022-04-26 21:33:12.768492+02
597|1651013745.466334|2022-04-27 00:55:45.466334+02|28/D4762790|12|7|5042942|464|13095477|1499717|14957|57800501|0|698230686|2022-04-26 21:33:12.768492+02
598|1651013746.492416|2022-04-27 00:55:46.492416+02|28/D57D2B48|12|7|5042942|464|13095477|1500217|14962|57800501|0|698271319|2022-04-26 21:33:12.768492+02
599|1651013747.519074|2022-04-27 00:55:47.519074+02|28/D6989578|12|7|5042942|464|13095477|1500717|14967|57800501|0|698311834|2022-04-26 21:33:12.768492+02
600|1651013748.546179|2022-04-27 00:55:48.546179+02|28/D7B2F068|12|7|5042942|464|13095477|1501217|14972|59877754|0|698354221|2022-04-26 21:33:12.768492+02
601|1651013749.572650|2022-04-27 00:55:49.57265+02|28/D8D87DB0|12|7|5042942|464|13095477|1501717|14977|59877754|0|698398457|2022-04-26 21:33:12.768492+02
602|1651013750.599765|2022-04-27 00:55:50.599765+02|28/D9FE2460|12|7|5042942|464|13095477|1502217|14982|59877754|0|698442242|2022-04-26 21:33:12.768492+02
603|1651013751.626932|2022-04-27 00:55:51.626932+02|28/DB21E200|12|7|5042942|464|13095477|1502717|14987|59877754|0|698486499|2022-04-26 21:33:12.768492+02
604|1651013752.653363|2022-04-27 00:55:52.653363+02|28/DC4336D8|12|7|5042942|464|13095477|1503217|14992|59877754|0|698529896|2022-04-26 21:33:12.768492+02
605|1651013753.680735|2022-04-27 00:55:53.680735+02|28/DD6013E0|12|7|5042942|464|13095477|1503817|14998|59877754|0|698580780|2022-04-26 21:33:12.768492+02
606|1651013754.707516|2022-04-27 00:55:54.707516+02|28/DE82A4A0|12|7|5042942|464|13095477|1504317|15003|59877754|0|698624156|2022-04-26 21:33:12.768492+02
607|1651013755.734875|2022-04-27 00:55:55.734875+02|28/DF869940|12|7|5042942|464|13095477|1504817|15008|59877754|0|698662537|2022-04-26 21:33:12.768492+02
608|1651013756.760933|2022-04-27 00:55:56.760933+02|28/E0AC1900|12|7|5042942|464|13095477|1505317|15013|59877754|0|698706535|2022-04-26 21:33:12.768492+02
609|1651013757.787890|2022-04-27 00:55:57.78789+02|28/E1C65710|12|7|5042942|464|13095477|1505817|15018|59877754|0|698748676|2022-04-26 21:33:12.768492+02
610|1651013758.814399|2022-04-27 00:55:58.814399+02|28/E2EB8260|12|7|5042942|464|13095477|1506317|15023|59877754|0|698792726|2022-04-26 21:33:12.768492+02
611|1651013759.840913|2022-04-27 00:55:59.840913+02|28/E410AA60|12|7|5042942|464|13095477|1506817|15028|59877754|0|698837011|2022-04-26 21:33:12.768492+02
612|1651013760.867158|2022-04-27 00:56:00.867158+02|28/E5313D10|12|7|5042942|464|13095477|1507317|15033|59877754|0|698880046|2022-04-26 21:33:12.768492+02
613|1651013761.893320|2022-04-27 00:56:01.89332+02|28/E6521378|12|7|5042942|464|13095477|1507817|15038|59877754|0|698922977|2022-04-26 21:33:12.768492+02
614|1651013762.919699|2022-04-27 00:56:02.919699+02|28/E746AC58|12|7|5042942|464|13095477|1508317|15043|59877754|0|698963859|2022-04-26 21:33:12.768492+02
615|1651013763.946889|2022-04-27 00:56:03.946889+02|28/E865F170|12|7|5042942|464|13095477|1508917|15049|59877754|0|699011021|2022-04-26 21:33:12.768492+02
616|1651013764.974526|2022-04-27 00:56:04.974526+02|28/E98A68E0|12|7|5042942|464|13095477|1509417|15054|59877754|0|699054408|2022-04-26 21:33:12.768492+02
617|1651013766.001622|2022-04-27 00:56:06.001622+02|28/EAAF6620|12|7|5042942|464|13095477|1509917|15059|59877754|0|699098292|2022-04-26 21:33:12.768492+02
618|1651013767.028512|2022-04-27 00:56:07.028512+02|28/EBD3E4B8|12|7|5042942|464|13095477|1510417|15064|59877754|0|699142164|2022-04-26 21:33:12.768492+02
619|1651013768.055379|2022-04-27 00:56:08.055379+02|28/ECF36998|12|7|5042942|464|13095477|1510917|15069|59877754|0|699185513|2022-04-26 21:33:12.768492+02
620|1651013769.082355|2022-04-27 00:56:09.082355+02|28/EE155318|12|7|5042942|464|13095477|1511417|15074|59877754|0|699229070|2022-04-26 21:33:12.768492+02
621|1651013770.107901|2022-04-27 00:56:10.107901+02|28/EF317EF0|12|7|5042942|464|13095477|1511917|15079|59877754|0|699271127|2022-04-26 21:33:12.768492+02
622|1651013771.134038|2022-04-27 00:56:11.134038+02|28/F0515890|12|7|5042942|464|13095477|1512417|15084|59877754|0|699314533|2022-04-26 21:33:12.768492+02
623|1651013772.160720|2022-04-27 00:56:12.16072+02|28/F161D4A0|12|7|5042942|464|13095477|1512917|15089|59877754|0|699357920|2022-04-26 21:33:12.768492+02
624|1651013773.186586|2022-04-27 00:56:13.186586+02|28/F2862B90|12|7|5042942|464|13095477|1513417|15094|59877754|0|699399138|2022-04-26 21:33:12.768492+02
625|1651013774.213502|2022-04-27 00:56:14.213502+02|28/F39BC608|12|7|5042942|464|13095477|1514017|15100|59877754|0|699449302|2022-04-26 21:33:12.768492+02
626|1651013775.240655|2022-04-27 00:56:15.240655+02|28/F4C12618|12|7|5042942|464|13095477|1514517|15105|59877754|0|699493236|2022-04-26 21:33:12.768492+02
627|1651013776.266904|2022-04-27 00:56:16.266904+02|28/F5D59890|12|7|5042942|464|13095477|1515017|15110|59877754|0|699537033|2022-04-26 21:33:12.768492+02
628|1651013777.293389|2022-04-27 00:56:17.293389+02|28/F6F3A2B8|12|7|5042942|464|13095477|1515517|15115|59877754|0|699577629|2022-04-26 21:33:12.768492+02
629|1651013778.320563|2022-04-27 00:56:18.320563+02|28/F812DA38|12|7|5042942|464|13095477|1516017|15120|59877754|0|699620720|2022-04-26 21:33:12.768492+02
630|1651013779.335736|2022-04-27 00:56:19.335736+02|28/F91FCFE0|12|7|5042942|464|13095477|1516517|15125|59877754|0|699662204|2022-04-26 21:33:12.768492+02
631|1651013780.363590|2022-04-27 00:56:20.36359+02|28/FA3A0E88|12|7|5042942|464|13095477|1517017|15130|59877754|0|699704391|2022-04-26 21:33:12.768492+02
632|1651013781.390686|2022-04-27 00:56:21.390686+02|28/FB59C948|12|7|5042942|464|13095477|1517517|15135|59877754|0|699748409|2022-04-26 21:33:12.768492+02
633|1651013782.417859|2022-04-27 00:56:22.417859+02|28/FC7A3A08|12|7|5042942|464|13095477|1518017|15140|59877754|0|699791827|2022-04-26 21:33:12.768492+02
634|1651013783.444854|2022-04-27 00:56:23.444854+02|28/FD9DA5D8|12|7|5042942|464|13095477|1518517|15145|59877754|0|699835711|2022-04-26 21:33:12.768492+02
635|1651013784.471111|2022-04-27 00:56:24.471111+02|28/FEB26CC8|12|7|5042942|464|13095477|1519117|15151|59877754|0|699885834|2022-04-26 21:33:12.768492+02
636|1651013785.498022|2022-04-27 00:56:25.498022+02|28/FFD82C10|12|7|5042942|464|13095477|1519617|15156|59877754|0|699929530|2022-04-26 21:33:12.768492+02
637|1651013786.524813|2022-04-27 00:56:26.524813+02|29/F66B90|12|7|5042942|464|13095477|1520117|15161|59877754|0|699972430|2022-04-26 21:33:12.768492+02
638|1651013787.551193|2022-04-27 00:56:27.551193+02|29/21AEE28|12|7|5042942|464|13095477|1520617|15166|59877754|0|700015447|2022-04-26 21:33:12.768492+02
639|1651013788.577850|2022-04-27 00:56:28.57785+02|29/32A4478|12|7|5042942|464|13095477|1521117|15171|61954909|0|700057396|2022-04-26 21:33:12.768492+02
640|1651013789.605126|2022-04-27 00:56:29.605126+02|29/451A438|12|7|5042942|464|13095477|1521617|15176|61954909|0|700100372|2022-04-26 21:33:12.768492+02
641|1651013790.632821|2022-04-27 00:56:30.632821+02|29/560E4B8|12|7|5042942|464|13095477|1522117|15181|61954909|0|700140746|2022-04-26 21:33:12.768492+02
642|1651013791.659616|2022-04-27 00:56:31.659616+02|29/683E2E0|12|7|5042942|464|13095477|1522617|15186|61954909|0|700184600|2022-04-26 21:33:12.768492+02
643|1651013792.686992|2022-04-27 00:56:32.686992+02|29/7A7DB80|12|7|5042942|464|13095477|1523117|15191|61954909|0|700228245|2022-04-26 21:33:12.768492+02
644|1651013793.713617|2022-04-27 00:56:33.713617+02|29/8BAA9C8|12|7|5042942|464|13095477|1523617|15196|61954909|0|700271052|2022-04-26 21:33:12.768492+02
645|1651013794.740165|2022-04-27 00:56:34.740165+02|29/9DE3920|12|7|5042942|464|13095477|1524117|15201|61954909|0|700313547|2022-04-26 21:33:12.768492+02
646|1651013795.766809|2022-04-27 00:56:35.766809+02|29/AFDAC98|12|7|5042942|464|13095477|1524717|15207|61954909|0|700365528|2022-04-26 21:33:12.768492+02
647|1651013796.794082|2022-04-27 00:56:36.794082+02|29/C097948|12|7|5042942|464|13095477|1525217|15212|61954909|0|700405580|2022-04-26 21:33:12.768492+02
648|1651013797.820770|2022-04-27 00:56:37.82077+02|29/D2E4758|12|7|5042942|464|13095477|1525717|15217|61954909|0|700449493|2022-04-26 21:33:12.768492+02
649|1651013798.847495|2022-04-27 00:56:38.847495+02|29/E5155F0|12|7|5042942|464|13095477|1526217|15222|61954909|0|700493227|2022-04-26 21:33:12.768492+02
650|1651013799.873853|2022-04-27 00:56:39.873853+02|29/F760170|12|7|5042942|464|13095477|1526717|15227|61954909|0|700537589|2022-04-26 21:33:12.768492+02
651|1651013800.899481|2022-04-27 00:56:40.899481+02|29/10982008|12|7|5042942|464|13095477|1527217|15232|61954909|0|700581416|2022-04-26 21:33:12.768492+02
652|1651013801.926019|2022-04-27 00:56:41.926019+02|29/11AD2220|12|7|5042942|464|13095477|1527717|15237|61954909|0|700623103|2022-04-26 21:33:12.768492+02
653|1651013802.952907|2022-04-27 00:56:42.952907+02|29/12CE7200|12|7|5042942|464|13095477|1528217|15242|61954909|0|700666450|2022-04-26 21:33:12.768492+02
654|1651013803.980147|2022-04-27 00:56:43.980147+02|29/13EE2230|12|7|5042942|464|13095477|1528717|15247|61954909|0|700709908|2022-04-26 21:33:12.768492+02
655|1651013805.005893|2022-04-27 00:56:45.005893+02|29/1509F298|12|7|5042942|464|13095477|1529217|15252|61954909|0|700753636|2022-04-26 21:33:12.768492+02
656|1651013806.033163|2022-04-27 00:56:46.033163+02|29/1611FBB8|12|7|5042942|464|13095477|1529817|15258|61954909|0|700801096|2022-04-26 21:33:12.768492+02
657|1651013807.060180|2022-04-27 00:56:47.06018+02|29/17362FC0|12|7|5042942|464|13095477|1530317|15263|61954909|0|700845044|2022-04-26 21:33:12.768492+02
658|1651013808.086778|2022-04-27 00:56:48.086778+02|29/18482FF8|12|7|5042942|464|13095477|1530817|15268|61954909|0|700886159|2022-04-26 21:33:12.768492+02
659|1651013809.114170|2022-04-27 00:56:49.11417+02|29/196BF660|12|7|5042942|464|13095477|1531317|15273|61954909|0|700929934|2022-04-26 21:33:12.768492+02
660|1651013810.141400|2022-04-27 00:56:50.1414+02|29/1A8CAF58|12|7|5042942|464|13095477|1531817|15278|61954909|0|700973997|2022-04-26 21:33:12.768492+02
661|1651013811.169005|2022-04-27 00:56:51.169005+02|29/1BAD3DE8|12|7|5042942|464|13095477|1532317|15283|61954909|0|701017092|2022-04-26 21:33:12.768492+02
662|1651013812.195346|2022-04-27 00:56:52.195346+02|29/1CCB76E0|12|7|5042942|464|13095477|1532817|15288|61954909|0|701060346|2022-04-26 21:33:12.768492+02
663|1651013813.221922|2022-04-27 00:56:53.221922+02|29/1DEAEF98|12|7|5042942|464|13095477|1533317|15293|61954909|0|701103659|2022-04-26 21:33:12.768492+02
664|1651013814.248604|2022-04-27 00:56:54.248604+02|29/1EDE85A0|12|7|5042942|464|13095477|1533817|15298|61954909|0|701139892|2022-04-26 21:33:12.768492+02
665|1651013815.275355|2022-04-27 00:56:55.275355+02|29/20026B88|12|7|5042942|464|13095477|1534317|15303|61954909|0|701183719|2022-04-26 21:33:12.768492+02
666|1651013816.302910|2022-04-27 00:56:56.30291+02|29/2124C500|12|7|5042942|464|13095477|1534917|15309|61954909|0|701236500|2022-04-26 21:33:12.768492+02
667|1651013817.330082|2022-04-27 00:56:57.330082+02|29/2246FE70|12|7|5042942|464|13095477|1535417|15314|61954909|0|701280121|2022-04-26 21:33:12.768492+02
668|1651013818.355761|2022-04-27 00:56:58.355761+02|29/2369D4D8|12|7|5042942|464|13095477|1535917|15319|61954909|0|701324048|2022-04-26 21:33:12.768492+02
669|1651013819.382136|2022-04-27 00:56:59.382136+02|29/2489E520|12|7|5042942|464|13095477|1536417|15324|61954909|0|701367364|2022-04-26 21:33:12.768492+02
670|1651013820.408078|2022-04-27 00:57:00.408078+02|29/258744D0|12|7|5042942|464|13095477|1536917|15329|61954909|0|701405318|2022-04-26 21:33:12.768492+02
671|1651013821.434314|2022-04-27 00:57:01.434314+02|29/26A98400|12|7|5042942|464|13095477|1537417|15334|61954909|0|701448933|2022-04-26 21:33:12.768492+02
672|1651013822.460113|2022-04-27 00:57:02.460113+02|29/27CA9CE0|12|7|5042942|464|13095477|1537917|15339|61954909|0|701492617|2022-04-26 21:33:12.768492+02
673|1651013823.486983|2022-04-27 00:57:03.486983+02|29/28ED85E0|12|7|5042942|464|13095477|1538417|15344|61954909|0|701536114|2022-04-26 21:33:12.768492+02
674|1651013824.512939|2022-04-27 00:57:04.512939+02|29/2A0F9A88|12|7|5042942|464|13095477|1538917|15349|61954909|0|701579682|2022-04-26 21:33:12.768492+02
675|1651013825.540073|2022-04-27 00:57:05.540073+02|29/2B2C91C0|12|7|5042942|464|13095477|1539417|15354|61954909|0|701622348|2022-04-26 21:33:12.768492+02
676|1651013826.567473|2022-04-27 00:57:06.567473+02|29/2C4C6A60|12|7|5042942|464|13095477|1540017|15360|61954909|0|701674318|2022-04-26 21:33:12.768492+02
677|1651013827.594608|2022-04-27 00:57:07.594608+02|29/2D6B4E90|12|7|5042942|464|13095477|1540517|15365|61954909|0|701717694|2022-04-26 21:33:12.768492+02
678|1651013828.621485|2022-04-27 00:57:08.621485+02|29/2E7E85A8|12|7|5042942|464|13095477|1541017|15370|64032062|0|701758993|2022-04-26 21:33:12.768492+02
679|1651013829.647953|2022-04-27 00:57:09.647953+02|29/2F8D5790|12|7|5042942|464|13095477|1541517|15375|64032062|0|701799604|2022-04-26 21:33:12.768492+02
680|1651013830.675264|2022-04-27 00:57:10.675264+02|29/30AE97D0|12|7|5042942|464|13095477|1542017|15380|64032062|0|701843423|2022-04-26 21:33:12.768492+02
681|1651013831.702026|2022-04-27 00:57:11.702026+02|29/31C26B40|12|7|5042942|464|13095477|1542517|15385|64032062|0|701884759|2022-04-26 21:33:12.768492+02
682|1651013832.729522|2022-04-27 00:57:12.729522+02|29/32E5A660|12|7|5042942|464|13095477|1543017|15390|64032062|0|701928481|2022-04-26 21:33:12.768492+02
683|1651013833.753619|2022-04-27 00:57:13.753619+02|29/33F0F700|12|7|5042942|464|13095477|1543517|15395|64032062|0|701971902|2022-04-26 21:33:12.768492+02
684|1651013834.781063|2022-04-27 00:57:14.781063+02|29/35148F88|12|7|5042942|464|13095477|1544017|15400|64032062|0|702012376|2022-04-26 21:33:12.768492+02
685|1651013835.808353|2022-04-27 00:57:15.808353+02|29/36328478|12|7|5042942|464|13095477|1544617|15406|64032062|0|702064231|2022-04-26 21:33:12.768492+02
686|1651013836.835222|2022-04-27 00:57:16.835222+02|29/3750C4B0|12|7|5042942|464|13095477|1545117|15411|64032062|0|702107516|2022-04-26 21:33:12.768492+02
687|1651013837.861529|2022-04-27 00:57:17.861529+02|29/385E6980|12|7|5042942|464|13095477|1545617|15416|64032062|0|702147682|2022-04-26 21:33:12.768492+02
688|1651013838.888386|2022-04-27 00:57:18.888386+02|29/39819BE0|12|7|5042942|464|13095477|1546117|15421|64032062|0|702191917|2022-04-26 21:33:12.768492+02
689|1651013839.914985|2022-04-27 00:57:19.914985+02|29/3AA17310|12|7|5042942|464|13095477|1546617|15426|64032062|0|702235830|2022-04-26 21:33:12.768492+02
690|1651013840.942096|2022-04-27 00:57:20.942096+02|29/3BC1B0D0|12|7|5042942|464|13095477|1547117|15431|64032062|0|702279161|2022-04-26 21:33:12.768492+02
691|1651013841.969065|2022-04-27 00:57:21.969065+02|29/3CCE4150|12|7|5042942|464|13095477|1547617|15436|64032062|0|702319928|2022-04-26 21:33:12.768492+02
692|1651013842.996185|2022-04-27 00:57:22.996185+02|29/3DEFC068|12|7|5042942|464|13095477|1548117|15441|64032062|0|702363631|2022-04-26 21:33:12.768492+02
693|1651013844.023453|2022-04-27 00:57:24.023453+02|29/3EF3B560|12|7|5042942|464|13095477|1548617|15446|64032062|0|702404592|2022-04-26 21:33:12.768492+02
694|1651013845.050449|2022-04-27 00:57:25.050449+02|29/4012C788|12|7|5042942|464|13095477|1549117|15451|64032062|0|702446489|2022-04-26 21:33:12.768492+02
695|1651013846.077311|2022-04-27 00:57:26.077311+02|29/41336120|12|7|5042942|464|13095477|1549717|15457|64032062|0|702498853|2022-04-26 21:33:12.768492+02
696|1651013847.104165|2022-04-27 00:57:27.104165+02|29/42551A48|12|7|5042942|464|13095477|1550217|15462|64032062|0|702542725|2022-04-26 21:33:12.768492+02
697|1651013848.131228|2022-04-27 00:57:28.131228+02|29/4374CAD8|12|7|5042942|464|13095477|1550717|15467|64032062|0|702586295|2022-04-26 21:33:12.768492+02
698|1651013849.156820|2022-04-27 00:57:29.15682+02|29/448AC0A8|12|7|5042942|464|13095477|1551217|15472|64032062|0|702629596|2022-04-26 21:33:12.768492+02
699|1651013850.184063|2022-04-27 00:57:30.184063+02|29/45A87798|12|7|5042942|464|13095477|1551717|15477|64032062|0|702671385|2022-04-26 21:33:12.768492+02
700|1651013851.211450|2022-04-27 00:57:31.21145+02|29/46C69298|12|7|5042942|464|13095477|1552217|15482|64032062|0|702714411|2022-04-26 21:33:12.768492+02
701|1651013852.238122|2022-04-27 00:57:32.238122+02|29/47E0DD30|12|7|5042942|464|13095477|1552717|15487|64032062|0|702757801|2022-04-26 21:33:12.768492+02
702|1651013853.263483|2022-04-27 00:57:33.263483+02|29/48F69198|12|7|5042942|464|13095477|1553217|15492|64032062|0|702800846|2022-04-26 21:33:12.768492+02
703|1651013854.289776|2022-04-27 00:57:34.289776+02|29/4A109CB8|12|7|5042942|464|13095477|1553717|15497|64032062|0|702841614|2022-04-26 21:33:12.768492+02
704|1651013855.316722|2022-04-27 00:57:35.316722+02|29/4B1BD348|12|7|5042942|464|13095477|1554217|15502|64032062|0|702882713|2022-04-26 21:33:12.768492+02
705|1651013856.343777|2022-04-27 00:57:36.343777+02|29/4C3C95A0|12|7|5042942|464|13095477|1554817|15508|64032062|0|702934300|2022-04-26 21:33:12.768492+02
706|1651013857.371104|2022-04-27 00:57:37.371104+02|29/4D5C7068|12|7|5042942|464|13095477|1555317|15513|64032062|0|702977782|2022-04-26 21:33:12.768492+02
707|1651013858.398095|2022-04-27 00:57:38.398095+02|29/4E6DF190|12|7|5042942|464|13095477|1555817|15518|64032062|0|703018904|2022-04-26 21:33:12.768492+02
708|1651013859.424997|2022-04-27 00:57:39.424997+02|29/4F8FC6F0|12|7|5042942|464|13095477|1556317|15523|64032062|0|703062585|2022-04-26 21:33:12.768492+02
709|1651013860.452427|2022-04-27 00:57:40.452427+02|29/50AB8A08|12|7|5042942|464|13095477|1556817|15528|64032062|0|703105371|2022-04-26 21:33:12.768492+02
710|1651013861.478671|2022-04-27 00:57:41.478671+02|29/51A8F1D0|12|7|5042942|464|13095477|1557317|15533|64032062|0|703143535|2022-04-26 21:33:12.768492+02
711|1651013862.505549|2022-04-27 00:57:42.505549+02|29/52C81B18|12|7|5042942|464|13095477|1557817|15538|64032062|0|703186922|2022-04-26 21:33:12.768492+02
712|1651013863.532808|2022-04-27 00:57:43.532808+02|29/53E67138|12|7|5042942|464|13095477|1558317|15543|64032062|0|703230180|2022-04-26 21:33:12.768492+02
713|1651013864.559341|2022-04-27 00:57:44.559341+02|29/5503DC40|12|7|5042942|464|13095477|1558817|15548|64032062|0|703273479|2022-04-26 21:33:12.768492+02
714|1651013865.585978|2022-04-27 00:57:45.585978+02|29/56223FC8|12|7|5042942|464|13095477|1559317|15553|64032062|0|703316535|2022-04-26 21:33:12.768492+02
715|1651013866.612861|2022-04-27 00:57:46.612861+02|29/5737C488|12|7|5042942|464|13095477|1559917|15559|64032062|0|703367190|2022-04-26 21:33:12.768492+02
716|1651013867.637675|2022-04-27 00:57:47.637675+02|29/584D2670|12|7|5042942|464|13095477|1560417|15564|64032062|0|703410139|2022-04-26 21:33:12.768492+02
717|1651013868.663999|2022-04-27 00:57:48.663999+02|29/59664ED8|12|7|5042942|464|13095477|1560917|15569|66109514|0|703451945|2022-04-26 21:33:12.768492+02
718|1651013869.690575|2022-04-27 00:57:49.690575+02|29/5A8350B0|12|7|5042942|464|13095477|1561417|15574|66109514|0|703495119|2022-04-26 21:33:12.768492+02
719|1651013870.716446|2022-04-27 00:57:50.716446+02|29/5B938C08|12|7|5042942|464|13095477|1561917|15579|66109514|0|703536287|2022-04-26 21:33:12.768492+02
720|1651013871.743354|2022-04-27 00:57:51.743354+02|29/5CB36DC8|12|7|5042942|464|13095477|1562417|15584|66109514|0|703580028|2022-04-26 21:33:12.768492+02
721|1651013872.769822|2022-04-27 00:57:52.769822+02|29/5DAF7AF0|12|7|5042942|464|13095477|1562917|15589|66109514|0|703617931|2022-04-26 21:33:12.768492+02
722|1651013873.796519|2022-04-27 00:57:53.796519+02|29/5ECEDB40|12|7|5042942|464|13095477|1563417|15594|66109514|0|703661070|2022-04-26 21:33:12.768492+02
723|1651013874.823619|2022-04-27 00:57:54.823619+02|29/5FEED7D8|12|7|5042942|464|13095477|1563917|15599|66109514|0|703705177|2022-04-26 21:33:12.768492+02
724|1651013875.850480|2022-04-27 00:57:55.85048+02|29/610B1230|12|7|5042942|464|13095477|1564417|15604|66109514|0|703747873|2022-04-26 21:33:12.768492+02
725|1651013876.877995|2022-04-27 00:57:56.877995+02|29/6227AA50|12|7|5042942|464|13095477|1565017|15610|66109514|0|703799619|2022-04-26 21:33:12.768492+02
726|1651013877.904092|2022-04-27 00:57:57.904092+02|29/633D2AD8|12|7|5042942|464|13095477|1565517|15615|66109514|0|703842017|2022-04-26 21:33:12.768492+02
727|1651013878.930195|2022-04-27 00:57:58.930195+02|29/643F59B8|12|7|5042942|464|13095477|1566017|15620|66109514|0|703880909|2022-04-26 21:33:12.768492+02
728|1651013879.956131|2022-04-27 00:57:59.956131+02|29/655F8890|12|7|5042942|464|13095477|1566517|15625|66109514|0|703924420|2022-04-26 21:33:12.768492+02
729|1651013880.983313|2022-04-27 00:58:00.983313+02|29/667F2B28|12|7|5042942|464|13095477|1567017|15630|66109514|0|703967758|2022-04-26 21:33:12.768492+02
730|1651013882.010125|2022-04-27 00:58:02.010125+02|29/679FA5A0|12|7|5042942|464|13095477|1567517|15635|66109514|0|704011467|2022-04-26 21:33:12.768492+02
731|1651013883.037369|2022-04-27 00:58:03.037369+02|29/68BDEA80|12|7|5042942|464|13095477|1568017|15640|66109514|0|704054821|2022-04-26 21:33:12.768492+02
732|1651013884.064383|2022-04-27 00:58:04.064383+02|29/69DA9C20|12|7|5042942|464|13095477|1568517|15645|66109514|0|704097993|2022-04-26 21:33:12.768492+02
733|1651013885.090112|2022-04-27 00:58:05.090112+02|29/6AF3CA00|12|7|5042942|464|13095477|1569017|15650|66109514|0|704140956|2022-04-26 21:33:12.768492+02
734|1651013886.116819|2022-04-27 00:58:06.116819+02|29/6C0E6580|12|7|5042942|464|13095477|1569517|15655|66109514|0|704183883|2022-04-26 21:33:12.768492+02
735|1651013887.143712|2022-04-27 00:58:07.143712+02|29/6D2AA178|12|7|5042942|464|13095477|1570117|15661|66109514|0|704235363|2022-04-26 21:33:12.768492+02
736|1651013888.169664|2022-04-27 00:58:08.169664+02|29/6E4AB738|12|7|5042942|464|13095477|1570617|15666|66109514|0|704278410|2022-04-26 21:33:12.768492+02
737|1651013889.196777|2022-04-27 00:58:09.196777+02|29/6F561160|12|7|5042942|464|13095477|1571117|15671|66109514|0|704315453|2022-04-26 21:33:12.768492+02
738|1651013890.223874|2022-04-27 00:58:10.223874+02|29/7082C9A8|12|7|5042942|464|13095477|1571617|15676|66109514|0|704358266|2022-04-26 21:33:12.768492+02
739|1651013891.251112|2022-04-27 00:58:11.251112+02|29/71B09480|12|7|5042942|464|13095477|1572117|15681|66109514|0|704401292|2022-04-26 21:33:12.768492+02
740|1651013892.277938|2022-04-27 00:58:12.277938+02|29/72D3DF98|12|7|5042942|464|13095477|1572617|15686|66109514|0|704445553|2022-04-26 21:33:12.768492+02
741|1651013893.305156|2022-04-27 00:58:13.305156+02|29/73F26960|12|7|5042942|464|13095477|1573117|15691|66109514|0|704488210|2022-04-26 21:33:12.768492+02
742|1651013894.332279|2022-04-27 00:58:14.332279+02|29/74F53370|12|7|5042942|464|13095477|1573617|15696|66109514|0|704526968|2022-04-26 21:33:12.768492+02
743|1651013895.359423|2022-04-27 00:58:15.359423+02|29/76168728|12|7|5042942|464|13095477|1574117|15701|66109514|0|704570625|2022-04-26 21:33:12.768492+02
744|1651013896.385574|2022-04-27 00:58:16.385574+02|29/77354338|12|7|5042942|464|13095477|1574717|15707|66109514|0|704622989|2022-04-26 21:33:12.768492+02
745|1651013897.412436|2022-04-27 00:58:17.412436+02|29/7855F660|12|7|5042942|464|13095477|1575217|15712|66109514|0|704666969|2022-04-26 21:33:12.768492+02
746|1651013898.438095|2022-04-27 00:58:18.438095+02|29/79764B50|12|7|5042942|464|13095477|1575717|15717|66109514|0|704710844|2022-04-26 21:33:12.768492+02
747|1651013899.454918|2022-04-27 00:58:19.454918+02|29/7A906128|12|7|5042942|464|13095477|1576117|15721|66109514|0|704745514|2022-04-26 21:33:12.768492+02
748|1651013900.482637|2022-04-27 00:58:20.482637+02|29/7BA7ED18|12|7|5042942|464|13095477|1576717|15727|66109514|0|704797452|2022-04-26 21:33:12.768492+02
749|1651013901.508727|2022-04-27 00:58:21.508727+02|29/7CBF38C8|12|7|5042942|464|13095477|1577217|15732|66109514|0|704840180|2022-04-26 21:33:12.768492+02
750|1651013902.536251|2022-04-27 00:58:22.536251+02|29/7DD99840|12|7|5042942|464|13095477|1577717|15737|66109514|0|704883289|2022-04-26 21:33:12.768492+02
751|1651013903.562450|2022-04-27 00:58:23.56245+02|29/7EF531C8|12|7|5042942|464|13095477|1578217|15742|66109514|0|704926243|2022-04-26 21:33:12.768492+02
752|1651013904.588227|2022-04-27 00:58:24.588227+02|29/7FEDD600|12|7|5042942|464|13095477|1578717|15747|66109514|0|704964268|2022-04-26 21:33:12.768492+02
753|1651013905.613993|2022-04-27 00:58:25.613993+02|29/810F1598|12|7|5042942|464|13095477|1579217|15752|66109514|0|705007756|2022-04-26 21:33:12.768492+02
754|1651013906.640812|2022-04-27 00:58:26.640812+02|29/822E3E78|12|7|5042942|464|13095477|1579717|15757|66109514|0|705050803|2022-04-26 21:33:12.768492+02
755|1651013907.667611|2022-04-27 00:58:27.667611+02|29/835070B0|12|7|5042942|464|13095477|1580317|15763|66109514|0|705102861|2022-04-26 21:33:12.768492+02
756|1651013908.694429|2022-04-27 00:58:28.694429+02|29/84631420|12|7|5042942|464|13095477|1580817|15768|68186571|0|705145462|2022-04-26 21:33:12.768492+02
757|1651013909.720951|2022-04-27 00:58:29.720951+02|29/856BF228|12|7|5042942|464|13095477|1581317|15773|68186571|0|705186371|2022-04-26 21:33:12.768492+02
758|1651013910.747963|2022-04-27 00:58:30.747963+02|29/8682B058|12|7|5042942|464|13095477|1581817|15778|68186571|0|705227701|2022-04-26 21:33:12.768492+02
759|1651013911.774987|2022-04-27 00:58:31.774987+02|29/87A2F770|12|7|5042942|464|13095477|1582317|15783|68186571|0|705271606|2022-04-26 21:33:12.768492+02
760|1651013912.801944|2022-04-27 00:58:32.801944+02|29/88C2C430|12|7|5042942|464|13095477|1582817|15788|68186571|0|705315176|2022-04-26 21:33:12.768492+02
761|1651013913.828246|2022-04-27 00:58:33.828246+02|29/89E2F6C8|12|7|5042942|464|13095477|1583317|15793|68186571|0|705358987|2022-04-26 21:33:12.768492+02
762|1651013914.855221|2022-04-27 00:58:34.855221+02|29/8B02BD58|12|7|5042942|464|13095477|1583817|15798|68186571|0|705402566|2022-04-26 21:33:12.768492+02
763|1651013915.878705|2022-04-27 00:58:35.878705+02|29/8C1465B8|12|7|5042942|464|13095477|1584317|15803|68186571|0|705445974|2022-04-26 21:33:12.768492+02
764|1651013916.903873|2022-04-27 00:58:36.903873+02|29/8D2F1938|12|7|5042942|464|13095477|1584817|15808|68186571|0|705487097|2022-04-26 21:33:12.768492+02
765|1651013917.930799|2022-04-27 00:58:37.930799+02|29/8E4AA570|12|7|5042942|464|13095477|1585317|15813|68186571|0|705530553|2022-04-26 21:33:12.768492+02
766|1651013918.957778|2022-04-27 00:58:38.957778+02|29/8F673948|12|7|5042942|464|13095477|1585917|15819|68186571|0|705581809|2022-04-26 21:33:12.768492+02
767|1651013919.984315|2022-04-27 00:58:39.984315+02|29/908479B8|12|7|5042942|464|13095477|1586417|15824|68186571|0|705625249|2022-04-26 21:33:12.768492+02
768|1651013921.010942|2022-04-27 00:58:41.010942+02|29/91A246D0|12|7|5042942|464|13095477|1586917|15829|68186571|0|705668418|2022-04-26 21:33:12.768492+02
769|1651013922.037440|2022-04-27 00:58:42.03744+02|29/92AAD8E0|12|7|5042942|464|13095477|1587417|15834|68186571|0|705708727|2022-04-26 21:33:12.768492+02
770|1651013923.064870|2022-04-27 00:58:43.06487+02|29/93CB4188|12|7|5042942|464|13095477|1587917|15839|68186571|0|705752184|2022-04-26 21:33:12.768492+02
771|1651013924.091837|2022-04-27 00:58:44.091837+02|29/94E62C78|12|7|5042942|464|13095477|1588417|15844|68186571|0|705794814|2022-04-26 21:33:12.768492+02
772|1651013925.118974|2022-04-27 00:58:45.118974+02|29/95ED7E80|12|7|5042942|464|13095477|1588917|15849|68186571|0|705838348|2022-04-26 21:33:12.768492+02
773|1651013926.146440|2022-04-27 00:58:46.14644+02|29/970E8ED8|12|7|5042942|464|13095477|1589417|15854|68186571|0|705878268|2022-04-26 21:33:12.768492+02
774|1651013927.172682|2022-04-27 00:58:47.172682+02|29/98171268|12|7|5042942|464|13095477|1589917|15859|68186571|0|705919844|2022-04-26 21:33:12.768492+02
775|1651013928.200217|2022-04-27 00:58:48.200217+02|29/993662C8|12|7|5042942|464|13095477|1590417|15864|68186571|0|705961445|2022-04-26 21:33:12.768492+02
776|1651013929.226533|2022-04-27 00:58:49.226533+02|29/9A550320|12|7|5042942|464|13095477|1591017|15870|68186571|0|706013616|2022-04-26 21:33:12.768492+02
777|1651013930.253629|2022-04-27 00:58:50.253629+02|29/9B74CA58|12|7|5042942|464|13095477|1591517|15875|68186571|0|706057082|2022-04-26 21:33:12.768492+02
778|1651013931.281057|2022-04-27 00:58:51.281057+02|29/9C95BBB0|12|7|5042942|464|13095477|1592017|15880|68186571|0|706100727|2022-04-26 21:33:12.768492+02
779|1651013932.307964|2022-04-27 00:58:52.307964+02|29/9DB2FAD0|12|7|5042942|464|13095477|1592517|15885|68186571|0|706144052|2022-04-26 21:33:12.768492+02
780|1651013933.334792|2022-04-27 00:58:53.334792+02|29/9EBCF920|12|7|5042942|464|13095477|1593017|15890|68186571|0|706184157|2022-04-26 21:33:12.768492+02
781|1651013934.362630|2022-04-27 00:58:54.36263+02|29/9FD8E8B8|12|7|5042942|464|13095477|1593517|15895|68186571|0|706227049|2022-04-26 21:33:12.768492+02
782|1651013935.388603|2022-04-27 00:58:55.388603+02|29/A0F50828|12|7|5042942|464|13095477|1594017|15900|68186571|0|706270191|2022-04-26 21:33:12.768492+02
783|1651013936.415999|2022-04-27 00:58:56.415999+02|29/A211B9A0|12|7|5042942|464|13095477|1594517|15905|68186571|0|706313160|2022-04-26 21:33:12.768492+02
784|1651013937.443023|2022-04-27 00:58:57.443023+02|29/A31FB828|12|7|5042942|464|13095477|1595017|15910|68186571|0|706356499|2022-04-26 21:33:12.768492+02
785|1651013938.469035|2022-04-27 00:58:58.469035+02|29/A43A9D68|12|7|5042942|464|13095477|1595617|15916|68186571|0|706405341|2022-04-26 21:33:12.768492+02
786|1651013939.495628|2022-04-27 00:58:59.495628+02|29/A55B7030|12|7|5042942|464|13095477|1596117|15921|68186571|0|706448984|2022-04-26 21:33:12.768492+02
787|1651013940.522358|2022-04-27 00:59:00.522358+02|29/A67B29C8|12|7|5042942|464|13095477|1596617|15926|68186571|0|706492314|2022-04-26 21:33:12.768492+02
788|1651013941.549459|2022-04-27 00:59:01.549459+02|29/A7983B60|12|7|5042942|464|13095477|1597117|15931|68186571|0|706535694|2022-04-26 21:33:12.768492+02
789|1651013942.575227|2022-04-27 00:59:02.575227+02|29/A8A16770|12|7|5042942|464|13095477|1597617|15936|68186571|0|706575080|2022-04-26 21:33:12.768492+02
790|1651013943.601730|2022-04-27 00:59:03.60173+02|29/A9BE7858|12|7|5042942|464|13095477|1598117|15941|68186571|0|706618786|2022-04-26 21:33:12.768492+02
791|1651013944.628850|2022-04-27 00:59:04.62885+02|29/AAC8A9C8|12|7|5042942|464|13095477|1598617|15946|68186571|0|706658040|2022-04-26 21:33:12.768492+02
792|1651013945.655065|2022-04-27 00:59:05.655065+02|29/ABE80D28|12|7|5042942|464|13095477|1599117|15951|68186571|0|706701447|2022-04-26 21:33:12.768492+02
793|1651013946.681906|2022-04-27 00:59:06.681906+02|29/AD091E50|12|7|5042942|464|13095477|1599617|15956|68186571|0|706745375|2022-04-26 21:33:12.768492+02
794|1651013947.708972|2022-04-27 00:59:07.708972+02|29/AE293BD8|12|7|5042942|464|13095477|1600117|15961|68186571|0|706788822|2022-04-26 21:33:12.768492+02
795|1651013948.736198|2022-04-27 00:59:08.736198+02|29/AF3F7D50|12|7|5042942|464|13095477|1600717|15967|70263724|0|706839870|2022-04-26 21:33:12.768492+02
796|1651013949.763147|2022-04-27 00:59:09.763147+02|29/B05CB668|12|7|5042942|464|13095477|1601217|15972|70263724|0|706882999|2022-04-26 21:33:12.768492+02
797|1651013950.790393|2022-04-27 00:59:10.790393+02|29/B1771440|12|7|5042942|464|13095477|1601717|15977|70263724|0|706925518|2022-04-26 21:33:12.768492+02
798|1651013951.815997|2022-04-27 00:59:11.815997+02|29/B27DC730|12|7|5042942|464|13095477|1602217|15982|70263724|0|706968105|2022-04-26 21:33:12.768492+02
799|1651013952.841758|2022-04-27 00:59:12.841758+02|29/B39CE078|12|7|5042942|464|13095477|1602717|15987|70263724|0|707008500|2022-04-26 21:33:12.768492+02
800|1651013953.869111|2022-04-27 00:59:13.869111+02|29/B4B8E0C0|12|7|5042942|464|13095477|1603217|15992|70263724|0|707051582|2022-04-26 21:33:12.768492+02
801|1651013954.896023|2022-04-27 00:59:14.896023+02|29/B5C01170|12|7|5042942|464|13095477|1603717|15997|70263724|0|707091563|2022-04-26 21:33:12.768492+02
802|1651013955.922373|2022-04-27 00:59:15.922373+02|29/B6DF94F8|12|7|5042942|464|13095477|1604217|16002|70263724|0|707134960|2022-04-26 21:33:12.768492+02
803|1651013956.948083|2022-04-27 00:59:16.948083+02|29/B7FC7038|12|7|5042942|464|13095477|1604717|16007|70263724|0|707178391|2022-04-26 21:33:12.768492+02
804|1651013957.975360|2022-04-27 00:59:17.97536+02|29/B91951C0|12|7|5042942|464|13095477|1605217|16012|70263724|0|707221776|2022-04-26 21:33:12.768492+02
805|1651013959.000624|2022-04-27 00:59:19.000624+02|29/BA376DE0|12|7|5042942|464|13095477|1605817|16018|70263724|0|707273134|2022-04-26 21:33:12.768492+02
806|1651013960.027287|2022-04-27 00:59:20.027287+02|29/BB563630|12|7|5042942|464|13095477|1606317|16023|70263724|0|707316425|2022-04-26 21:33:12.768492+02
807|1651013961.053995|2022-04-27 00:59:21.053995+02|29/BC4B77B0|12|7|5042942|464|13095477|1606817|16028|70263724|0|707353281|2022-04-26 21:33:12.768492+02
808|1651013962.081117|2022-04-27 00:59:22.081117+02|29/BD6B9838|12|7|5042942|464|13095477|1607317|16033|70263724|0|707396690|2022-04-26 21:33:12.768492+02
809|1651013963.107347|2022-04-27 00:59:23.107347+02|29/BE8C1ED0|12|7|5042942|464|13095477|1607817|16038|70263724|0|707439989|2022-04-26 21:33:12.768492+02
810|1651013964.134420|2022-04-27 00:59:24.13442+02|29/BFAD7DD8|12|7|5042942|464|13095477|1608317|16043|70263724|0|707483620|2022-04-26 21:33:12.768492+02
811|1651013965.160664|2022-04-27 00:59:25.160664+02|29/C0CDAA50|12|7|5042942|464|13095477|1608817|16048|70263724|0|707527284|2022-04-26 21:33:12.768492+02
812|1651013966.186795|2022-04-27 00:59:26.186795+02|29/C1EB2A78|12|7|5042942|464|13095477|1609317|16053|70263724|0|707570372|2022-04-26 21:33:12.768492+02
813|1651013967.213290|2022-04-27 00:59:27.21329+02|29/C3082E00|12|7|5042942|464|13095477|1609817|16058|70263724|0|707613546|2022-04-26 21:33:12.768492+02
814|1651013968.240518|2022-04-27 00:59:28.240518+02|29/C423F470|12|7|5042942|464|13095477|1610317|16063|70263724|0|707656222|2022-04-26 21:33:12.768492+02
815|1651013969.266980|2022-04-27 00:59:29.26698+02|29/C52C28C8|12|7|5042942|464|13095477|1610917|16069|70263724|0|707704565|2022-04-26 21:33:12.768492+02
816|1651013970.293211|2022-04-27 00:59:30.293211+02|29/C6487D60|12|7|5042942|464|13095477|1611417|16074|70263724|0|707747588|2022-04-26 21:33:12.768492+02
817|1651013971.320006|2022-04-27 00:59:31.320006+02|29/C7565F58|12|7|5042942|464|13095477|1611917|16079|70263724|0|707789974|2022-04-26 21:33:12.768492+02
818|1651013972.347221|2022-04-27 00:59:32.347221+02|29/C874DF40|12|7|5042942|464|13095477|1612417|16084|70263724|0|707830938|2022-04-26 21:33:12.768492+02
819|1651013973.374626|2022-04-27 00:59:33.374626+02|29/C9961320|12|7|5042942|464|13095477|1612917|16089|70263724|0|707874516|2022-04-26 21:33:12.768492+02
820|1651013974.401548|2022-04-27 00:59:34.401548+02|29/CAB64520|12|7|5042942|464|13095477|1613417|16094|70263724|0|707918024|2022-04-26 21:33:12.768492+02
821|1651013975.427663|2022-04-27 00:59:35.427663+02|29/CBD14290|12|7|5042942|464|13095477|1613917|16099|70263724|0|707961018|2022-04-26 21:33:12.768492+02
822|1651013976.454264|2022-04-27 00:59:36.454264+02|29/CCEE36F0|12|7|5042942|464|13095477|1614417|16104|70263724|0|708003969|2022-04-26 21:33:12.768492+02
823|1651013977.480937|2022-04-27 00:59:37.480937+02|29/CDE36450|12|7|5042942|464|13095477|1614917|16109|70263724|0|708041680|2022-04-26 21:33:12.768492+02
824|1651013978.508655|2022-04-27 00:59:38.508655+02|29/CF050710|12|7|5042942|464|13095477|1615417|16114|70263724|0|708084453|2022-04-26 21:33:12.768492+02
825|1651013979.535469|2022-04-27 00:59:39.535469+02|29/D025CBE0|12|7|5042942|464|13095477|1616017|16120|70263724|0|708136826|2022-04-26 21:33:12.768492+02
826|1651013980.562251|2022-04-27 00:59:40.562251+02|29/D1457448|12|7|5042942|464|13095477|1616517|16125|70263724|0|708180196|2022-04-26 21:33:12.768492+02
827|1651013981.589922|2022-04-27 00:59:41.589922+02|29/D2650000|12|7|5042942|464|13095477|1617017|16130|70263724|0|708223486|2022-04-26 21:33:12.768492+02
828|1651013982.616709|2022-04-27 00:59:42.616709+02|29/D3834D90|12|7|5042942|464|13095477|1617517|16135|70263724|0|708266674|2022-04-26 21:33:12.768492+02
829|1651013983.643313|2022-04-27 00:59:43.643313+02|29/D4A0B8D8|12|7|5042942|464|13095477|1618017|16140|70263724|0|708309812|2022-04-26 21:33:12.768492+02
830|1651013984.669135|2022-04-27 00:59:44.669135+02|29/D5ABDC00|12|7|5042942|464|13095477|1618517|16145|70263724|0|708350284|2022-04-26 21:33:12.768492+02
831|1651013985.696202|2022-04-27 00:59:45.696202+02|29/D6CC9810|12|7|5042942|464|13095477|1619017|16150|70263724|0|708393954|2022-04-26 21:33:12.768492+02
832|1651013986.723028|2022-04-27 00:59:46.723028+02|29/D7EA8AA8|12|7|5042942|464|13095477|1619517|16155|70263724|0|708437156|2022-04-26 21:33:12.768492+02
833|1651013987.750531|2022-04-27 00:59:47.750531+02|29/D9076378|12|7|5042942|464|13095477|1620017|16160|70263724|0|708479947|2022-04-26 21:33:12.768492+02
834|1651013988.777194|2022-04-27 00:59:48.777194+02|29/DA087448|12|7|5042942|464|13095477|1620617|16166|70263724|0|708527150|2022-04-26 21:33:12.768492+02
835|1651013989.804536|2022-04-27 00:59:49.804536+02|29/DB2A8C58|12|7|5042942|464|13095477|1621117|16171|72340877|0|708570967|2022-04-26 21:33:12.768492+02
836|1651013990.831405|2022-04-27 00:59:50.831405+02|29/DC4AB870|12|7|5042942|464|13095477|1621617|16176|72340877|0|708614454|2022-04-26 21:33:12.768492+02
837|1651013991.857882|2022-04-27 00:59:51.857882+02|29/DD673480|12|7|5042942|464|13095477|1622117|16181|72340877|0|708657502|2022-04-26 21:33:12.768492+02
838|1651013992.884200|2022-04-27 00:59:52.8842+02|29/DE841080|12|7|5042942|464|13095477|1622617|16186|72340877|0|708700458|2022-04-26 21:33:12.768492+02
839|1651013993.910894|2022-04-27 00:59:53.910894+02|29/DF7F5A78|12|7|5042942|464|13095477|1623117|16191|72340877|0|708737991|2022-04-26 21:33:12.768492+02
840|1651013994.936743|2022-04-27 00:59:54.936743+02|29/E095FCD0|12|7|5042942|464|13095477|1623617|16196|72340877|0|708779500|2022-04-26 21:33:12.768492+02
841|1651013995.963801|2022-04-27 00:59:55.963801+02|29/E1B64CC0|12|7|5042942|464|13095477|1624117|16201|72340877|0|708823168|2022-04-26 21:33:12.768492+02
842|1651013996.989840|2022-04-27 00:59:56.98984+02|29/E2D77310|12|7|5042942|464|13095477|1624617|16206|72340877|0|708867028|2022-04-26 21:33:12.768492+02
843|1651013998.016372|2022-04-27 00:59:58.016372+02|29/E3F7FBC8|12|7|5042942|464|13095477|1625117|16211|72340877|0|708910425|2022-04-26 21:33:12.768492+02
844|1651013999.042388|2022-04-27 00:59:59.042388+02|29/E511A320|12|7|5042942|464|13095477|1625717|16217|72340877|0|708961742|2022-04-26 21:33:12.768492+02
845|1651014000.068813|2022-04-27 01:00:00.068813+02|29/E62F6298|12|7|5042942|464|13095477|1626217|16222|72340877|0|709004845|2022-04-26 21:33:12.768492+02
846|1651014001.095835|2022-04-27 01:00:01.095835+02|29/E73AEBC8|12|7|5042942|464|13095477|1626717|16227|72340877|0|709044895|2022-04-26 21:33:12.768492+02
847|1651014002.122343|2022-04-27 01:00:02.122343+02|29/E85C66A0|12|7|5042942|464|13095477|1627217|16232|72340877|0|709088683|2022-04-26 21:33:12.768492+02
848|1651014003.148478|2022-04-27 01:00:03.148478+02|29/E977FE20|12|7|5042942|464|13095477|1627717|16237|72340877|0|709131478|2022-04-26 21:33:12.768492+02
849|1651014004.175676|2022-04-27 01:00:04.175676+02|29/EA94AA78|12|7|5042942|464|13095477|1628217|16242|72340877|0|709174035|2022-04-26 21:33:12.768492+02
850|1651014005.203035|2022-04-27 01:00:05.203035+02|29/EB9E8D38|12|7|5042942|464|13095477|1628717|16247|72340877|0|709216701|2022-04-26 21:33:12.768492+02
851|1651014006.230068|2022-04-27 01:00:06.230068+02|29/ECBEF278|12|7|5042942|464|13095477|1629217|16252|72340877|0|709257485|2022-04-26 21:33:12.768492+02
852|1651014007.256734|2022-04-27 01:00:07.256734+02|29/EDDE1248|12|7|5042942|464|13095477|1629717|16257|72340877|0|709300639|2022-04-26 21:33:12.768492+02
853|1651014008.283198|2022-04-27 01:00:08.283198+02|29/EEFA59B8|12|7|5042942|464|13095477|1630317|16263|72340877|0|709352215|2022-04-26 21:33:12.768492+02
854|1651014009.310269|2022-04-27 01:00:09.310269+02|29/F016F840|12|7|5042942|464|13095477|1630817|16268|72340877|0|709395284|2022-04-26 21:33:12.768492+02
855|1651014010.335831|2022-04-27 01:00:10.335831+02|29/F11B2690|12|7|5042942|464|13095477|1631317|16273|72340877|0|709436194|2022-04-26 21:33:12.768492+02
856|1651014011.362314|2022-04-27 01:00:11.362314+02|29/F2292C48|12|7|5042942|464|13095477|1631817|16278|72340877|0|709474974|2022-04-26 21:33:12.768492+02
857|1651014012.387260|2022-04-27 01:00:12.38726+02|29/F349B6A0|12|7|5042942|464|13095477|1632317|16283|72340877|0|709518750|2022-04-26 21:33:12.768492+02
858|1651014013.412960|2022-04-27 01:00:13.41296+02|29/F468DE50|12|7|5042942|464|13095477|1632817|16288|72340877|0|709562372|2022-04-26 21:33:12.768492+02
859|1651014014.440023|2022-04-27 01:00:14.440023+02|29/F587D950|12|7|5042942|464|13095477|1633317|16293|72340877|0|709605717|2022-04-26 21:33:12.768492+02
860|1651014015.467042|2022-04-27 01:00:15.467042+02|29/F6A9F910|12|7|5042942|464|13095477|1633817|16298|72340877|0|709649556|2022-04-26 21:33:12.768492+02
861|1651014016.494260|2022-04-27 01:00:16.49426+02|29/F7C8B180|12|7|5042942|464|13095477|1634317|16303|72340877|0|709692665|2022-04-26 21:33:12.768492+02
862|1651014017.520266|2022-04-27 01:00:17.520266+02|29/F8DDFBF8|12|7|5042942|464|13095477|1634817|16308|72340877|0|709735955|2022-04-26 21:33:12.768492+02
863|1651014018.547099|2022-04-27 01:00:18.547099+02|29/F9FBE230|12|7|5042942|464|13095477|1635417|16314|72340877|0|709786488|2022-04-26 21:33:12.768492+02
864|1651014019.563186|2022-04-27 01:00:19.563186+02|29/FB11FD30|12|7|5042942|464|13095477|1635817|16318|72340877|0|709820873|2022-04-26 21:33:12.768492+02
865|1651014020.590361|2022-04-27 01:00:20.590361+02|29/FC294DB0|12|7|5042942|464|13095477|1636417|16324|72340877|0|709872231|2022-04-26 21:33:12.768492+02
866|1651014021.617862|2022-04-27 01:00:21.617862+02|29/FD19C250|12|7|5042942|464|13095477|1636917|16329|72340877|0|709908758|2022-04-26 21:33:12.768492+02
867|1651014022.643979|2022-04-27 01:00:22.643979+02|29/FE3726B8|12|7|5042942|464|13095477|1637417|16334|72340877|0|709952252|2022-04-26 21:33:12.768492+02
868|1651014023.670882|2022-04-27 01:00:23.670882+02|29/FF56EFC8|12|7|5042942|464|13095477|1637917|16339|72340877|0|709995695|2022-04-26 21:33:12.768492+02
869|1651014024.697767|2022-04-27 01:00:24.697767+02|2A/78EFF0|12|7|5042942|464|13095477|1638417|16344|72340877|0|710039482|2022-04-26 21:33:12.768492+02
870|1651014025.724905|2022-04-27 01:00:25.724905+02|2A/196ED58|12|7|5042942|464|13095477|1638917|16349|72340877|0|710082671|2022-04-26 21:33:12.768492+02
871|1651014026.752512|2022-04-27 01:00:26.752512+02|2A/29820E8|12|7|5042942|464|13095477|1639417|16354|72340877|0|710120976|2022-04-26 21:33:12.768492+02
872|1651014027.779828|2022-04-27 01:00:27.779828+02|2A/3BE0040|12|7|5042942|464|13095477|1639917|16359|72340877|0|710164693|2022-04-26 21:33:12.768492+02
873|1651014028.805741|2022-04-27 01:00:28.805741+02|2A/4E484A0|12|7|5042942|464|13095477|1640517|16365|72340877|0|710217224|2022-04-26 21:33:12.768492+02
874|1651014029.833226|2022-04-27 01:00:29.833226+02|2A/603AF28|12|7|5042942|464|13095477|1641017|16370|74417931|0|710260459|2022-04-26 21:33:12.768492+02
875|1651014030.858961|2022-04-27 01:00:30.858961+02|2A/72A7F00|12|7|5042942|464|13095477|1641517|16375|74417931|0|710304129|2022-04-26 21:33:12.768492+02
876|1651014031.885993|2022-04-27 01:00:31.885993+02|2A/84F0020|12|7|5042942|464|13095477|1642017|16380|74417931|0|710346958|2022-04-26 21:33:12.768492+02
877|1651014032.912587|2022-04-27 01:00:32.912587+02|2A/E2B0350|12|7|5042942|464|13095477|1642517|16385|74417931|0|710387062|2022-04-26 21:33:12.768492+02
878|1651014033.938807|2022-04-27 01:00:33.938807+02|2A/178DF170|13|7|5042942|464|13115229|1643017|16390|74649679|0|710424519|2022-04-26 21:33:12.768492+02
879|1651014034.965795|2022-04-27 01:00:34.965795+02|2A/20DE3A08|13|7|5042942|464|13127229|1643517|16395|74694392|0|710461781|2022-04-26 21:33:12.768492+02
880|1651014035.992225|2022-04-27 01:00:35.992225+02|2A/2A0F5C60|13|7|5042942|464|13140181|1644017|16400|74743778|0|710499006|2022-04-26 21:33:12.768492+02
881|1651014037.018710|2022-04-27 01:00:37.01871+02|2A/334ECCC0|13|7|5042942|464|13151767|1644517|16405|74789103|0|710536839|2022-04-26 21:33:12.768492+02
882|1651014038.045075|2022-04-27 01:00:38.045075+02|2A/3B4A6748|13|7|5042942|464|13162642|1645017|16410|74831334|0|710568546|2022-04-26 21:33:12.768492+02
883|1651014039.071334|2022-04-27 01:00:39.071334+02|2A/447F3030|13|7|5042942|464|13173836|1645517|16415|74876506|0|710606879|2022-04-26 21:33:12.768492+02
884|1651014040.097868|2022-04-27 01:00:40.097868+02|2A/4D8EBE68|13|7|5042942|464|13185915|1646117|16421|74925853|0|710652596|2022-04-26 21:33:12.768492+02
885|1651014041.124762|2022-04-27 01:00:41.124762+02|2A/568F8088|13|7|5042942|464|13196523|1646617|16426|74970312|0|710690881|2022-04-26 21:33:12.768492+02
886|1651014042.151173|2022-04-27 01:00:42.151173+02|2A/5F579C30|13|7|5042942|464|13207911|1647117|16431|75019052|0|710728494|2022-04-26 21:33:12.768492+02
887|1651014043.177043|2022-04-27 01:00:43.177043+02|2A/67C89158|13|7|5042942|464|13218668|1647617|16436|75065105|0|710764618|2022-04-26 21:33:12.768492+02
888|1651014044.203487|2022-04-27 01:00:44.203487+02|2A/6FCA72D0|13|7|5042942|464|13227591|1648117|16441|75104091|0|710798448|2022-04-26 21:33:12.768492+02
889|1651014045.230156|2022-04-27 01:00:45.230156+02|2A/786489B8|13|7|5042942|464|13238206|1648617|16446|75152299|0|710836382|2022-04-26 21:33:12.768492+02
890|1651014046.257174|2022-04-27 01:00:46.257174+02|2A/80F58528|13|7|5042942|464|13248489|1649117|16451|75200471|0|710874428|2022-04-26 21:33:12.768492+02
891|1651014047.284046|2022-04-27 01:00:47.284046+02|2A/89753D38|13|7|5042942|464|13257625|1649617|16456|75243525|0|710912719|2022-04-26 21:33:12.768492+02
892|1651014048.310990|2022-04-27 01:00:48.31099+02|2A/91E8CD80|13|7|5042942|464|13267460|1650117|16461|75290765|0|710950281|2022-04-26 21:33:12.768492+02
893|1651014049.337925|2022-04-27 01:00:49.337925+02|2A/9A430458|13|7|5042942|464|13276083|1650617|16466|75332960|0|710988270|2022-04-26 21:33:12.768492+02
894|1651014050.363910|2022-04-27 01:00:50.36391+02|2A/A2829B68|13|7|5042942|464|13285455|1651217|16472|75379858|0|711033803|2022-04-26 21:33:12.768492+02
895|1651014051.389904|2022-04-27 01:00:51.389904+02|2A/AAA8D008|13|7|5042942|464|13294536|1651717|16477|75426669|0|711071403|2022-04-26 21:33:12.768492+02
896|1651014052.416471|2022-04-27 01:00:52.416471+02|2A/B2CA2AA8|13|7|5042942|464|13303491|1652217|16482|75472900|0|711109246|2022-04-26 21:33:12.768492+02
897|1651014053.442842|2022-04-27 01:00:53.442842+02|2A/BACFAFA0|13|7|5042942|464|13311188|1652717|16487|75514638|0|711146896|2022-04-26 21:33:12.768492+02
898|1651014054.468357|2022-04-27 01:00:54.468357+02|2A/C2210750|13|7|5042942|464|13319375|1653217|16492|75559053|0|711184241|2022-04-26 21:33:12.768492+02
899|1651014055.493465|2022-04-27 01:00:55.493465+02|2A/C9BF29A0|13|7|5042942|464|13326837|1653717|16497|75601114|0|711217344|2022-04-26 21:33:12.768492+02
900|1651014056.518784|2022-04-27 01:00:56.518784+02|2A/D1B7E570|13|7|5042942|464|13334145|1654217|16502|75643199|0|711256013|2022-04-26 21:33:12.768492+02
901|1651014057.545043|2022-04-27 01:00:57.545043+02|2A/D9AD27A8|13|7|5042942|464|13342152|1654717|16507|75690074|0|711295142|2022-04-26 21:33:12.768492+02
902|1651014058.572214|2022-04-27 01:00:58.572214+02|2A/E18E1B18|13|7|5042942|464|13349761|1655217|16512|75736660|0|711333852|2022-04-26 21:33:12.768492+02
903|1651014059.598735|2022-04-27 01:00:59.598735+02|2A/E945FC98|13|7|5042942|464|13357222|1655717|16517|75782326|0|711372887|2022-04-26 21:33:12.768492+02
904|1651014060.625464|2022-04-27 01:01:00.625464+02|2A/F101FB38|13|7|5042942|464|13363770|1656317|16523|75823548|0|711418774|2022-04-26 21:33:12.768492+02
905|1651014061.651159|2022-04-27 01:01:01.651159+02|2A/F7FB81A0|13|7|5042942|464|13370116|1656817|16528|75864854|0|711453455|2022-04-26 21:33:12.768492+02
906|1651014062.677384|2022-04-27 01:01:02.677384+02|2A/FFA0D0C0|13|7|5042942|464|13376967|1657317|16533|75910636|0|711492200|2022-04-26 21:33:12.768492+02
907|1651014063.704305|2022-04-27 01:01:03.704305+02|2B/70F7038|13|7|5042942|464|13383467|1657817|16538|75955456|0|711530447|2022-04-26 21:33:12.768492+02
908|1651014064.730391|2022-04-27 01:01:04.730391+02|2B/E91EA78|13|7|5042942|464|13389818|1658317|16543|76000943|0|711569668|2022-04-26 21:33:12.768492+02
909|1651014065.757448|2022-04-27 01:01:05.757448+02|2B/15908098|13|7|5042942|464|13395637|1658817|16548|76043329|0|711605704|2022-04-26 21:33:12.768492+02
910|1651014066.783956|2022-04-27 01:01:06.783956+02|2B/1CEBE7E8|13|7|5042942|464|13401056|1659317|16553|76083669|0|711644632|2022-04-26 21:33:12.768492+02
911|1651014067.811038|2022-04-27 01:01:07.811038+02|2B/2442C830|13|7|5042942|464|13406898|1659817|16558|76129268|0|711683964|2022-04-26 21:33:12.768492+02
912|1651014068.838070|2022-04-27 01:01:08.83807+02|2B/2B892518|13|7|5042942|464|13412692|1660317|16563|76173900|0|711723284|2022-04-26 21:33:12.768492+02
913|1651014069.864179|2022-04-27 01:01:09.864179+02|2B/32BAD250|13|7|5042942|464|13418178|1660817|16568|76218425|0|711762807|2022-04-26 21:33:12.768492+02
914|1651014070.891115|2022-04-27 01:01:10.891115+02|2B/39CEFDE0|13|7|5042942|464|13423426|1661417|16574|76262802|0|711809415|2022-04-26 21:33:12.768492+02
915|1651014071.917339|2022-04-27 01:01:11.917339+02|2B/3FFECB80|13|7|5042942|464|13427910|1661917|16579|76301189|0|711842638|2022-04-26 21:33:12.768492+02
916|1651014072.943453|2022-04-27 01:01:12.943453+02|2B/47087448|13|7|5042942|464|13432863|1662417|16584|76345660|0|711882329|2022-04-26 21:33:12.768492+02
917|1651014073.970471|2022-04-27 01:01:13.970471+02|2B/4E045218|13|7|5042942|464|13437621|1662917|16589|76390020|0|711921695|2022-04-26 21:33:12.768492+02
918|1651014074.997497|2022-04-27 01:01:14.997497+02|2B/54DF5EA8|13|7|5042942|464|13442156|1663417|16594|76433590|0|711960792|2022-04-26 21:33:12.768492+02
919|1651014076.024165|2022-04-27 01:01:16.024165+02|2B/5BBE0848|13|7|5042942|464|13446640|1663917|16599|76477334|0|712000109|2022-04-26 21:33:12.768492+02
920|1651014077.051267|2022-04-27 01:01:17.051267+02|2B/621C8180|13|7|5042942|464|13450603|1664417|16604|76518308|0|712036348|2022-04-26 21:33:12.768492+02
921|1651014078.077471|2022-04-27 01:01:18.077471+02|2B/68DD4A50|13|7|5042942|464|13454415|1664917|16609|76558208|0|712076013|2022-04-26 21:33:12.768492+02
922|1651014079.103456|2022-04-27 01:01:19.103456+02|2B/6F99A4C0|13|7|5042942|464|13458491|1665417|16614|76601327|0|712115716|2022-04-26 21:33:12.768492+02
923|1651014080.130527|2022-04-27 01:01:20.130527+02|2B/75E7D5D8|13|7|5042942|464|13462173|1665917|16619|76645513|0|712155694|2022-04-26 21:33:12.768492+02
924|1651014081.157811|2022-04-27 01:01:21.157811+02|2B/7BED5708|13|7|5042942|464|13465489|1666517|16625|76689814|0|712202980|2022-04-26 21:33:12.768492+02
925|1651014082.183868|2022-04-27 01:01:22.183868+02|2B/81FDF7F8|13|7|5042942|464|13468621|1667017|16630|76733939|0|712242637|2022-04-26 21:33:12.768492+02
926|1651014083.209953|2022-04-27 01:01:23.209953+02|2B/86E66120|13|7|5042942|464|13471266|1667517|16635|76772223|0|712275151|2022-04-26 21:33:12.768492+02
927|1651014084.236628|2022-04-27 01:01:24.236628+02|2B/8CE4DA00|13|7|5042942|464|13474107|1668017|16640|76815001|0|712313666|2022-04-26 21:33:12.768492+02
928|1651014085.262763|2022-04-27 01:01:25.262763+02|2B/92DC0E50|13|7|5042942|464|13476981|1668517|16645|76859628|0|712354015|2022-04-26 21:33:12.768492+02
929|1651014086.289468|2022-04-27 01:01:26.289468+02|2B/98C38DD0|13|7|5042942|464|13479962|1669017|16650|76907784|0|712393719|2022-04-26 21:33:12.768492+02
930|1651014087.315664|2022-04-27 01:01:27.315664+02|2B/9EA15958|13|7|5042942|464|13482486|1669517|16655|76951700|0|712433828|2022-04-26 21:33:12.768492+02
931|1651014088.342274|2022-04-27 01:01:28.342274+02|2B/A47BD650|13|7|5042942|464|13484961|1670017|16660|76995821|0|712474099|2022-04-26 21:33:12.768492+02
932|1651014089.369091|2022-04-27 01:01:29.369091+02|2B/AA439188|13|7|5042942|464|13487312|1670517|16665|77044079|0|712514151|2022-04-26 21:33:12.768492+02
933|1651014090.395957|2022-04-27 01:01:30.395957+02|2B/AF8FDCF8|13|7|5042942|464|13489464|1671017|16670|77089553|0|712552534|2022-04-26 21:33:12.768492+02
934|1651014091.420972|2022-04-27 01:01:31.420972+02|2B/B41A93A0|13|7|5042942|464|13491275|1671617|16676|77128864|0|712590000|2022-04-26 21:33:12.768492+02
935|1651014092.446969|2022-04-27 01:01:32.446969+02|2B/B8F5F5A8|13|7|5042942|464|13493156|1672117|16681|77171101|0|712623653|2022-04-26 21:33:12.768492+02
936|1651014093.473130|2022-04-27 01:01:33.47313+02|2B/BDB55E30|13|7|5042942|464|13495021|1672617|16686|77212679|0|712656894|2022-04-26 21:33:12.768492+02
937|1651014094.498574|2022-04-27 01:01:34.498574+02|2B/C282E8E8|13|7|5042942|464|13496869|1673117|16691|77254960|0|712690758|2022-04-26 21:33:12.768492+02
938|1651014095.524660|2022-04-27 01:01:35.52466+02|2B/C6A40638|13|7|5042942|464|13498427|1673617|16696|77291836|0|712719381|2022-04-26 21:33:12.768492+02
939|1651014096.549615|2022-04-27 01:01:36.549615+02|2B/CB659AD0|13|7|5042942|464|13500219|1674117|16701|77334243|0|712753403|2022-04-26 21:33:12.768492+02
940|1651014097.575864|2022-04-27 01:01:37.575864+02|2B/D01E7B90|13|7|5042942|464|13501911|1674617|16706|77376545|0|712787470|2022-04-26 21:33:12.768492+02
941|1651014098.601911|2022-04-27 01:01:38.601911+02|2B/D4CFF2E8|13|7|5042942|464|13503750|1675117|16711|77422974|0|712821426|2022-04-26 21:33:12.768492+02
942|1651014099.627892|2022-04-27 01:01:39.627892+02|2B/D98349A0|13|7|5042942|464|13505380|1675617|16716|77465397|0|712855411|2022-04-26 21:33:12.768492+02
943|1651014100.654577|2022-04-27 01:01:40.654577+02|2B/DE1B53A0|13|7|5042942|464|13506947|1676117|16721|77507530|0|712889474|2022-04-26 21:33:12.768492+02
944|1651014101.679528|2022-04-27 01:01:41.679528+02|2B/E2B0DA10|13|7|5042942|464|13508526|1676717|16727|77549737|0|712929839|2022-04-26 21:33:12.768492+02
945|1651014102.706180|2022-04-27 01:01:42.70618+02|2B/E6FE2728|13|7|5042942|464|13510007|1677217|16732|77589553|0|712961379|2022-04-26 21:33:12.768492+02
946|1651014103.732523|2022-04-27 01:01:43.732523+02|2B/EB8FB9D0|13|7|5042942|464|13511477|1677717|16737|77631839|0|712995588|2022-04-26 21:33:12.768492+02
947|1651014104.758192|2022-04-27 01:01:44.758192+02|2B/EFEFD398|13|7|5042942|464|13512841|1678217|16742|77672859|0|713028483|2022-04-26 21:33:12.768492+02
948|1651014105.784362|2022-04-27 01:01:45.784362+02|2B/F45C87B0|13|7|5042942|464|13514292|1678717|16747|77715071|0|713062808|2022-04-26 21:33:12.768492+02
949|1651014106.810352|2022-04-27 01:01:46.810352+02|2B/F832F458|13|7|5042942|464|13515478|1679217|16752|77751440|0|713090816|2022-04-26 21:33:12.768492+02
950|1651014107.836596|2022-04-27 01:01:47.836596+02|2B/FCA9FC30|13|7|5042942|464|13516987|1679717|16757|77798564|0|713125461|2022-04-26 21:33:12.768492+02
951|1651014108.863421|2022-04-27 01:01:48.863421+02|2C/11FF1F0|13|7|5042942|464|13518375|1680217|16762|77841399|0|713160033|2022-04-26 21:33:12.768492+02
952|1651014109.889314|2022-04-27 01:01:49.889314+02|2C/58EF6B0|13|7|5042942|464|13519690|1680717|16767|77884094|0|713194764|2022-04-26 21:33:12.768492+02
953|1651014110.915563|2022-04-27 01:01:50.915563+02|2C/9F3B848|13|7|5042942|464|13520998|1681217|16772|77927120|0|713229560|2022-04-26 21:33:12.768492+02
954|1651014111.941193|2022-04-27 01:01:51.941193+02|2C/E490870|13|7|5042942|464|13522269|1681817|16778|77969797|0|713270968|2022-04-26 21:33:12.768492+02
955|1651014112.965857|2022-04-27 01:01:52.965857+02|2C/12914D58|13|7|5042942|464|13523489|1682317|16783|78011839|0|713305070|2022-04-26 21:33:12.768492+02
956|1651014113.991785|2022-04-27 01:01:53.991785+02|2C/16C9F0A0|13|7|5042942|464|13524584|1682817|16788|78053725|0|713338789|2022-04-26 21:33:12.768492+02
957|1651014115.018321|2022-04-27 01:01:55.018321+02|2C/1AEE24F8|13|7|5042942|464|13525714|1683317|16793|78094933|0|713371993|2022-04-26 21:33:12.768492+02
958|1651014116.044097|2022-04-27 01:01:56.044097+02|2C/1F339D88|13|7|5042942|464|13526905|1683817|16798|78142033|0|713406876|2022-04-26 21:33:12.768492+02
959|1651014117.070445|2022-04-27 01:01:57.070445+02|2C/23463F50|13|7|5042942|464|13527894|1684317|16803|78183642|0|713439971|2022-04-26 21:33:12.768492+02
960|1651014118.097767|2022-04-27 01:01:58.097767+02|2C/275A6900|13|7|5042942|464|13528860|1684817|16808|78224989|0|713474083|2022-04-26 21:33:12.768492+02
961|1651014119.124403|2022-04-27 01:01:59.124403+02|2C/2AFCAB80|13|7|5042942|464|13529737|1685317|16813|78262429|0|713502716|2022-04-26 21:33:12.768492+02
962|1651014120.149971|2022-04-27 01:02:00.149971+02|2C/2F2FFA90|13|7|5042942|464|13530720|1685817|16818|78305842|0|713538017|2022-04-26 21:33:12.768492+02
963|1651014121.176010|2022-04-27 01:02:01.17601+02|2C/335FF788|13|7|5042942|464|13531663|1686317|16823|78349546|0|713573315|2022-04-26 21:33:12.768492+02
964|1651014122.200691|2022-04-27 01:02:02.200691+02|2C/378635E0|13|7|5042942|464|13532608|1686917|16829|78392880|0|713615881|2022-04-26 21:33:12.768492+02
965|1651014123.226672|2022-04-27 01:02:03.226672+02|2C/3BAC74B0|13|7|5042942|464|13533612|1687417|16834|78441051|0|713651496|2022-04-26 21:33:12.768492+02
966|1651014124.252487|2022-04-27 01:02:04.252487+02|2C/3FB6DB68|13|7|5042942|464|13534460|1687917|16839|78483884|0|713686382|2022-04-26 21:33:12.768492+02
967|1651014125.278046|2022-04-27 01:02:05.278046+02|2C/43B39CA8|13|7|5042942|464|13535279|1688417|16844|78526362|0|713720968|2022-04-26 21:33:12.768492+02
968|1651014126.305373|2022-04-27 01:02:06.305373+02|2C/4798B558|13|7|5042942|464|13536053|1688917|16849|78568923|0|713755384|2022-04-26 21:33:12.768492+02
969|1651014127.331879|2022-04-27 01:02:07.331879+02|2C/4B9FF980|13|7|5042942|464|13536822|1689417|16854|78612395|0|713790545|2022-04-26 21:33:12.768492+02
970|1651014128.357513|2022-04-27 01:02:08.357513+02|2C/4F8B90A8|13|7|5042942|464|13537540|1689917|16859|78654908|0|713824954|2022-04-26 21:33:12.768492+02
971|1651014129.382755|2022-04-27 01:02:09.382755+02|2C/53857468|13|7|5042942|464|13538339|1690417|16864|78703128|0|713860578|2022-04-26 21:33:12.768492+02
972|1651014130.409273|2022-04-27 01:02:10.409273+02|2C/56DD68B8|13|7|5042942|464|13538909|1690917|16869|78740493|0|713889723|2022-04-26 21:33:12.768492+02
973|1651014131.435885|2022-04-27 01:02:11.435885+02|2C/5AD00000|13|7|5042942|464|13539568|1691417|16874|78785961|0|713925584|2022-04-26 21:33:12.768492+02
974|1651014132.461583|2022-04-27 01:02:12.461583+02|2C/5EB91A90|13|7|5042942|464|13540245|1692017|16880|78830924|0|713968559|2022-04-26 21:33:12.768492+02
975|1651014133.488184|2022-04-27 01:02:13.488184+02|2C/62A88488|13|7|5042942|464|13540896|1692517|16885|78876042|0|714004618|2022-04-26 21:33:12.768492+02
976|1651014134.515239|2022-04-27 01:02:14.515239+02|2C/668C2C08|13|7|5042942|464|13541562|1693017|16890|78921324|0|714040386|2022-04-26 21:33:12.768492+02
977|1651014135.541984|2022-04-27 01:02:15.541984+02|2C/6A5F48E0|13|7|5042942|464|13542275|1693517|16895|78970861|0|714076202|2022-04-26 21:33:12.768492+02
978|1651014136.568563|2022-04-27 01:02:16.568563+02|2C/6E1DA5C8|13|7|5042942|464|13542844|1694017|16900|79015207|0|714111040|2022-04-26 21:33:12.768492+02
979|1651014137.593559|2022-04-27 01:02:17.593559+02|2C/71D1E6E0|13|7|5042942|464|13543422|1694517|16905|79059850|0|714146089|2022-04-26 21:33:12.768492+02
980|1651014138.618829|2022-04-27 01:02:18.618829+02|2C/7586A8A8|13|7|5042942|464|13543984|1695017|16910|79104926|0|714182040|2022-04-26 21:33:12.768492+02
981|1651014139.633754|2022-04-27 01:02:19.633754+02|2C/792D29E8|13|7|5042942|464|13544436|1695417|16914|79139713|0|714209406|2022-04-26 21:33:12.768492+02
982|1651014140.660873|2022-04-27 01:02:20.660873+02|2C/7C591D40|13|7|5042942|464|13545040|1696017|16920|79187715|0|714246451|2022-04-26 21:33:12.768492+02
983|1651014141.686329|2022-04-27 01:02:21.686329+02|2C/800FF2A0|13|7|5042942|464|13545624|1696517|16925|79237457|0|714282331|2022-04-26 21:33:12.768492+02
984|1651014142.712925|2022-04-27 01:02:22.712925+02|2C/83C8FCB8|13|7|5042942|464|13546130|1697017|16930|79282782|0|714318398|2022-04-26 21:33:12.768492+02
985|1651014143.740183|2022-04-27 01:02:23.740183+02|2C/877A4528|13|7|5042942|464|13546651|1697617|16936|79328812|0|714361907|2022-04-26 21:33:12.768492+02
986|1651014144.765791|2022-04-27 01:02:24.765791+02|2C/8B1FFC28|13|7|5042942|464|13547147|1698117|16941|79374023|0|714398092|2022-04-26 21:33:12.768492+02
987|1651014145.792339|2022-04-27 01:02:25.792339+02|2C/8EBBC6C8|13|7|5042942|464|13547634|1698617|16946|79419152|0|714434033|2022-04-26 21:33:12.768492+02
988|1651014146.818472|2022-04-27 01:02:26.818472+02|2C/92418E78|13|7|5042942|464|13548095|1699117|16951|79464260|0|714469462|2022-04-26 21:33:12.768492+02
989|1651014147.843580|2022-04-27 01:02:27.84358+02|2C/95D32D58|13|7|5042942|464|13548645|1699617|16956|79513954|0|714505503|2022-04-26 21:33:12.768492+02
990|1651014148.869485|2022-04-27 01:02:28.869485+02|2C/9953E670|13|7|5042942|464|13549095|1700117|16961|79558980|0|714541303|2022-04-26 21:33:12.768492+02
991|1651014149.896551|2022-04-27 01:02:29.896551+02|2C/9CAFD350|13|7|5042942|464|13549508|1700617|16966|79602561|0|714575372|2022-04-26 21:33:12.768492+02
992|1651014150.921719|2022-04-27 01:02:30.921719+02|2C/A02464F8|13|7|5042942|464|13549924|1701117|16971|79647914|0|714611952|2022-04-26 21:33:12.768492+02
993|1651014151.948622|2022-04-27 01:02:31.948622+02|2C/A33742C8|13|7|5042942|464|13550273|1701617|16976|79685474|0|714641910|2022-04-26 21:33:12.768492+02
994|1651014152.975005|2022-04-27 01:02:32.975005+02|2C/A6B9C0A0|13|7|5042942|464|13550730|1702117|16981|79729836|0|714677524|2022-04-26 21:33:12.768492+02
995|1651014154.000574|2022-04-27 01:02:34.000574+02|2C/AA36CF40|13|7|5042942|464|13551129|1702717|16987|79770603|0|714720559|2022-04-26 21:33:12.768492+02
996|1651014155.025982|2022-04-27 01:02:35.025982+02|2C/ADD21458|13|7|5042942|464|13551559|1703217|16992|79815106|0|714758010|2022-04-26 21:33:12.768492+02
997|1651014156.051729|2022-04-27 01:02:36.051729+02|2C/B17FF820|13|7|5042942|464|13551919|1703717|16997|79859671|0|714794214|2022-04-26 21:33:12.768492+02
998|1651014157.077658|2022-04-27 01:02:37.077658+02|2C/B51FFF10|13|7|5042942|464|13552294|1704217|17002|79903978|0|714830084|2022-04-26 21:33:12.768492+02
999|1651014158.103408|2022-04-27 01:02:38.103408+02|2C/B8AFE7E8|13|7|5042942|464|13552688|1704717|17007|79948425|0|714865808|2022-04-26 21:33:12.768492+02
1000|1651014159.129890|2022-04-27 01:02:39.12989+02|2C/BC387158|13|7|5042942|464|13553083|1705217|17012|79996643|0|714900994|2022-04-26 21:33:12.768492+02
1001|1651014160.156193|2022-04-27 01:02:40.156193+02|2C/BFAFFFD8|13|7|5042942|464|13553467|1705717|17017|80040918|0|714937321|2022-04-26 21:33:12.768492+02
1002|1651014161.181892|2022-04-27 01:02:41.181892+02|2C/C33EE740|13|7|5042942|464|13553820|1706217|17022|80084812|0|714972309|2022-04-26 21:33:12.768492+02
1003|1651014162.207833|2022-04-27 01:02:42.207833+02|2C/C64FEAF8|13|7|5042942|464|13554123|1706717|17027|80123418|0|715002815|2022-04-26 21:33:12.768492+02
1004|1651014163.235066|2022-04-27 01:02:43.235066+02|2C/C9D8DF50|13|7|5042942|464|13554471|1707217|17032|80168606|0|715039525|2022-04-26 21:33:12.768492+02
1005|1651014164.260728|2022-04-27 01:02:44.260728+02|2C/CD54D650|13|7|5042942|464|13554826|1707817|17038|80218020|0|715083194|2022-04-26 21:33:12.768492+02
1006|1651014165.286938|2022-04-27 01:02:45.286938+02|2C/D0D635A0|13|7|5042942|464|13555121|1708317|17043|80263415|0|715120073|2022-04-26 21:33:12.768492+02
1007|1651014166.313780|2022-04-27 01:02:46.31378+02|2C/D44DE940|13|7|5042942|464|13555408|1708817|17048|80308831|0|715157034|2022-04-26 21:33:12.768492+02
1008|1651014167.329890|2022-04-27 01:02:47.32989+02|2C/D77FCC38|13|7|5042942|464|13555632|1709217|17052|80347009|0|715187992|2022-04-26 21:33:12.768492+02
1009|1651014168.354626|2022-04-27 01:02:48.354626+02|2C/DA634FD8|13|7|5042942|464|13555900|1709817|17058|80396824|0|715238071|2022-04-26 21:33:12.768492+02
1010|1651014169.381369|2022-04-27 01:02:49.381369+02|2C/DD4B7868|13|7|5042942|464|13556139|1710317|17063|80439127|0|715276525|2022-04-26 21:33:12.768492+02
1011|1651014170.408319|2022-04-27 01:02:50.408319+02|2C/E04FF280|13|7|5042942|464|13556368|1710817|17068|80480180|0|715316784|2022-04-26 21:33:12.768492+02
1012|1651014171.435216|2022-04-27 01:02:51.435216+02|2C/E33952B0|13|7|5042942|464|13556574|1711317|17073|80519713|0|715356011|2022-04-26 21:33:12.768492+02
1013|1651014172.459609|2022-04-27 01:02:52.459609+02|2C/E5FBF540|13|7|5042942|464|13556807|1711817|17078|80559681|0|715395683|2022-04-26 21:33:12.768492+02
1014|1651014173.485555|2022-04-27 01:02:53.485555+02|2C/E8B56880|13|7|5042942|464|13556981|1712317|17083|80594710|0|715429860|2022-04-26 21:33:12.768492+02
1015|1651014174.511837|2022-04-27 01:02:54.511837+02|2C/EB87F8B0|13|7|5042942|464|13557210|1712917|17089|80637975|0|715476592|2022-04-26 21:33:12.768492+02
1016|1651014175.538210|2022-04-27 01:02:55.53821+02|2C/EE4FE8C8|13|7|5042942|464|13557418|1713417|17094|80677116|0|715515165|2022-04-26 21:33:12.768492+02
1017|1651014176.563669|2022-04-27 01:02:56.563669+02|2C/F11A8928|13|7|5042942|464|13557625|1713917|17099|80717003|0|715554379|2022-04-26 21:33:12.768492+02
1018|1651014177.588966|2022-04-27 01:02:57.588966+02|2C/F3D0DE78|13|7|5042942|464|13557817|1714417|17104|80755592|0|715592190|2022-04-26 21:33:12.768492+02
1019|1651014178.615041|2022-04-27 01:02:58.615041+02|2C/F694DAA0|13|7|5042942|464|13557997|1714917|17109|80795468|0|715631341|2022-04-26 21:33:12.768492+02
1020|1651014179.640617|2022-04-27 01:02:59.640617+02|2C/F942C490|13|7|5042942|464|13558208|1715417|17114|80837894|0|715669297|2022-04-26 21:33:12.768492+02
1021|1651014180.666603|2022-04-27 01:03:00.666603+02|2C/FBF4DED8|13|7|5042942|464|13558388|1715917|17119|80876429|0|715707740|2022-04-26 21:33:12.768492+02
1022|1651014181.692425|2022-04-27 01:03:01.692425+02|2C/FEAFE670|13|7|5042942|464|13558536|1716417|17124|80916005|0|715746275|2022-04-26 21:33:12.768492+02
1023|1651014182.717416|2022-04-27 01:03:02.717416+02|2D/13E0E40|13|7|5042942|464|13558668|1716917|17129|80953024|0|715782654|2022-04-26 21:33:12.768492+02
1024|1651014183.743651|2022-04-27 01:03:03.743651+02|2D/3E10000|13|7|5042942|464|13558825|1717417|17134|80991597|0|715821560|2022-04-26 21:33:12.768492+02
1025|1651014184.769348|2022-04-27 01:03:04.769348+02|2D/66DC258|13|7|5042942|464|13558998|1718017|17140|81032685|0|715865155|2022-04-26 21:33:12.768492+02
1026|1651014185.796379|2022-04-27 01:03:05.796379+02|2D/917E210|13|7|5042942|464|13559168|1718517|17145|81072291|0|715904102|2022-04-26 21:33:12.768492+02
1027|1651014186.822959|2022-04-27 01:03:06.822959+02|2D/BC8A708|13|7|5042942|464|13559316|1719017|17150|81112083|0|715943308|2022-04-26 21:33:12.768492+02
1028|1651014187.849665|2022-04-27 01:03:07.849665+02|2D/E740000|13|7|5042942|464|13559472|1719517|17155|81151893|0|715982435|2022-04-26 21:33:12.768492+02
1029|1651014188.876197|2022-04-27 01:03:08.876197+02|2D/11172778|13|7|5042942|464|13559614|1720017|17160|81191826|0|716021613|2022-04-26 21:33:12.768492+02
1030|1651014189.902722|2022-04-27 01:03:09.902722+02|2D/13AA8D58|13|7|5042942|464|13559768|1720517|17165|81235309|0|716060180|2022-04-26 21:33:12.768492+02
1031|1651014190.929309|2022-04-27 01:03:10.929309+02|2D/163C00C0|13|7|5042942|464|13559898|1721017|17170|81274263|0|716098503|2022-04-26 21:33:12.768492+02
1032|1651014191.955188|2022-04-27 01:03:11.955188+02|2D/18CFEC40|13|7|5042942|464|13560025|1721517|17175|81313931|0|716137744|2022-04-26 21:33:12.768492+02
1033|1651014192.981165|2022-04-27 01:03:12.981165+02|2D/1B5C0000|13|7|5042942|464|13560135|1722017|17180|81351801|0|716176000|2022-04-26 21:33:12.768492+02
1034|1651014194.007055|2022-04-27 01:03:14.007055+02|2D/1DAFF008|13|7|5042942|464|13560251|1722517|17185|81387490|0|716211340|2022-04-26 21:33:12.768492+02
1035|1651014195.033226|2022-04-27 01:03:15.033226+02|2D/2037F7D8|13|7|5042942|464|13560384|1723117|17191|81430541|0|716257483|2022-04-26 21:33:12.768492+02
1036|1651014196.059699|2022-04-27 01:03:16.059699+02|2D/229FF1C0|13|7|5042942|464|13560499|1723617|17196|81468597|0|716294724|2022-04-26 21:33:12.768492+02
1037|1651014197.086358|2022-04-27 01:03:17.086358+02|2D/252458A8|13|7|5042942|464|13560600|1724117|17201|81507397|0|716333058|2022-04-26 21:33:12.768492+02
1038|1651014198.112853|2022-04-27 01:03:18.112853+02|2D/27B213B0|13|7|5042942|464|13560695|1724617|17206|81547607|0|716372575|2022-04-26 21:33:12.768492+02
1039|1651014199.139649|2022-04-27 01:03:19.139649+02|2D/2A3EE2F0|13|7|5042942|464|13560819|1725117|17211|81591792|0|716411932|2022-04-26 21:33:12.768492+02
1040|1651014200.165443|2022-04-27 01:03:20.165443+02|2D/2CBF7C58|13|7|5042942|464|13560922|1725617|17216|81636974|0|716451275|2022-04-26 21:33:12.768492+02
1041|1651014201.190982|2022-04-27 01:03:21.190982+02|2D/2F3EF3C0|13|7|5042942|464|13561003|1726117|17221|81683527|0|716489640|2022-04-26 21:33:12.768492+02
1042|1651014202.216649|2022-04-27 01:03:22.216649+02|2D/31846698|13|7|5042942|464|13561088|1726617|17226|81726565|0|716525439|2022-04-26 21:33:12.768492+02
1043|1651014203.242401|2022-04-27 01:03:23.242401+02|2D/341CAE50|13|7|5042942|464|13561209|1727117|17231|81773641|0|716563713|2022-04-26 21:33:12.768492+02
1044|1651014204.269463|2022-04-27 01:03:24.269463+02|2D/36CAD7D0|13|7|5042942|464|13561325|1727617|17236|81827340|0|716604078|2022-04-26 21:33:12.768492+02
1045|1651014205.296519|2022-04-27 01:03:25.296519+02|2D/3987A480|13|7|5042942|464|13561417|1728217|17242|81872539|0|716652837|2022-04-26 21:33:12.768492+02
1046|1651014206.321716|2022-04-27 01:03:26.321716+02|2D/3C4D55C0|13|7|5042942|464|13561498|1728717|17247|81920881|0|716693388|2022-04-26 21:33:12.768492+02
1047|1651014207.347964|2022-04-27 01:03:27.347964+02|2D/3F1D3688|13|7|5042942|464|13561605|1729217|17252|81969428|0|716734282|2022-04-26 21:33:12.768492+02
1048|1651014208.373433|2022-04-27 01:03:28.373433+02|2D/41DFD658|13|7|5042942|464|13561676|1729717|17257|82016808|0|716774163|2022-04-26 21:33:12.768492+02
1049|1651014209.399774|2022-04-27 01:03:29.399774+02|2D/44BA0808|13|7|5042942|464|13561773|1730217|17262|82069191|0|716814426|2022-04-26 21:33:12.768492+02
1050|1651014210.425441|2022-04-27 01:03:30.425441+02|2D/47A147D0|13|7|5042942|464|13561856|1730717|17267|82116339|0|716854683|2022-04-26 21:33:12.768492+02
1051|1651014211.452455|2022-04-27 01:03:31.452455+02|2D/4A811900|13|7|5042942|464|13561937|1731217|17272|82164184|0|716894109|2022-04-26 21:33:12.768492+02
1052|1651014212.478961|2022-04-27 01:03:32.478961+02|2D/4D7437A8|13|7|5042942|464|13562010|1731717|17277|82212297|0|716933635|2022-04-26 21:33:12.768492+02
1053|1651014213.504749|2022-04-27 01:03:33.504749+02|2D/506D6690|13|7|5042942|464|13562090|1732217|17282|82261060|0|716973977|2022-04-26 21:33:12.768492+02
1054|1651014214.531717|2022-04-27 01:03:34.531717+02|2D/537FF9C0|13|7|5042942|464|13562195|1732817|17288|82314880|0|717021861|2022-04-26 21:33:12.768492+02
1055|1651014215.556908|2022-04-27 01:03:35.556908+02|2D/56A356C0|13|7|5042942|464|13562281|1733317|17293|82364874|0|717062966|2022-04-26 21:33:12.768492+02
1056|1651014216.583296|2022-04-27 01:03:36.583296+02|2D/59CB5848|13|7|5042942|464|13562344|1733817|17298|82414868|0|717104279|2022-04-26 21:33:12.768492+02
1057|1651014217.608864|2022-04-27 01:03:37.608864+02|2D/5D01F2B0|13|7|5042942|464|13562427|1734317|17303|82465216|0|717145704|2022-04-26 21:33:12.768492+02
1058|1651014218.635251|2022-04-27 01:03:38.635251+02|2D/6041B8E0|13|7|5042942|464|13562517|1734817|17308|82515286|0|717186926|2022-04-26 21:33:12.768492+02
1059|1651014219.662324|2022-04-27 01:03:39.662324+02|2D/63384B68|13|7|5042942|464|13562618|1735317|17313|82566110|0|717224584|2022-04-26 21:33:12.768492+02
1060|1651014220.689445|2022-04-27 01:03:40.689445+02|2D/666CB3B0|13|7|5042942|464|13562688|1735817|17318|82616832|0|717266047|2022-04-26 21:33:12.768492+02
1061|1651014221.716702|2022-04-27 01:03:41.716702+02|2D/69A75A50|13|7|5042942|464|13562773|1736317|17323|82667082|0|717307993|2022-04-26 21:33:12.768492+02
1062|1651014222.743422|2022-04-27 01:03:42.743422+02|2D/6C747888|13|7|5042942|464|13562837|1736817|17328|82709529|0|717349966|2022-04-26 21:33:12.768492+02
1063|1651014223.769710|2022-04-27 01:03:43.76971+02|2D/6ED1B0E8|13|7|5042942|464|13562904|1737317|17333|82754862|0|717390689|2022-04-26 21:33:12.768492+02
1064|1651014224.796137|2022-04-27 01:03:44.796137+02|2D/712827E0|13|7|5042942|464|13562961|1737917|17339|82796812|0|717439762|2022-04-26 21:33:12.768492+02
1065|1651014225.823620|2022-04-27 01:03:45.82362+02|2D/737F2360|13|7|5042942|464|13563015|1738417|17344|82837065|0|717479753|2022-04-26 21:33:12.768492+02
1066|1651014226.850067|2022-04-27 01:03:46.850067+02|2D/75D00E60|13|7|5042942|464|13563060|1738917|17349|82877549|0|717519843|2022-04-26 21:33:12.768492+02
1067|1651014227.876657|2022-04-27 01:03:47.876657+02|2D/78199A18|13|7|5042942|464|13563108|1739417|17354|82918384|0|717559825|2022-04-26 21:33:12.768492+02
1068|1651014228.903799|2022-04-27 01:03:48.903799+02|2D/7A5F80E0|13|7|5042942|464|13563148|1739917|17359|82963017|0|717600053|2022-04-26 21:33:12.768492+02
1069|1651014229.930480|2022-04-27 01:03:49.93048+02|2D/7CA90EE8|13|7|5042942|464|13563195|1740417|17364|83004284|0|717640498|2022-04-26 21:33:12.768492+02
1070|1651014230.957135|2022-04-27 01:03:50.957135+02|2D/7EB986B0|13|7|5042942|464|13563247|1740917|17369|83041722|0|717677491|2022-04-26 21:33:12.768492+02
1071|1651014231.984047|2022-04-27 01:03:51.984047+02|2D/8102F428|13|7|5042942|464|13563286|1741417|17374|83083226|0|717718317|2022-04-26 21:33:12.768492+02
1072|1651014233.011230|2022-04-27 01:03:53.01123+02|2D/83431700|13|7|5042942|464|13563326|1741917|17379|83128098|0|717758418|2022-04-26 21:33:12.768492+02
1073|1651014234.037802|2022-04-27 01:03:54.037802+02|2D/8588CFF0|13|7|5042942|464|13563357|1742517|17385|83169369|0|717807046|2022-04-26 21:33:12.768492+02
1074|1651014235.064253|2022-04-27 01:03:55.064253+02|2D/87C44148|13|7|5042942|464|13563410|1743017|17390|83210255|0|717847123|2022-04-26 21:33:12.768492+02
1075|1651014236.091154|2022-04-27 01:03:56.091154+02|2D/89EFED90|13|7|5042942|464|13563438|1743517|17395|83249779|0|717886351|2022-04-26 21:33:12.768492+02
1076|1651014237.117466|2022-04-27 01:03:57.117466+02|2D/8C1BE600|13|7|5042942|464|13563474|1744017|17400|83289754|0|717926367|2022-04-26 21:33:12.768492+02
1077|1651014238.144393|2022-04-27 01:03:58.144393+02|2D/8E53C818|13|7|5042942|464|13563520|1744517|17405|83334696|0|717967499|2022-04-26 21:33:12.768492+02
1078|1651014239.171086|2022-04-27 01:03:59.171086+02|2D/907FBF80|13|7|5042942|464|13563553|1745017|17410|83374257|0|718007164|2022-04-26 21:33:12.768492+02
1079|1651014240.196924|2022-04-27 01:04:00.196924+02|2D/92AC0100|13|7|5042942|464|13563585|1745517|17415|83414315|0|718047264|2022-04-26 21:33:12.768492+02
1080|1651014241.223904|2022-04-27 01:04:01.223904+02|2D/94DBA4D8|13|7|5042942|464|13563621|1746017|17420|83454288|0|718087927|2022-04-26 21:33:12.768492+02
1081|1651014242.250497|2022-04-27 01:04:02.250497+02|2D/96DEF730|13|7|5042942|464|13563649|1746517|17425|83495881|0|718125419|2022-04-26 21:33:12.768492+02
1082|1651014243.276581|2022-04-27 01:04:03.276581+02|2D/990AC978|13|7|5042942|464|13563681|1747017|17430|83536569|0|718166483|2022-04-26 21:33:12.768492+02
1083|1651014244.302771|2022-04-27 01:04:04.302771+02|2D/9B31C110|13|7|5042942|464|13563711|1747617|17436|83577470|0|718215344|2022-04-26 21:33:12.768492+02
1084|1651014245.330058|2022-04-27 01:04:05.330058+02|2D/9D5DC208|13|7|5042942|464|13563732|1748117|17441|83618746|0|718256453|2022-04-26 21:33:12.768492+02
1085|1651014246.356709|2022-04-27 01:04:06.356709+02|2D/9F7E7458|13|7|5042942|464|13563764|1748617|17446|83659313|0|718297086|2022-04-26 21:33:12.768492+02
1086|1651014247.382844|2022-04-27 01:04:07.382844+02|2D/A19839F0|13|7|5042942|464|13563794|1749117|17451|83703635|0|718337464|2022-04-26 21:33:12.768492+02
1087|1651014248.408076|2022-04-27 01:04:08.408076+02|2D/A3B2E638|13|7|5042942|464|13563819|1749617|17456|83744628|0|718377758|2022-04-26 21:33:12.768492+02
1088|1651014249.433982|2022-04-27 01:04:09.433982+02|2D/A5CB6D28|13|7|5042942|464|13563843|1750117|17461|83785721|0|718418555|2022-04-26 21:33:12.768492+02
1089|1651014250.460217|2022-04-27 01:04:10.460217+02|2D/A7E97E80|13|7|5042942|464|13563866|1750617|17466|83826301|0|718458766|2022-04-26 21:33:12.768492+02
1090|1651014251.487491|2022-04-27 01:04:11.487491+02|2D/A9FF7918|13|7|5042942|464|13563887|1751117|17471|83871668|0|718499399|2022-04-26 21:33:12.768492+02
1091|1651014252.510453|2022-04-27 01:04:12.510453+02|2D/ABFFFD70|13|7|5042942|464|13563919|1751617|17476|83912614|0|718540412|2022-04-26 21:33:12.768492+02
1092|1651014253.536157|2022-04-27 01:04:13.536157+02|2D/ADFD4E68|13|7|5042942|464|13563934|1752117|17481|83951155|0|718577611|2022-04-26 21:33:12.768492+02
1093|1651014254.562441|2022-04-27 01:04:14.562441+02|2D/B0100D78|13|7|5042942|464|13563960|1752717|17487|83992367|0|718626771|2022-04-26 21:33:12.768492+02
1094|1651014255.587789|2022-04-27 01:04:15.587789+02|2D/B220D7F0|13|7|5042942|464|13563985|1753217|17492|84034290|0|718667628|2022-04-26 21:33:12.768492+02
1095|1651014256.614330|2022-04-27 01:04:16.61433+02|2D/B42FFA08|13|7|5042942|464|13564008|1753717|17497|84080313|0|718709048|2022-04-26 21:33:12.768492+02
1096|1651014257.639742|2022-04-27 01:04:17.639742+02|2D/B639D998|13|7|5042942|464|13564031|1754217|17502|84121424|0|718749328|2022-04-26 21:33:12.768492+02
1097|1651014258.666087|2022-04-27 01:04:18.666087+02|2D/B8447CF0|13|7|5042942|464|13564056|1754717|17507|84163323|0|718790493|2022-04-26 21:33:12.768492+02
1098|1651014259.682454|2022-04-27 01:04:19.682454+02|2D/BA23EBF8|13|7|5042942|464|13564066|1755117|17511|84189176|0|718819541|2022-04-26 21:33:12.768492+02
1099|1651014260.709638|2022-04-27 01:04:20.709638+02|2D/BC67C500|13|7|5042942|464|13564089|1755717|17517|84249088|0|718867067|2022-04-26 21:33:12.768492+02
1100|1651014261.735778|2022-04-27 01:04:21.735778+02|2D/BEACA0B0|13|7|5042942|464|13564108|1756217|17522|84301574|0|718907057|2022-04-26 21:33:12.768492+02
1101|1651014262.761416|2022-04-27 01:04:22.761416+02|2D/C0ECF3B0|13|7|5042942|464|13564133|1756717|17527|84349103|0|718946890|2022-04-26 21:33:12.768492+02
1102|1651014263.787635|2022-04-27 01:04:23.787635+02|2D/C3298018|13|7|5042942|464|13564156|1757217|17532|84396700|0|718986929|2022-04-26 21:33:12.768492+02
1103|1651014264.813637|2022-04-27 01:04:24.813637+02|2D/C56BBB98|13|7|5042942|464|13564175|1757817|17538|84444428|0|719035183|2022-04-26 21:33:12.768492+02
1104|1651014265.840163|2022-04-27 01:04:25.840163+02|2D/C7A1F7B8|13|7|5042942|464|13564197|1758317|17543|84491941|0|719074893|2022-04-26 21:33:12.768492+02
1105|1651014266.865703|2022-04-27 01:04:26.865703+02|2D/C9D31790|13|7|5042942|464|13564213|1758817|17548|84544642|0|719114670|2022-04-26 21:33:12.768492+02
1106|1651014267.891848|2022-04-27 01:04:27.891848+02|2D/CC02C3F8|13|7|5042942|464|13564226|1759317|17553|84591218|0|719154107|2022-04-26 21:33:12.768492+02
1107|1651014268.918146|2022-04-27 01:04:28.918146+02|2D/CE30EFB0|13|7|5042942|464|13564250|1759817|17558|84638858|0|719194029|2022-04-26 21:33:12.768492+02
1108|1651014269.944042|2022-04-27 01:04:29.944042+02|2D/D04A77B0|13|7|5042942|464|13564267|1760317|17563|84684742|0|719232417|2022-04-26 21:33:12.768492+02
1109|1651014270.970860|2022-04-27 01:04:30.97086+02|2D/D27086B8|13|7|5042942|464|13564287|1760817|17568|84732858|0|719272853|2022-04-26 21:33:12.768492+02
1110|1651014271.996706|2022-04-27 01:04:31.996706+02|2D/D468E270|13|7|5042942|464|13564308|1761317|17573|84780955|0|719308522|2022-04-26 21:33:12.768492+02
1111|1651014273.022509|2022-04-27 01:04:33.022509+02|2D/D689FEC8|13|7|5042942|464|13564321|1761817|17578|84829109|0|719348776|2022-04-26 21:33:12.768492+02
1112|1651014274.049270|2022-04-27 01:04:34.04927+02|2D/D8AD1A30|13|7|5042942|464|13564341|1762317|17583|84877100|0|719389234|2022-04-26 21:33:12.768492+02
1113|1651014275.076641|2022-04-27 01:04:35.076641+02|2D/DAC771F0|13|7|5042942|464|13564361|1762917|17589|84924640|0|719437161|2022-04-26 21:33:12.768492+02
1114|1651014276.102309|2022-04-27 01:04:36.102309+02|2D/DCDFF4A0|13|7|5042942|464|13564373|1763417|17594|84977387|0|719477481|2022-04-26 21:33:12.768492+02
1115|1651014277.129319|2022-04-27 01:04:37.129319+02|2D/DEC4CAF0|13|7|5042942|464|13564383|1763917|17599|85020505|0|719512723|2022-04-26 21:33:12.768492+02
1116|1651014278.156008|2022-04-27 01:04:38.156008+02|2D/E0E0A0C8|13|7|5042942|464|13564398|1764417|17604|85068377|0|719552901|2022-04-26 21:33:12.768492+02
1117|1651014279.183390|2022-04-27 01:04:39.18339+02|2D/E2F63428|13|7|5042942|464|13564413|1764917|17609|85116091|0|719593129|2022-04-26 21:33:12.768492+02
1118|1651014280.210683|2022-04-27 01:04:40.210683+02|2D/E50A41C0|13|7|5042942|464|13564424|1765417|17614|85164653|0|719633650|2022-04-26 21:33:12.768492+02
1119|1651014281.236831|2022-04-27 01:04:41.236831+02|2D/E71ABEC8|13|7|5042942|464|13564438|1765917|17619|85217651|0|719674191|2022-04-26 21:33:12.768492+02
1120|1651014282.262762|2022-04-27 01:04:42.262762+02|2D/E92CA108|13|7|5042942|464|13564450|1766417|17624|85266053|0|719714420|2022-04-26 21:33:12.768492+02
1121|1651014283.289381|2022-04-27 01:04:43.289381+02|2D/EB3336E0|13|7|5042942|464|13564463|1766917|17629|85313526|0|719754327|2022-04-26 21:33:12.768492+02
1122|1651014284.316280|2022-04-27 01:04:44.31628+02|2D/ED3397D8|13|7|5042942|464|13564479|1767517|17635|85360717|0|719801945|2022-04-26 21:33:12.768492+02
1123|1651014285.343105|2022-04-27 01:04:45.343105+02|2D/EF38FD58|13|7|5042942|464|13564489|1768017|17640|85413722|0|719842230|2022-04-26 21:33:12.768492+02
1124|1651014286.370127|2022-04-27 01:04:46.370127+02|2D/F136E7A8|13|7|5042942|464|13564500|1768517|17645|85461098|0|719882011|2022-04-26 21:33:12.768492+02
1125|1651014287.396216|2022-04-27 01:04:47.396216+02|2D/F322F9D8|13|7|5042942|464|13564503|1769017|17650|85506978|0|719920056|2022-04-26 21:33:12.768492+02
1126|1651014288.422831|2022-04-27 01:04:48.422831+02|2D/F513AB78|13|7|5042942|464|13564509|1769517|17655|85554330|0|719959638|2022-04-26 21:33:12.768492+02
1127|1651014289.449705|2022-04-27 01:04:49.449705+02|2D/F6E51678|13|7|5042942|464|13564510|1770017|17660|85597636|0|719995417|2022-04-26 21:33:12.768492+02
1128|1651014290.477110|2022-04-27 01:04:50.47711+02|2D/F8DFC178|13|7|5042942|464|13564518|1770517|17665|85650791|0|720036027|2022-04-26 21:33:12.768492+02
1129|1651014291.503222|2022-04-27 01:04:51.503222+02|2D/FAD55FF8|13|7|5042942|464|13564529|1771017|17670|85698961|0|720076442|2022-04-26 21:33:12.768492+02
1130|1651014292.529158|2022-04-27 01:04:52.529158+02|2D/FCC8D880|13|7|5042942|464|13564533|1771517|17675|85747079|0|720116449|2022-04-26 21:33:12.768492+02
1131|1651014293.555389|2022-04-27 01:04:53.555389+02|2D/FEAFEEF0|13|7|5042942|464|13564548|1772017|17680|85794683|0|720156864|2022-04-26 21:33:12.768492+02
1132|1651014294.580453|2022-04-27 01:04:54.580453+02|2E/732760|13|7|5042942|464|13564552|1772617|17686|85842774|0|720200137|2022-04-26 21:33:12.768492+02
1133|1651014295.606906|2022-04-27 01:04:55.606906+02|2E/2659178|13|7|5042942|464|13564559|1773117|17691|85891446|0|720241030|2022-04-26 21:33:12.768492+02
1134|1651014296.634000|2022-04-27 01:04:56.634+02|2E/457E0A8|13|7|5042942|464|13564567|1773617|17696|85940319|0|720281914|2022-04-26 21:33:12.768492+02
1135|1651014297.661923|2022-04-27 01:04:57.661923+02|2E/64544D0|13|7|5042942|464|13564574|1774117|17701|85989097|0|720322825|2022-04-26 21:33:12.768492+02
1136|1651014298.689001|2022-04-27 01:04:58.689001+02|2E/82ED3B0|13|7|5042942|464|13564587|1774617|17706|86037554|0|720363550|2022-04-26 21:33:12.768492+02
1137|1651014299.715707|2022-04-27 01:04:59.715707+02|2E/A0139A0|13|7|5042942|464|13564593|1775117|17711|86088718|0|720402737|2022-04-26 21:33:12.768492+02
1138|1651014300.742611|2022-04-27 01:05:00.742611+02|2E/BE2D940|13|7|5042942|464|13564599|1775617|17716|86136175|0|720442170|2022-04-26 21:33:12.768492+02
1139|1651014301.769738|2022-04-27 01:05:01.769738+02|2E/DB78B60|13|7|5042942|464|13564604|1776117|17721|86183228|0|720481030|2022-04-26 21:33:12.768492+02
1140|1651014302.796256|2022-04-27 01:05:02.796256+02|2E/F918750|13|7|5042942|464|13564610|1776617|17726|86230190|0|720520424|2022-04-26 21:33:12.768492+02
1141|1651014303.821704|2022-04-27 01:05:03.821704+02|2E/1157FEE0|13|7|5042942|464|13564618|1777117|17731|86281291|0|720559986|2022-04-26 21:33:12.768492+02
1142|1651014304.848393|2022-04-27 01:05:04.848393+02|2E/1336DD28|13|7|5042942|464|13564621|1777717|17737|86329516|0|720606895|2022-04-26 21:33:12.768492+02
1143|1651014305.875020|2022-04-27 01:05:05.87502+02|2E/14DF56A8|13|7|5042942|464|13564628|1778217|17742|86373136|0|720642770|2022-04-26 21:33:12.768492+02
1144|1651014306.901192|2022-04-27 01:05:06.901192+02|2E/16B7E528|13|7|5042942|464|13564636|1778717|17747|86421619|0|720683413|2022-04-26 21:33:12.768492+02
1145|1651014307.927666|2022-04-27 01:05:07.927666+02|2E/188A9F60|13|7|5042942|464|13564645|1779217|17752|86469675|0|720723529|2022-04-26 21:33:12.768492+02
1146|1651014308.953538|2022-04-27 01:05:08.953538+02|2E/1A6221B8|13|7|5042942|464|13564649|1779717|17757|86523293|0|720764528|2022-04-26 21:33:12.768492+02
1147|1651014309.980903|2022-04-27 01:05:09.980903+02|2E/1C355860|13|7|5042942|464|13564655|1780217|17762|86571721|0|720804754|2022-04-26 21:33:12.768492+02
1148|1651014311.005900|2022-04-27 01:05:11.0059+02|2E/1DDAA1F8|13|7|5042942|464|13564663|1780717|17767|86616922|0|720842748|2022-04-26 21:33:12.768492+02
1149|1651014312.032496|2022-04-27 01:05:12.032496+02|2E/1F93D9E0|13|7|5042942|464|13564665|1781217|17772|86661773|0|720879570|2022-04-26 21:33:12.768492+02
1150|1651014313.058963|2022-04-27 01:05:13.058963+02|2E/215F5B08|13|7|5042942|464|13564671|1781717|17777|86710423|0|720920307|2022-04-26 21:33:12.768492+02
1151|1651014314.085049|2022-04-27 01:05:14.085049+02|2E/232A5A30|13|7|5042942|464|13564677|1782317|17783|86763722|0|720968857|2022-04-26 21:33:12.768492+02
1152|1651014315.111935|2022-04-27 01:05:15.111935+02|2E/24F8BE48|13|7|5042942|464|13564683|1782817|17788|86812541|0|721009856|2022-04-26 21:33:12.768492+02
1153|1651014316.138488|2022-04-27 01:05:16.138488+02|2E/26C78408|13|7|5042942|464|13564689|1783317|17793|86861981|0|721051233|2022-04-26 21:33:12.768492+02
1154|1651014317.164282|2022-04-27 01:05:17.164282+02|2E/288D7738|13|7|5042942|464|13564696|1783817|17798|86910110|0|721091607|2022-04-26 21:33:12.768492+02
1155|1651014318.190947|2022-04-27 01:05:18.190947+02|2E/2A53CD40|13|7|5042942|464|13564704|1784317|17803|86963580|0|721132315|2022-04-26 21:33:12.768492+02
1156|1651014319.216766|2022-04-27 01:05:19.216766+02|2E/2C17F1B8|13|7|5042942|464|13564707|1784817|17808|87011867|0|721172789|2022-04-26 21:33:12.768492+02
1157|1651014320.243903|2022-04-27 01:05:20.243903+02|2E/2DB3EC30|13|7|5042942|464|13564708|1785317|17813|87055518|0|721210688|2022-04-26 21:33:12.768492+02
1158|1651014321.270513|2022-04-27 01:05:21.270513+02|2E/2F6FF940|13|7|5042942|464|13564710|1785817|17818|87101514|0|721251716|2022-04-26 21:33:12.768492+02
1159|1651014322.297171|2022-04-27 01:05:22.297171+02|2E/313E17B8|13|7|5042942|464|13564715|1786317|17823|87147377|0|721291793|2022-04-26 21:33:12.768492+02
1160|1651014323.323788|2022-04-27 01:05:23.323788+02|2E/32E6AE68|13|7|5042942|464|13564719|1786817|17828|87194243|0|721328779|2022-04-26 21:33:12.768492+02
1161|1651014324.349651|2022-04-27 01:05:24.349651+02|2E/34CAEE28|13|7|5042942|464|13564720|1787417|17834|87240154|0|721377731|2022-04-26 21:33:12.768492+02
1162|1651014325.376389|2022-04-27 01:05:25.376389+02|2E/36B27558|13|7|5042942|464|13564727|1787917|17839|87286006|0|721418330|2022-04-26 21:33:12.768492+02
1163|1651014326.402703|2022-04-27 01:05:26.402703+02|2E/38AA7728|13|7|5042942|464|13564728|1788417|17844|87336175|0|721459072|2022-04-26 21:33:12.768492+02
1164|1651014327.429664|2022-04-27 01:05:27.429664+02|2E/3AA18480|13|7|5042942|464|13564732|1788917|17849|87391386|0|721498906|2022-04-26 21:33:12.768492+02
1165|1651014328.456338|2022-04-27 01:05:28.456338+02|2E/3C6945C0|13|7|5042942|464|13564735|1789417|17854|87436817|0|721533894|2022-04-26 21:33:12.768492+02
1166|1651014329.483306|2022-04-27 01:05:29.483306+02|2E/3E7B8248|13|7|5042942|464|13564737|1789917|17859|87487928|0|721574794|2022-04-26 21:33:12.768492+02
1167|1651014330.510276|2022-04-27 01:05:30.510276+02|2E/4093EF88|13|7|5042942|464|13564739|1790417|17864|87539071|0|721615613|2022-04-26 21:33:12.768492+02
1168|1651014331.537067|2022-04-27 01:05:31.537067+02|2E/42B7C0B0|13|7|5042942|464|13564742|1790917|17869|87590646|0|721656507|2022-04-26 21:33:12.768492+02
1169|1651014332.563182|2022-04-27 01:05:32.563182+02|2E/44E3E668|13|7|5042942|464|13564743|1791417|17874|87641013|0|721697003|2022-04-26 21:33:12.768492+02
1170|1651014333.589597|2022-04-27 01:05:33.589597+02|2E/46D7F798|13|7|5042942|464|13564745|1791917|17879|87687638|0|721737104|2022-04-26 21:33:12.768492+02
1171|1651014334.614764|2022-04-27 01:05:34.614764+02|2E/48810CB0|13|7|5042942|464|13564747|1792517|17885|87736187|0|721785963|2022-04-26 21:33:12.768492+02
1172|1651014335.641705|2022-04-27 01:05:35.641705+02|2E/4A24FC70|13|7|5042942|464|13564750|1793017|17890|87785146|0|721826264|2022-04-26 21:33:12.768492+02
1173|1651014336.668734|2022-04-27 01:05:36.668734+02|2E/4BBC2548|13|7|5042942|464|13564758|1793517|17895|87836002|0|721865180|2022-04-26 21:33:12.768492+02
1174|1651014337.694417|2022-04-27 01:05:37.694417+02|2E/4D632740|13|7|5042942|464|13564766|1794017|17900|87885291|0|721906613|2022-04-26 21:33:12.768492+02
1175|1651014338.720549|2022-04-27 01:05:38.720549+02|2E/4F06A648|13|7|5042942|464|13564773|1794517|17905|87933979|0|721947052|2022-04-26 21:33:12.768492+02
1176|1651014339.746454|2022-04-27 01:05:39.746454+02|2E/50894EC8|13|7|5042942|464|13564775|1795017|17910|87978662|0|721984084|2022-04-26 21:33:12.768492+02
1177|1651014340.773893|2022-04-27 01:05:40.773893+02|2E/522E6160|13|7|5042942|464|13564782|1795517|17915|88028137|0|722025329|2022-04-26 21:33:12.768492+02
1178|1651014341.800797|2022-04-27 01:05:41.800797+02|2E/53D3EA58|13|7|5042942|464|13564785|1796017|17920|88082368|0|722066573|2022-04-26 21:33:12.768492+02
1179|1651014342.827834|2022-04-27 01:05:42.827834+02|2E/55783A18|13|7|5042942|464|13564789|1796517|17925|88131493|0|722108081|2022-04-26 21:33:12.768492+02
1180|1651014343.853539|2022-04-27 01:05:43.853539+02|2E/57187EC8|13|7|5042942|464|13564794|1797117|17931|88180434|0|722157350|2022-04-26 21:33:12.768492+02
1181|1651014344.880348|2022-04-27 01:05:44.880348+02|2E/58800000|13|7|5042942|464|13564798|1797617|17936|88222766|0|722191951|2022-04-26 21:33:12.768492+02
1182|1651014345.906319|2022-04-27 01:05:45.906319+02|2E/5A1FF4C8|13|7|5042942|464|13564800|1798117|17941|88272140|0|722233236|2022-04-26 21:33:12.768492+02
1183|1651014346.932624|2022-04-27 01:05:46.932624+02|2E/5BBFE9D8|13|7|5042942|464|13564805|1798617|17946|88326275|0|722274812|2022-04-26 21:33:12.768492+02
1184|1651014347.958004|2022-04-27 01:05:47.958004+02|2E/5D5DA600|13|7|5042942|464|13564811|1799117|17951|88375831|0|722316330|2022-04-26 21:33:12.768492+02
1185|1651014348.984628|2022-04-27 01:05:48.984628+02|2E/5EFAFD98|13|7|5042942|464|13564816|1799617|17956|88425102|0|722357864|2022-04-26 21:33:12.768492+02
1186|1651014350.010048|2022-04-27 01:05:50.010048+02|2E/609058B8|13|7|5042942|464|13564820|1800117|17961|88473984|0|722398680|2022-04-26 21:33:12.768492+02
1187|1651014351.037570|2022-04-27 01:05:51.03757+02|2E/622AFFD8|13|7|5042942|464|13564827|1800617|17966|88528309|0|722440000|2022-04-26 21:33:12.768492+02
1188|1651014352.064801|2022-04-27 01:05:52.064801+02|2E/63BD1760|13|7|5042942|464|13564833|1801117|17971|88577258|0|722481131|2022-04-26 21:33:12.768492+02
1189|1651014353.090493|2022-04-27 01:05:53.090493+02|2E/653FFFA0|13|7|5042942|464|13564840|1801617|17976|88624559|0|722522620|2022-04-26 21:33:12.768492+02
1190|1651014354.116158|2022-04-27 01:05:54.116158+02|2E/66D87BE8|13|7|5042942|464|13564844|1802217|17982|88673586|0|722570095|2022-04-26 21:33:12.768492+02
1191|1651014355.142301|2022-04-27 01:05:55.142301+02|2E/686749C0|13|7|5042942|464|13564847|1802717|17987|88722542|0|722611135|2022-04-26 21:33:12.768492+02
1192|1651014356.168054|2022-04-27 01:05:56.168054+02|2E/69DD7168|13|7|5042942|464|13564854|1803217|17992|88773429|0|722649144|2022-04-26 21:33:12.768492+02
1193|1651014357.194848|2022-04-27 01:05:57.194848+02|2E/6B7089A0|13|7|5042942|464|13564859|1803717|17997|88823312|0|722691073|2022-04-26 21:33:12.768492+02
1194|1651014358.220590|2022-04-27 01:05:58.22059+02|2E/6CFFFD10|13|7|5042942|464|13564860|1804217|18002|88872479|0|722732248|2022-04-26 21:33:12.768492+02
1195|1651014359.247039|2022-04-27 01:05:59.247039+02|2E/6E8FF920|13|7|5042942|464|13564867|1804717|18007|88921969|0|722773674|2022-04-26 21:33:12.768492+02
1196|1651014360.273845|2022-04-27 01:06:00.273845+02|2E/701DB270|13|7|5042942|464|13564869|1805217|18012|88970704|0|722814641|2022-04-26 21:33:12.768492+02
1197|1651014361.300936|2022-04-27 01:06:01.300936+02|2E/717F9250|13|7|5042942|464|13564873|1805717|18017|89019573|0|722851207|2022-04-26 21:33:12.768492+02
1198|1651014362.327838|2022-04-27 01:06:02.327838+02|2E/7308AB58|13|7|5042942|464|13564877|1806217|18022|89068433|0|722891687|2022-04-26 21:33:12.768492+02
1199|1651014363.354740|2022-04-27 01:06:03.35474+02|2E/749043E0|13|7|5042942|464|13564881|1806717|18027|89117626|0|722932761|2022-04-26 21:33:12.768492+02
1200|1651014364.381699|2022-04-27 01:06:04.381699+02|2E/761C4E58|13|7|5042942|464|13564884|1807317|18033|89167057|0|722982501|2022-04-26 21:33:12.768492+02
1201|1651014365.407868|2022-04-27 01:06:05.407868+02|2E/77A373C0|13|7|5042942|464|13564887|1807817|18038|89221236|0|723023703|2022-04-26 21:33:12.768492+02
1202|1651014366.434638|2022-04-27 01:06:06.434638+02|2E/792ACCD0|13|7|5042942|464|13564890|1808317|18043|89270771|0|723065340|2022-04-26 21:33:12.768492+02
1203|1651014367.460814|2022-04-27 01:06:07.460814+02|2E/7AA89B48|13|7|5042942|464|13564892|1808817|18048|89319093|0|723105822|2022-04-26 21:33:12.768492+02
1204|1651014368.486993|2022-04-27 01:06:08.486993+02|2E/7C1C0950|13|7|5042942|464|13564893|1809317|18053|89366047|0|723145052|2022-04-26 21:33:12.768492+02
1205|1651014369.512605|2022-04-27 01:06:09.512605+02|2E/7D989C08|13|7|5042942|464|13564898|1809817|18058|89414214|0|723185264|2022-04-26 21:33:12.768492+02
1206|1651014370.539131|2022-04-27 01:06:10.539131+02|2E/7EF4F910|13|7|5042942|464|13564902|1810317|18063|89463919|0|723222404|2022-04-26 21:33:12.768492+02
1207|1651014371.566293|2022-04-27 01:06:11.566293+02|2E/806FCA90|13|7|5042942|464|13564907|1810817|18068|89511972|0|723262511|2022-04-26 21:33:12.768492+02
1208|1651014372.591211|2022-04-27 01:06:12.591211+02|2E/81D61790|13|7|5042942|464|13564909|1811317|18073|89557906|0|723300184|2022-04-26 21:33:12.768492+02
1209|1651014373.617974|2022-04-27 01:06:13.617974+02|2E/83593F98|13|7|5042942|464|13564912|1811817|18078|89607523|0|723341833|2022-04-26 21:33:12.768492+02
1210|1651014374.644076|2022-04-27 01:06:14.644076+02|2E/84DB41A8|13|7|5042942|464|13564914|1812417|18084|89662087|0|723391822|2022-04-26 21:33:12.768492+02
1211|1651014375.671200|2022-04-27 01:06:15.6712+02|2E/865BAA60|13|7|5042942|464|13564916|1812917|18089|89712050|0|723433667|2022-04-26 21:33:12.768492+02
1212|1651014376.697821|2022-04-27 01:06:16.697821+02|2E/87DAA328|13|7|5042942|464|13564918|1813417|18094|89761292|0|723475135|2022-04-26 21:33:12.768492+02
1213|1651014377.724478|2022-04-27 01:06:17.724478+02|2E/892A7120|13|7|5042942|464|13564918|1813917|18099|89805704|0|723511737|2022-04-26 21:33:12.768492+02
1214|1651014378.749810|2022-04-27 01:06:18.74981+02|2E/8AA59A80|13|7|5042942|464|13564922|1814417|18104|89854546|0|723552761|2022-04-26 21:33:12.768492+02
1215|1651014379.776661|2022-04-27 01:06:19.776661+02|2E/8C22B320|13|7|5042942|464|13564926|1814917|18109|89909091|0|723594607|2022-04-26 21:33:12.768492+02
1216|1651014380.802746|2022-04-27 01:06:20.802746+02|2E/8D9925B0|13|7|5042942|464|13564927|1815417|18114|89957846|0|723635349|2022-04-26 21:33:12.768492+02
1217|1651014381.829348|2022-04-27 01:06:21.829348+02|2E/8F0DF358|13|7|5042942|464|13564928|1815917|18119|90006419|0|723676002|2022-04-26 21:33:12.768492+02
1218|1651014382.855447|2022-04-27 01:06:22.855447+02|2E/908AD1E8|13|7|5042942|464|13564928|1816417|18124|90056475|0|723717975|2022-04-26 21:33:12.768492+02
1219|1651014383.881965|2022-04-27 01:06:23.881965+02|2E/92035AD8|13|7|5042942|464|13564930|1817017|18130|90106652|0|723768422|2022-04-26 21:33:12.768492+02
1220|1651014384.907340|2022-04-27 01:06:24.90734+02|2E/9378DEE0|13|7|5042942|464|13564933|1817517|18135|90161213|0|723810337|2022-04-26 21:33:12.768492+02
1221|1651014385.933763|2022-04-27 01:06:25.933763+02|2E/94F00868|13|7|5042942|464|13564936|1818017|18140|90210681|0|723851874|2022-04-26 21:33:12.768492+02
1222|1651014386.960377|2022-04-27 01:06:26.960377+02|2E/96501710|13|7|5042942|464|13564939|1818517|18145|90257222|0|723890597|2022-04-26 21:33:12.768492+02
1223|1651014387.986569|2022-04-27 01:06:27.986569+02|2E/97C7AA08|13|7|5042942|464|13564939|1819017|18150|90307002|0|723932298|2022-04-26 21:33:12.768492+02
1224|1651014389.012638|2022-04-27 01:06:29.012638+02|2E/9928D240|13|7|5042942|464|13564942|1819517|18155|90359198|0|723971531|2022-04-26 21:33:12.768492+02
1225|1651014390.038786|2022-04-27 01:06:30.038786+02|2E/9A87D068|13|7|5042942|464|13564943|1820017|18160|90406485|0|724011329|2022-04-26 21:33:12.768492+02
1226|1651014391.065396|2022-04-27 01:06:31.065396+02|2E/9BF71330|13|7|5042942|464|13564944|1820517|18165|90455213|0|724051735|2022-04-26 21:33:12.768492+02
1227|1651014392.092380|2022-04-27 01:06:32.09238+02|2E/9D6A3CC8|13|7|5042942|464|13564945|1821017|18170|90505099|0|724093422|2022-04-26 21:33:12.768492+02
1228|1651014393.118781|2022-04-27 01:06:33.118781+02|2E/9ED8F9A8|13|7|5042942|464|13564947|1821517|18175|90554534|0|724134754|2022-04-26 21:33:12.768492+02
1229|1651014394.145811|2022-04-27 01:06:34.145811+02|2E/A0426B38|13|7|5042942|464|13564948|1822117|18181|90608583|0|724184182|2022-04-26 21:33:12.768492+02
1230|1651014395.171555|2022-04-27 01:06:35.171555+02|2E/A1AF92F8|13|7|5042942|464|13564952|1822617|18186|90658270|0|724225786|2022-04-26 21:33:12.768492+02
1231|1651014396.198048|2022-04-27 01:06:36.198048+02|2E/A2ED5F68|13|7|5042942|464|13564957|1823117|18191|90701283|0|724261206|2022-04-26 21:33:12.768492+02
1232|1651014397.224853|2022-04-27 01:06:37.224853+02|2E/A45E5FF8|13|7|5042942|464|13564958|1823617|18196|90751477|0|724303301|2022-04-26 21:33:12.768492+02
1233|1651014398.251233|2022-04-27 01:06:38.251233+02|2E/A5CAC538|13|7|5042942|464|13564959|1824117|18201|90801274|0|724344970|2022-04-26 21:33:12.768492+02
1234|1651014399.278095|2022-04-27 01:06:39.278095+02|2E/A737DA20|13|7|5042942|464|13564961|1824617|18206|90856049|0|724386809|2022-04-26 21:33:12.768492+02
1235|1651014400.304885|2022-04-27 01:06:40.304885+02|2E/A8A0F9B0|13|7|5042942|464|13564965|1825117|18211|90905379|0|724428222|2022-04-26 21:33:12.768492+02
1236|1651014401.331971|2022-04-27 01:06:41.331971+02|2E/AA0917F8|13|7|5042942|464|13564966|1825617|18216|90954860|0|724469671|2022-04-26 21:33:12.768492+02
1237|1651014402.358906|2022-04-27 01:06:42.358906+02|2E/AB7217B8|13|7|5042942|464|13564968|1826117|18221|91004014|0|724511127|2022-04-26 21:33:12.768492+02
1238|1651014403.386220|2022-04-27 01:06:43.38622+02|2E/ACDAA300|13|7|5042942|464|13564971|1826617|18226|91058262|0|724552397|2022-04-26 21:33:12.768492+02
1239|1651014404.413910|2022-04-27 01:06:44.41391+02|2E/AE2BFAF0|13|7|5042942|464|13564971|1827217|18232|91104984|0|724599313|2022-04-26 21:33:12.768492+02
1240|1651014405.439880|2022-04-27 01:06:45.43988+02|2E/AF90D560|13|7|5042942|464|13564973|1827717|18237|91154379|0|724640713|2022-04-26 21:33:12.768492+02
1241|1651014406.466603|2022-04-27 01:06:46.466603+02|2E/B0F06B68|13|7|5042942|464|13564976|1828217|18242|91203207|0|724681518|2022-04-26 21:33:12.768492+02
1242|1651014407.491940|2022-04-27 01:06:47.49194+02|2E/B23AEAF0|13|7|5042942|464|13564977|1828717|18247|91250471|0|724720496|2022-04-26 21:33:12.768492+02
1243|1651014408.518198|2022-04-27 01:06:48.518198+02|2E/B3A156B8|13|7|5042942|464|13564977|1829217|18252|91303714|0|724760855|2022-04-26 21:33:12.768492+02
1244|1651014409.544974|2022-04-27 01:06:49.544974+02|2E/B50BD398|13|7|5042942|464|13564977|1829717|18257|91353362|0|724802680|2022-04-26 21:33:12.768492+02
1245|1651014410.571243|2022-04-27 01:06:50.571243+02|2E/B659C830|13|7|5042942|464|13564977|1830217|18262|91400331|0|724841812|2022-04-26 21:33:12.768492+02
1246|1651014411.596746|2022-04-27 01:06:51.596746+02|2E/B7C0A118|13|7|5042942|464|13564977|1830717|18267|91450660|0|724883829|2022-04-26 21:33:12.768492+02
1247|1651014412.623612|2022-04-27 01:06:52.623612+02|2E/B91BCA30|13|7|5042942|464|13564977|1831217|18272|91504216|0|724924743|2022-04-26 21:33:12.768492+02
1248|1651014413.650006|2022-04-27 01:06:53.650006+02|2E/BA4EB308|13|7|5042942|464|13564977|1831817|18278|91547473|0|724968333|2022-04-26 21:33:12.768492+02
1249|1651014414.675366|2022-04-27 01:06:54.675366+02|2E/BBB137D8|13|7|5042942|464|13564978|1832317|18283|91597405|0|725010118|2022-04-26 21:33:12.768492+02
1250|1651014415.701892|2022-04-27 01:06:55.701892+02|2E/BD15DC00|13|7|5042942|464|13564980|1832817|18288|91647950|0|725052272|2022-04-26 21:33:12.768492+02
1251|1651014416.728675|2022-04-27 01:06:56.728675+02|2E/BE7A6300|13|7|5042942|464|13564981|1833317|18293|91698211|0|725094644|2022-04-26 21:33:12.768492+02
1252|1651014417.756174|2022-04-27 01:06:57.756174+02|2E/BFDDE758|13|7|5042942|464|13564983|1833817|18298|91753461|0|725136954|2022-04-26 21:33:12.768492+02
1253|1651014418.782902|2022-04-27 01:06:58.782902+02|2E/C126CF78|13|7|5042942|464|13564983|1834317|18303|91800187|0|725175868|2022-04-26 21:33:12.768492+02
1254|1651014419.809098|2022-04-27 01:06:59.809098+02|2E/C28364F8|13|7|5042942|464|13564984|1834817|18308|91850379|0|725218129|2022-04-26 21:33:12.768492+02
1255|1651014420.834229|2022-04-27 01:07:00.834229+02|2E/C3E1E180|13|7|5042942|464|13564988|1835317|18313|91899731|0|725259609|2022-04-26 21:33:12.768492+02
1256|1651014421.860680|2022-04-27 01:07:01.86068+02|2E/C53B12E0|13|7|5042942|464|13564990|1835817|18318|91949267|0|725301108|2022-04-26 21:33:12.768492+02
1257|1651014422.886907|2022-04-27 01:07:02.886907+02|2E/C6989080|13|7|5042942|464|13564990|1836317|18323|92003818|0|725342461|2022-04-26 21:33:12.768492+02
1258|1651014423.914256|2022-04-27 01:07:03.914256+02|2E/C7EBE698|13|7|5042942|464|13564991|1836917|18329|92051669|0|725390685|2022-04-26 21:33:12.768492+02
1259|1651014424.941013|2022-04-27 01:07:04.941013+02|2E/C934ABF0|13|7|5042942|464|13564992|1837417|18334|92098640|0|725429827|2022-04-26 21:33:12.768492+02
1260|1651014425.967804|2022-04-27 01:07:05.967804+02|2E/CA93DEC8|13|7|5042942|464|13564992|1837917|18339|92148482|0|725471697|2022-04-26 21:33:12.768492+02
1261|1651014426.994340|2022-04-27 01:07:06.99434+02|2E/CBF45268|13|7|5042942|464|13564993|1838417|18344|92203962|0|725513851|2022-04-26 21:33:12.768492+02
1262|1651014428.021956|2022-04-27 01:07:08.021956+02|2E/CD5347B8|13|7|5042942|464|13564994|1838917|18349|92254219|0|725556146|2022-04-26 21:33:12.768492+02
1263|1651014429.048519|2022-04-27 01:07:09.048519+02|2E/CE985B88|13|7|5042942|464|13564994|1839417|18354|92300941|0|725595296|2022-04-26 21:33:12.768492+02
1264|1651014430.074656|2022-04-27 01:07:10.074656+02|2E/CFDE0E68|13|7|5042942|464|13564994|1839917|18359|92348524|0|725635167|2022-04-26 21:33:12.768492+02
1265|1651014431.101287|2022-04-27 01:07:11.101287+02|2E/D135F050|13|7|5042942|464|13564996|1840417|18364|92397214|0|725675544|2022-04-26 21:33:12.768492+02
1266|1651014432.128288|2022-04-27 01:07:12.128288+02|2E/D2929D60|13|7|5042942|464|13564996|1840917|18369|92452708|0|725718071|2022-04-26 21:33:12.768492+02
1267|1651014433.155232|2022-04-27 01:07:13.155232+02|2E/D3ECBE70|13|7|5042942|464|13564996|1841417|18374|92502661|0|725759821|2022-04-26 21:33:12.768492+02
1268|1651014434.181524|2022-04-27 01:07:14.181524+02|2E/D547E6B8|13|7|5042942|464|13564996|1842017|18380|92553193|0|725810707|2022-04-26 21:33:12.768492+02
1269|1651014435.207571|2022-04-27 01:07:15.207571+02|2E/D6A43BD0|13|7|5042942|464|13564996|1842517|18385|92603548|0|725852927|2022-04-26 21:33:12.768492+02
1270|1651014436.233423|2022-04-27 01:07:16.233423+02|2E/D7E3CB78|13|7|5042942|464|13564997|1843017|18390|92655472|0|725892001|2022-04-26 21:33:12.768492+02
1271|1651014437.260478|2022-04-27 01:07:17.260478+02|2E/D93B40B8|13|7|5042942|464|13564997|1843517|18395|92705344|0|725933865|2022-04-26 21:33:12.768492+02
1272|1651014438.287751|2022-04-27 01:07:18.287751+02|2E/DA8FA920|13|7|5042942|464|13564998|1844017|18400|92754582|0|725974956|2022-04-26 21:33:12.768492+02
1273|1651014439.313012|2022-04-27 01:07:19.313012+02|2E/DBE00440|13|7|5042942|464|13564999|1844517|18405|92804006|0|726016242|2022-04-26 21:33:12.768492+02
1274|1651014440.339134|2022-04-27 01:07:20.339134+02|2E/DD2AE300|13|7|5042942|464|13564999|1845017|18410|92853906|0|726058326|2022-04-26 21:33:12.768492+02
1275|1651014441.365169|2022-04-27 01:07:21.365169+02|2E/DE716CB0|13|7|5042942|464|13564999|1845517|18415|92905465|0|726097263|2022-04-26 21:33:12.768492+02
1276|1651014442.391753|2022-04-27 01:07:22.391753+02|2E/DFAEB920|13|7|5042942|464|13564999|1846017|18420|92952088|0|726135269|2022-04-26 21:33:12.768492+02
1277|1651014443.419037|2022-04-27 01:07:23.419037+02|2E/E0FFFAE0|13|7|5042942|464|13564999|1846617|18426|93001998|0|726185390|2022-04-26 21:33:12.768492+02
1278|1651014444.445554|2022-04-27 01:07:24.445554+02|2E/E2544348|13|7|5042942|464|13565000|1847117|18431|93051941|0|726227560|2022-04-26 21:33:12.768492+02
1279|1651014445.471817|2022-04-27 01:07:25.471817+02|2E/E3909618|13|7|5042942|464|13565000|1847617|18436|93103520|0|726266311|2022-04-26 21:33:12.768492+02
1280|1651014446.497504|2022-04-27 01:07:26.497504+02|2E/E4E2BDF0|13|7|5042942|464|13565000|1848117|18441|93153213|0|726308163|2022-04-26 21:33:12.768492+02
1281|1651014447.523899|2022-04-27 01:07:27.523899+02|2E/E6362528|13|7|5042942|464|13565000|1848617|18446|93203029|0|726349771|2022-04-26 21:33:12.768492+02
1282|1651014448.549868|2022-04-27 01:07:28.549868+02|2E/E76801C0|13|7|5042942|464|13565002|1849117|18451|93248720|0|726387475|2022-04-26 21:33:12.768492+02
1283|1651014449.575230|2022-04-27 01:07:29.57523+02|2E/E8BC1018|13|7|5042942|464|13565002|1849617|18456|93299037|0|726429596|2022-04-26 21:33:12.768492+02
1284|1651014450.602185|2022-04-27 01:07:30.602185+02|2E/EA0D78A0|13|7|5042942|464|13565002|1850117|18461|93354148|0|726471686|2022-04-26 21:33:12.768492+02
1285|1651014451.628846|2022-04-27 01:07:31.628846+02|2E/EB5D8970|13|7|5042942|464|13565002|1850617|18466|93404321|0|726513203|2022-04-26 21:33:12.768492+02
1286|1651014452.655007|2022-04-27 01:07:32.655007+02|2E/ECADA578|13|7|5042942|464|13565002|1851117|18471|93454017|0|726555299|2022-04-26 21:33:12.768492+02
1287|1651014453.681771|2022-04-27 01:07:33.681771+02|2E/EDEFFEA8|13|7|5042942|464|13565002|1851717|18477|93501884|0|726603649|2022-04-26 21:33:12.768492+02
1288|1651014454.698073|2022-04-27 01:07:34.698073+02|2E/EF35C2F0|13|7|5042942|464|13565003|1852117|18481|93541750|0|726636923|2022-04-26 21:33:12.768492+02
1289|1651014455.724163|2022-04-27 01:07:35.724163+02|2E/F0811010|13|7|5042942|464|13565003|1852717|18487|93608069|0|726686965|2022-04-26 21:33:12.768492+02
1290|1651014456.750918|2022-04-27 01:07:36.750918+02|2E/F1C76300|13|7|5042942|464|13565003|1853217|18492|93659832|0|726728265|2022-04-26 21:33:12.768492+02
1291|1651014457.777789|2022-04-27 01:07:37.777789+02|2E/F2F0F6D0|13|7|5042942|464|13565003|1853717|18497|93706740|0|726765888|2022-04-26 21:33:12.768492+02
1292|1651014458.804896|2022-04-27 01:07:38.804896+02|2E/F43B8698|13|7|5042942|464|13565003|1854217|18502|93758349|0|726807500|2022-04-26 21:33:12.768492+02
1293|1651014459.830816|2022-04-27 01:07:39.830816+02|2E/F56D9178|13|7|5042942|464|13565003|1854717|18507|93806571|0|726845984|2022-04-26 21:33:12.768492+02
1294|1651014460.857876|2022-04-27 01:07:40.857876+02|2E/F6B8C708|13|7|5042942|464|13565003|1855217|18512|93863748|0|726887835|2022-04-26 21:33:12.768492+02
1295|1651014461.884478|2022-04-27 01:07:41.884478+02|2E/F802CF80|13|7|5042942|464|13565003|1855717|18517|93915594|0|726929982|2022-04-26 21:33:12.768492+02
1296|1651014462.911192|2022-04-27 01:07:42.911192+02|2E/F94B8B50|13|7|5042942|464|13565003|1856217|18522|93967660|0|726972194|2022-04-26 21:33:12.768492+02
1297|1651014463.937720|2022-04-27 01:07:43.93772+02|2E/FA907FA8|13|7|5042942|464|13565003|1856817|18528|94018760|0|727021698|2022-04-26 21:33:12.768492+02
1298|1651014464.964992|2022-04-27 01:07:44.964992+02|2E/FBACA758|13|7|5042942|464|13565004|1857317|18533|94069629|0|727057611|2022-04-26 21:33:12.768492+02
1299|1651014465.992303|2022-04-27 01:07:45.992303+02|2E/FCF37708|13|7|5042942|464|13565004|1857817|18538|94121318|0|727099444|2022-04-26 21:33:12.768492+02
1300|1651014467.019296|2022-04-27 01:07:47.019296+02|2E/FE3A2B68|13|7|5042942|464|13565005|1858317|18543|94173219|0|727141390|2022-04-26 21:33:12.768492+02
1301|1651014468.046042|2022-04-27 01:07:48.046042+02|2E/FF80CFF0|13|7|5042942|464|13565005|1858817|18548|94225132|0|727183249|2022-04-26 21:33:12.768492+02
1302|1651014469.072680|2022-04-27 01:07:49.07268+02|2F/C7A888|13|7|5042942|464|13565005|1859317|18553|94276488|0|727224696|2022-04-26 21:33:12.768492+02
1303|1651014470.099028|2022-04-27 01:07:50.099028+02|2F/20F8F80|13|7|5042942|464|13565005|1859817|18558|94333961|0|727266978|2022-04-26 21:33:12.768492+02
1304|1651014471.123764|2022-04-27 01:07:51.123764+02|2F/35594A8|13|7|5042942|464|13565005|1860317|18563|94385478|0|727308559|2022-04-26 21:33:12.768492+02
1305|1651014472.150955|2022-04-27 01:07:52.150955+02|2F/49D3DE8|13|7|5042942|464|13565005|1860817|18568|94437363|0|727350378|2022-04-26 21:33:12.768492+02
1306|1651014473.177937|2022-04-27 01:07:53.177937+02|2F/5B2C850|13|7|5042942|464|13565005|1861317|18573|94482336|0|727385350|2022-04-26 21:33:12.768492+02
1307|1651014474.204755|2022-04-27 01:07:54.204755+02|2F/6FFE4D0|13|7|5042942|464|13565005|1861917|18579|94534421|0|727436130|2022-04-26 21:33:12.768492+02
1308|1651014475.230976|2022-04-27 01:07:55.230976+02|2F/849DC80|13|7|5042942|464|13565006|1862417|18584|94591958|0|727478426|2022-04-26 21:33:12.768492+02
1309|1651014476.257370|2022-04-27 01:07:56.25737+02|2F/9949F60|13|7|5042942|464|13565006|1862917|18589|94644752|0|727521084|2022-04-26 21:33:12.768492+02
1310|1651014477.284434|2022-04-27 01:07:57.284434+02|2F/ADD47C0|13|7|5042942|464|13565006|1863417|18594|94697179|0|727563674|2022-04-26 21:33:12.768492+02
1311|1651014478.311066|2022-04-27 01:07:58.311066+02|2F/C272758|13|7|5042942|464|13565006|1863917|18599|94749809|0|727606334|2022-04-26 21:33:12.768492+02
1312|1651014479.336387|2022-04-27 01:07:59.336387+02|2F/D6104E0|13|7|5042942|464|13565007|1864417|18604|94806075|0|727647031|2022-04-26 21:33:12.768492+02
1313|1651014480.361937|2022-04-27 01:08:00.361937+02|2F/EA00000|13|7|5042942|464|13565007|1864917|18609|94856842|0|727688359|2022-04-26 21:33:12.768492+02
1314|1651014481.388441|2022-04-27 01:08:01.388441+02|2F/FD16AE0|13|7|5042942|464|13565007|1865417|18614|94906378|0|727727857|2022-04-26 21:33:12.768492+02
1315|1651014482.415040|2022-04-27 01:08:02.41504+02|2F/1118A820|13|7|5042942|464|13565008|1865917|18619|94958757|0|727770128|2022-04-26 21:33:12.768492+02
1316|1651014483.442168|2022-04-27 01:08:03.442168+02|2F/125B1100|13|7|5042942|464|13565008|1866517|18625|95010076|0|727820175|2022-04-26 21:33:12.768492+02
1317|1651014484.468644|2022-04-27 01:08:04.468644+02|2F/13920568|13|7|5042942|464|13565008|1867017|18630|95064972|0|727860043|2022-04-26 21:33:12.768492+02
1318|1651014485.494635|2022-04-27 01:08:05.494635+02|2F/14D8A0C8|13|7|5042942|464|13565008|1867517|18635|95117220|0|727902520|2022-04-26 21:33:12.768492+02
1319|1651014486.520845|2022-04-27 01:08:06.520845+02|2F/16214C80|13|7|5042942|464|13565008|1868017|18640|95169581|0|727945001|2022-04-26 21:33:12.768492+02
1320|1651014487.548186|2022-04-27 01:08:07.548186+02|2F/1763F040|13|7|5042942|464|13565008|1868517|18645|95221206|0|727986666|2022-04-26 21:33:12.768492+02
1321|1651014488.574902|2022-04-27 01:08:08.574902+02|2F/189B2B78|13|7|5042942|464|13565008|1869017|18650|95271540|0|728027206|2022-04-26 21:33:12.768492+02
1322|1651014489.600832|2022-04-27 01:08:09.600832+02|2F/19E427A0|13|7|5042942|464|13565008|1869517|18655|95329541|0|728069796|2022-04-26 21:33:12.768492+02
1323|1651014490.626454|2022-04-27 01:08:10.626454+02|2F/1AFCBCD8|13|7|5042942|464|13565009|1870017|18660|95374980|0|728105740|2022-04-26 21:33:12.768492+02
1324|1651014491.652612|2022-04-27 01:08:11.652612+02|2F/1C437A08|13|7|5042942|464|13565009|1870517|18665|95427373|0|728148262|2022-04-26 21:33:12.768492+02
1325|1651014492.679861|2022-04-27 01:08:12.679861+02|2F/1D894800|13|7|5042942|464|13565009|1871017|18670|95479678|0|728190605|2022-04-26 21:33:12.768492+02
1326|1651014493.706627|2022-04-27 01:08:13.706627+02|2F/1ED07718|13|7|5042942|464|13565009|1871617|18676|95537445|0|728241953|2022-04-26 21:33:12.768492+02
1327|1651014494.733094|2022-04-27 01:08:14.733094+02|2F/2015A158|13|7|5042942|464|13565009|1872117|18681|95589666|0|728284453|2022-04-26 21:33:12.768492+02
1328|1651014495.758977|2022-04-27 01:08:15.758977+02|2F/2158F2F8|13|7|5042942|464|13565009|1872617|18686|95641734|0|728326432|2022-04-26 21:33:12.768492+02
1329|1651014496.785529|2022-04-27 01:08:16.785529+02|2F/228EC460|13|7|5042942|464|13565010|1873117|18691|95691755|0|728366778|2022-04-26 21:33:12.768492+02
1330|1651014497.811488|2022-04-27 01:08:17.811488+02|2F/23C69128|13|7|5042942|464|13565010|1873617|18696|95742939|0|728408228|2022-04-26 21:33:12.768492+02
1331|1651014498.837711|2022-04-27 01:08:18.837711+02|2F/24FB2058|13|7|5042942|464|13565010|1874117|18701|95797535|0|728450117|2022-04-26 21:33:12.768492+02
1332|1651014499.864705|2022-04-27 01:08:19.864705+02|2F/263B3108|13|7|5042942|464|13565010|1874617|18706|95849640|0|728490086|2022-04-26 21:33:12.768492+02
1333|1651014500.891163|2022-04-27 01:08:20.891163+02|2F/277B6588|13|7|5042942|464|13565010|1875117|18711|95901254|0|728531791|2022-04-26 21:33:12.768492+02
1334|1651014501.918143|2022-04-27 01:08:21.918143+02|2F/28B3BD40|13|7|5042942|464|13565010|1875617|18716|95951330|0|728571998|2022-04-26 21:33:12.768492+02
1335|1651014502.945016|2022-04-27 01:08:22.945016+02|2F/29F89EB0|13|7|5042942|464|13565010|1876117|18721|96003565|0|728614208|2022-04-26 21:33:12.768492+02
1336|1651014503.971698|2022-04-27 01:08:23.971698+02|2F/2B3C9100|13|7|5042942|464|13565010|1876717|18727|96060972|0|728664884|2022-04-26 21:33:12.768492+02
1337|1651014504.998956|2022-04-27 01:08:24.998956+02|2F/2C7BB178|13|7|5042942|464|13565010|1877217|18732|96112331|0|728706365|2022-04-26 21:33:12.768492+02
1338|1651014506.025977|2022-04-27 01:08:26.025977+02|2F/2DAFFC90|13|7|5042942|464|13565010|1877717|18737|96162668|0|728746656|2022-04-26 21:33:12.768492+02
1339|1651014507.051336|2022-04-27 01:08:27.051336+02|2F/2EDFA500|13|7|5042942|464|13565010|1878217|18742|96214059|0|728788295|2022-04-26 21:33:12.768492+02
1340|1651014508.077012|2022-04-27 01:08:28.077012+02|2F/30106AA8|13|7|5042942|464|13565011|1878717|18747|96266821|0|728826066|2022-04-26 21:33:12.768492+02
1341|1651014509.103409|2022-04-27 01:08:29.103409+02|2F/3152C508|13|7|5042942|464|13565011|1879217|18752|96318528|0|728868225|2022-04-26 21:33:12.768492+02
1342|1651014510.130315|2022-04-27 01:08:30.130315+02|2F/3294F2C0|13|7|5042942|464|13565011|1879717|18757|96370547|0|728910201|2022-04-26 21:33:12.768492+02
1343|1651014511.157195|2022-04-27 01:08:31.157195+02|2F/33D360E0|13|7|5042942|464|13565011|1880217|18762|96422448|0|728952230|2022-04-26 21:33:12.768492+02
1344|1651014512.183478|2022-04-27 01:08:32.183478+02|2F/35137040|13|7|5042942|464|13565012|1880717|18767|96474102|0|728993905|2022-04-26 21:33:12.768492+02
1345|1651014513.209870|2022-04-27 01:08:33.20987+02|2F/3650CA90|13|7|5042942|464|13565012|1881217|18772|96530728|0|729035340|2022-04-26 21:33:12.768492+02
1346|1651014514.235815|2022-04-27 01:08:34.235815+02|2F/37803338|13|7|5042942|464|13565012|1881817|18778|96580419|0|729083497|2022-04-26 21:33:12.768492+02
1347|1651014515.261919|2022-04-27 01:08:35.261919+02|2F/38B5F780|13|7|5042942|464|13565012|1882317|18783|96630989|0|729124047|2022-04-26 21:33:12.768492+02
1348|1651014516.288368|2022-04-27 01:08:36.288368+02|2F/39E77520|13|7|5042942|464|13565012|1882817|18788|96680804|0|729163964|2022-04-26 21:33:12.768492+02
1349|1651014517.315349|2022-04-27 01:08:37.315349+02|2F/3B229E00|13|7|5042942|464|13565012|1883317|18793|96732341|0|729205826|2022-04-26 21:33:12.768492+02
1350|1651014518.342039|2022-04-27 01:08:38.342039+02|2F/3C62ACD0|13|7|5042942|464|13565012|1883817|18798|96789312|0|729247412|2022-04-26 21:33:12.768492+02
1351|1651014519.368835|2022-04-27 01:08:39.368835+02|2F/3D9167B0|13|7|5042942|464|13565012|1884317|18803|96839099|0|729287014|2022-04-26 21:33:12.768492+02
1352|1651014520.395173|2022-04-27 01:08:40.395173+02|2F/3ECF58A8|13|7|5042942|464|13565012|1884817|18808|96890406|0|729328984|2022-04-26 21:33:12.768492+02
1353|1651014521.422086|2022-04-27 01:08:41.422086+02|2F/400B6260|13|7|5042942|464|13565012|1885317|18813|96942223|0|729370767|2022-04-26 21:33:12.768492+02
1354|1651014522.448576|2022-04-27 01:08:42.448576+02|2F/41422DF8|13|7|5042942|464|13565012|1885817|18818|96998236|0|729411875|2022-04-26 21:33:12.768492+02
1355|1651014523.474973|2022-04-27 01:08:43.474973+02|2F/42771D88|13|7|5042942|464|13565012|1886417|18824|97048880|0|729461036|2022-04-26 21:33:12.768492+02
1356|1651014524.501672|2022-04-27 01:08:44.501672+02|2F/43B4CEF8|13|7|5042942|464|13565012|1886917|18829|97100861|0|729502960|2022-04-26 21:33:12.768492+02
1357|1651014525.528332|2022-04-27 01:08:45.528332+02|2F/44C243C0|13|7|5042942|464|13565012|1887417|18834|97145597|0|729537981|2022-04-26 21:33:12.768492+02
1358|1651014526.555233|2022-04-27 01:08:46.555233+02|2F/46029F90|13|7|5042942|464|13565012|1887917|18839|97197671|0|729580092|2022-04-26 21:33:12.768492+02
1359|1651014527.581114|2022-04-27 01:08:47.581114+02|2F/47405F78|13|7|5042942|464|13565012|1888417|18844|97254662|0|729622002|2022-04-26 21:33:12.768492+02
1360|1651014528.607783|2022-04-27 01:08:48.607783+02|2F/48804048|13|7|5042942|464|13565012|1888917|18849|97306198|0|729663819|2022-04-26 21:33:12.768492+02
1361|1651014529.633360|2022-04-27 01:08:49.63336+02|2F/49BEF9A8|13|7|5042942|464|13565012|1889417|18854|97358246|0|729705644|2022-04-26 21:33:12.768492+02
1362|1651014530.659874|2022-04-27 01:08:50.659874+02|2F/4AF7BE00|13|7|5042942|464|13565012|1889917|18859|97409606|0|729747071|2022-04-26 21:33:12.768492+02
1363|1651014531.686705|2022-04-27 01:08:51.686705+02|2F/4C32FED8|13|7|5042942|464|13565012|1890417|18864|97461308|0|729788839|2022-04-26 21:33:12.768492+02
1364|1651014532.713165|2022-04-27 01:08:52.713165+02|2F/4D653A60|13|7|5042942|464|13565012|1890917|18869|97516717|0|729829362|2022-04-26 21:33:12.768492+02
1365|1651014533.740563|2022-04-27 01:08:53.740563+02|2F/4E929030|13|7|5042942|464|13565012|1891517|18875|97566219|0|729877361|2022-04-26 21:33:12.768492+02
1366|1651014534.766130|2022-04-27 01:08:54.76613+02|2F/4FC3E1B0|13|7|5042942|464|13565012|1892017|18880|97616954|0|729917810|2022-04-26 21:33:12.768492+02
1367|1651014535.792514|2022-04-27 01:08:55.792514+02|2F/50EE75E8|13|7|5042942|464|13565012|1892517|18885|97666721|0|729957314|2022-04-26 21:33:12.768492+02
1368|1651014536.819464|2022-04-27 01:08:56.819464+02|2F/521F3298|13|7|5042942|464|13565013|1893017|18890|97721143|0|729997483|2022-04-26 21:33:12.768492+02
1369|1651014537.846074|2022-04-27 01:08:57.846074+02|2F/535A4388|13|7|5042942|464|13565013|1893517|18895|97772244|0|730038788|2022-04-26 21:33:12.768492+02
1370|1651014538.872199|2022-04-27 01:08:58.872199+02|2F/549669B0|13|7|5042942|464|13565013|1894017|18900|97823816|0|730080627|2022-04-26 21:33:12.768492+02
1371|1651014539.898869|2022-04-27 01:08:59.898869+02|2F/55CAFE60|13|7|5042942|464|13565013|1894517|18905|97874450|0|730121453|2022-04-26 21:33:12.768492+02
1372|1651014540.923218|2022-04-27 01:09:00.923218+02|2F/56F550F8|13|7|5042942|464|13565013|1895017|18910|97925507|0|730162761|2022-04-26 21:33:12.768492+02
1373|1651014541.948965|2022-04-27 01:09:01.948965+02|2F/58146D60|13|7|5042942|464|13565013|1895517|18915|97976443|0|730198513|2022-04-26 21:33:12.768492+02
1374|1651014542.976296|2022-04-27 01:09:02.976296+02|2F/59524518|13|7|5042942|464|13565013|1896017|18920|98027925|0|730240021|2022-04-26 21:33:12.768492+02
1375|1651014544.003718|2022-04-27 01:09:04.003718+02|2F/5A8DAC50|13|7|5042942|464|13565013|1896617|18926|98079762|0|730290403|2022-04-26 21:33:12.768492+02
1376|1651014545.030989|2022-04-27 01:09:05.030989+02|2F/5BC8F8E0|13|7|5042942|464|13565013|1897117|18931|98131451|0|730332225|2022-04-26 21:33:12.768492+02
1377|1651014546.058167|2022-04-27 01:09:06.058167+02|2F/5CFF1BC8|13|7|5042942|464|13565013|1897617|18936|98182291|0|730373443|2022-04-26 21:33:12.768492+02
1378|1651014547.085436|2022-04-27 01:09:07.085436+02|2F/5E34D598|13|7|5042942|464|13565013|1898117|18941|98238639|0|730414619|2022-04-26 21:33:12.768492+02
1379|1651014548.112479|2022-04-27 01:09:08.112479+02|2F/5F6EB620|13|7|5042942|464|13565013|1898617|18946|98289419|0|730455626|2022-04-26 21:33:12.768492+02
1380|1651014549.139848|2022-04-27 01:09:09.139848+02|2F/609EE570|13|7|5042942|464|13565013|1899117|18951|98339452|0|730495797|2022-04-26 21:33:12.768492+02
1381|1651014550.166624|2022-04-27 01:09:10.166624+02|2F/61C64DD0|13|7|5042942|464|13565013|1899617|18956|98388307|0|730534953|2022-04-26 21:33:12.768492+02
1382|1651014551.193918|2022-04-27 01:09:11.193918+02|2F/62EFF438|13|7|5042942|464|13565013|1900117|18961|98442726|0|730574401|2022-04-26 21:33:12.768492+02
1383|1651014552.219177|2022-04-27 01:09:12.219177+02|2F/6414DE90|13|7|5042942|464|13565013|1900617|18966|98492302|0|730615215|2022-04-26 21:33:12.768492+02
1384|1651014553.245417|2022-04-27 01:09:13.245417+02|2F/653F26F8|13|7|5042942|464|13565013|1901217|18972|98540522|0|730660593|2022-04-26 21:33:12.768492+02
1385|1651014554.271799|2022-04-27 01:09:14.271799+02|2F/66774478|13|7|5042942|464|13565013|1901717|18977|98591531|0|730701783|2022-04-26 21:33:12.768492+02
1386|1651014555.298188|2022-04-27 01:09:15.298188+02|2F/67B50540|13|7|5042942|464|13565013|1902217|18982|98643637|0|730744197|2022-04-26 21:33:12.768492+02
1387|1651014556.324719|2022-04-27 01:09:16.324719+02|2F/68EBFF88|13|7|5042942|464|13565013|1902717|18987|98700102|0|730785497|2022-04-26 21:33:12.768492+02
1388|1651014557.351640|2022-04-27 01:09:17.35164+02|2F/6A266F90|13|7|5042942|464|13565013|1903217|18992|98751754|0|730827566|2022-04-26 21:33:12.768492+02
1389|1651014558.379527|2022-04-27 01:09:18.379527+02|2F/6B3AA540|13|7|5042942|464|13565013|1903717|18997|98797494|0|730863275|2022-04-26 21:33:12.768492+02
1390|1651014559.405557|2022-04-27 01:09:19.405557+02|2F/6C7AAE58|13|7|5042942|464|13565013|1904217|19002|98849522|0|730905390|2022-04-26 21:33:12.768492+02
1391|1651014560.430868|2022-04-27 01:09:20.430868+02|2F/6DB677B8|13|7|5042942|464|13565013|1904717|19007|98906834|0|730947787|2022-04-26 21:33:12.768492+02
1392|1651014561.457511|2022-04-27 01:09:21.457511+02|2F/6EF45590|13|7|5042942|464|13565013|1905217|19012|98958995|0|730989933|2022-04-26 21:33:12.768492+02
1393|1651014562.483649|2022-04-27 01:09:22.483649+02|2F/7031E8E0|13|7|5042942|464|13565013|1905817|19018|99010799|0|731040293|2022-04-26 21:33:12.768492+02
1394|1651014563.509597|2022-04-27 01:09:23.509597+02|2F/716C02F0|13|7|5042942|464|13565013|1906317|19023|99062457|0|731082082|2022-04-26 21:33:12.768492+02
1395|1651014564.536482|2022-04-27 01:09:24.536482+02|2F/72A69778|13|7|5042942|464|13565013|1906817|19028|99114412|0|731124085|2022-04-26 21:33:12.768492+02
1396|1651014565.563156|2022-04-27 01:09:25.563156+02|2F/73D18200|13|7|5042942|464|13565013|1907317|19033|99169282|0|731163872|2022-04-26 21:33:12.768492+02
1397|1651014566.589401|2022-04-27 01:09:26.589401+02|2F/750726F0|13|7|5042942|464|13565013|1907817|19038|99220070|0|731205155|2022-04-26 21:33:12.768492+02
1398|1651014567.615010|2022-04-27 01:09:27.61501+02|2F/76459858|13|7|5042942|464|13565013|1908317|19043|99272548|0|731247316|2022-04-26 21:33:12.768492+02
1399|1651014568.642039|2022-04-27 01:09:28.642039+02|2F/77700000|13|7|5042942|464|13565013|1908817|19048|99322019|0|731287507|2022-04-26 21:33:12.768492+02
1400|1651014569.668568|2022-04-27 01:09:29.668568+02|2F/78A70310|13|7|5042942|464|13565013|1909317|19053|99373882|0|731329555|2022-04-26 21:33:12.768492+02
1401|1651014570.694848|2022-04-27 01:09:30.694848+02|2F/79DFFD60|13|7|5042942|464|13565013|1909817|19058|99429394|0|731369874|2022-04-26 21:33:12.768492+02
1402|1651014571.721603|2022-04-27 01:09:31.721603+02|2F/7B1D18C8|13|7|5042942|464|13565013|1910317|19063|99481577|0|731412293|2022-04-26 21:33:12.768492+02
1403|1651014572.747790|2022-04-27 01:09:32.74779+02|2F/7C55F5E0|13|7|5042942|464|13565013|1910917|19069|99533403|0|731462527|2022-04-26 21:33:12.768492+02
1404|1651014573.775024|2022-04-27 01:09:33.775024+02|2F/7D8FFEF8|13|7|5042942|464|13565013|1911417|19074|99585086|0|731504311|2022-04-26 21:33:12.768492+02
1405|1651014574.788351|2022-04-27 01:09:34.788351+02|2F/7EBF9F98|13|7|5042942|464|13565013|1911717|19077|99626880|0|731529751|2022-04-26 21:33:12.768492+02
1406|1651014575.813767|2022-04-27 01:09:35.813767+02|2F/7FD5F198|13|7|5042942|464|13565013|1912417|19084|99687170|0|731581833|2022-04-26 21:33:12.768492+02
1407|1651014576.840753|2022-04-27 01:09:36.840753+02|2F/811049F8|13|7|5042942|464|13565013|1912917|19089|99739217|0|731623977|2022-04-26 21:33:12.768492+02
1408|1651014577.866983|2022-04-27 01:09:37.866983+02|2F/824EBAA8|13|7|5042942|464|13565013|1913417|19094|99791654|0|731666250|2022-04-26 21:33:12.768492+02
1409|1651014578.894981|2022-04-27 01:09:38.894981+02|2F/838C8F90|13|7|5042942|464|13565013|1913917|19099|99843777|0|731708624|2022-04-26 21:33:12.768492+02
1410|1651014579.921875|2022-04-27 01:09:39.921875+02|2F/84C41E58|13|7|5042942|464|13565013|1914417|19104|99895301|0|731750207|2022-04-26 21:33:12.768492+02
1411|1651014580.948855|2022-04-27 01:09:40.948855+02|2F/85F9AA30|13|7|5042942|464|13565013|1914917|19109|99952031|0|731791501|2022-04-26 21:33:12.768492+02
1412|1651014581.975785|2022-04-27 01:09:41.975785+02|2F/872E4AB0|13|7|5042942|464|13565013|1915417|19114|100002696|0|731832734|2022-04-26 21:33:12.768492+02
1413|1651014583.002907|2022-04-27 01:09:43.002907+02|2F/88546B30|13|7|5042942|464|13565013|1916017|19120|100051744|0|731880390|2022-04-26 21:33:12.768492+02
1414|1651014584.029865|2022-04-27 01:09:44.029865+02|2F/898AD9C8|13|7|5042942|464|13565013|1916517|19125|100103253|0|731921640|2022-04-26 21:33:12.768492+02
1415|1651014585.056527|2022-04-27 01:09:45.056527+02|2F/8AC32640|13|7|5042942|464|13565013|1917017|19130|100159315|0|731965692|2022-04-26 21:33:12.768492+02
1416|1651014586.083582|2022-04-27 01:09:46.083582+02|2F/8BF4D1E8|13|7|5042942|464|13565013|1917517|19135|100203832|0|732005098|2022-04-26 21:33:12.768492+02
1417|1651014587.110347|2022-04-27 01:09:47.110347+02|2F/8D3A9288|13|7|5042942|464|13565013|1918017|19140|100250319|0|732046378|2022-04-26 21:33:12.768492+02
1418|1651014588.137328|2022-04-27 01:09:48.137328+02|2F/8E85BC28|13|7|5042942|464|13565013|1918517|19145|100296501|0|732087040|2022-04-26 21:33:12.768492+02
1419|1651014589.163827|2022-04-27 01:09:49.163827+02|2F/8FE5BC50|13|7|5042942|464|13565013|1919017|19150|100343885|0|732128782|2022-04-26 21:33:12.768492+02
1420|1651014590.190309|2022-04-27 01:09:50.190309+02|2F/914D57F8|13|7|5042942|464|13565013|1919517|19155|100396012|0|732171002|2022-04-26 21:33:12.768492+02
1421|1651014591.215999|2022-04-27 01:09:51.215999+02|2F/92C0CDA0|13|7|5042942|464|13565013|1920017|19160|100443564|0|732212528|2022-04-26 21:33:12.768492+02
1422|1651014592.242366|2022-04-27 01:09:52.242366+02|2F/943B5BD8|13|7|5042942|464|13565013|1920517|19165|100495540|0|732253878|2022-04-26 21:33:12.768492+02
1423|1651014593.268528|2022-04-27 01:09:53.268528+02|2F/9574FDE0|13|7|5042942|464|13565013|1921117|19171|100536613|0|732295921|2022-04-26 21:33:12.768492+02
1424|1651014594.295334|2022-04-27 01:09:54.295334+02|2F/96DEB660|13|7|5042942|464|13565013|1921617|19176|100587298|0|732336166|2022-04-26 21:33:12.768492+02
1425|1651014595.321137|2022-04-27 01:09:55.321137+02|2F/9810E058|13|7|5042942|464|13565013|1922117|19181|100636388|0|732377135|2022-04-26 21:33:12.768492+02
1426|1651014596.347116|2022-04-27 01:09:56.347116+02|2F/993B9F20|13|7|5042942|464|13565013|1922617|19186|100684543|0|732417081|2022-04-26 21:33:12.768492+02
1427|1651014597.373173|2022-04-27 01:09:57.373173+02|2F/9A6C9418|13|7|5042942|464|13565013|1923117|19191|100733640|0|732458070|2022-04-26 21:33:12.768492+02
1428|1651014598.399316|2022-04-27 01:09:58.399316+02|2F/9BA69C60|13|7|5042942|464|13565013|1923617|19196|100783961|0|732500182|2022-04-26 21:33:12.768492+02
1429|1651014599.426759|2022-04-27 01:09:59.426759+02|2F/9CDC5B90|13|7|5042942|464|13565013|1924117|19201|100838802|0|732541842|2022-04-26 21:33:12.768492+02
1430|1651014600.453813|2022-04-27 01:10:00.453813+02|2F/9E025248|13|7|5042942|464|13565013|1924617|19206|100886633|0|732581509|2022-04-26 21:33:12.768492+02
1431|1651014601.480239|2022-04-27 01:10:01.480239+02|2F/9F3AB8A8|13|7|5042942|464|13565013|1925117|19211|100936647|0|732623116|2022-04-26 21:33:12.768492+02
1432|1651014602.506636|2022-04-27 01:10:02.506636+02|2F/A06A1578|13|7|5042942|464|13565013|1925617|19216|100985575|0|732663825|2022-04-26 21:33:12.768492+02
1433|1651014603.533434|2022-04-27 01:10:03.533434+02|2F/A1A176D0|13|7|5042942|464|13565013|1926217|19222|101035094|0|732713763|2022-04-26 21:33:12.768492+02
1434|1651014604.559832|2022-04-27 01:10:04.559832+02|2F/A2D16318|13|7|5042942|464|13565013|1926717|19227|101089161|0|732754872|2022-04-26 21:33:12.768492+02
1435|1651014605.586557|2022-04-27 01:10:05.586557+02|2F/A407FE50|13|7|5042942|464|13565013|1927217|19232|101138687|0|732796182|2022-04-26 21:33:12.768492+02
1436|1651014606.613688|2022-04-27 01:10:06.613688+02|2F/A542ECB0|13|7|5042942|464|13565013|1927717|19237|101188933|0|732838135|2022-04-26 21:33:12.768492+02
1437|1651014607.640025|2022-04-27 01:10:07.640025+02|2F/A681BD40|13|7|5042942|464|13565013|1928217|19242|101239759|0|732880681|2022-04-26 21:33:12.768492+02
1438|1651014608.667383|2022-04-27 01:10:08.667383+02|2F/A7BBF1F8|13|7|5042942|464|13565017|1928717|19247|101294837|0|732922621|2022-04-26 21:33:12.768492+02
1439|1651014609.693911|2022-04-27 01:10:09.693911+02|2F/A8DA70F8|13|7|5042942|464|13565017|1929217|19252|101341383|0|732960837|2022-04-26 21:33:12.768492+02
1440|1651014610.719873|2022-04-27 01:10:10.719873+02|2F/AA1696B0|13|7|5042942|464|13565017|1929717|19257|101391960|0|733003488|2022-04-26 21:33:12.768492+02
1441|1651014611.746584|2022-04-27 01:10:11.746584+02|2F/AB36E0A0|13|7|5042942|464|13565017|1930217|19262|101438744|0|733042319|2022-04-26 21:33:12.768492+02
1442|1651014612.773851|2022-04-27 01:10:12.773851+02|2F/AC73B0C0|13|7|5042942|464|13565017|1930817|19268|101489278|0|733093450|2022-04-26 21:33:12.768492+02
1443|1651014613.800562|2022-04-27 01:10:13.800562+02|2F/ADAD2DC8|13|7|5042942|464|13565017|1931317|19273|101544729|0|733135404|2022-04-26 21:33:12.768492+02
1444|1651014614.827894|2022-04-27 01:10:14.827894+02|2F/AEEB5980|13|7|5042942|464|13565017|1931817|19278|101595441|0|733177895|2022-04-26 21:33:12.768492+02
1445|1651014615.854794|2022-04-27 01:10:15.854794+02|2F/B0249E38|13|7|5042942|464|13565017|1932317|19283|101645753|0|733220045|2022-04-26 21:33:12.768492+02
1446|1651014616.881920|2022-04-27 01:10:16.88192+02|2F/B15B2FC0|13|7|5042942|464|13565017|1932817|19288|101695261|0|733261387|2022-04-26 21:33:12.768492+02
1447|1651014617.909703|2022-04-27 01:10:17.909703+02|2F/B27EA6B8|13|7|5042942|464|13565017|1933317|19293|101746951|0|733300033|2022-04-26 21:33:12.768492+02
1448|1651014618.936022|2022-04-27 01:10:18.936022+02|2F/B3B6C730|13|7|5042942|464|13565017|1933817|19298|101797209|0|733342244|2022-04-26 21:33:12.768492+02
1449|1651014619.962984|2022-04-27 01:10:19.962984+02|2F/B4EBCC50|13|7|5042942|464|13565017|1934317|19303|101845214|0|733383567|2022-04-26 21:33:12.768492+02
1450|1651014620.989307|2022-04-27 01:10:20.989307+02|2F/B6163358|13|7|5042942|464|13565017|1934817|19308|101893775|0|733424406|2022-04-26 21:33:12.768492+02
1451|1651014622.015304|2022-04-27 01:10:22.015304+02|2F/B7455980|13|7|5042942|464|13565017|1935417|19314|101942372|0|733472843|2022-04-26 21:33:12.768492+02
1452|1651014623.040845|2022-04-27 01:10:23.040845+02|2F/B872AA20|13|7|5042942|464|13565017|1935917|19319|101995839|0|733513172|2022-04-26 21:33:12.768492+02
1453|1651014624.067517|2022-04-27 01:10:24.067517+02|2F/B9A120E8|13|7|5042942|464|13565017|1936417|19324|102044709|0|733553861|2022-04-26 21:33:12.768492+02
1454|1651014625.094786|2022-04-27 01:10:25.094786+02|2F/BACCF2E8|13|7|5042942|464|13565017|1936917|19329|102093364|0|733594055|2022-04-26 21:33:12.768492+02
1455|1651014626.121842|2022-04-27 01:10:26.121842+02|2F/BBFF73D0|13|7|5042942|464|13565017|1937417|19334|102141738|0|733634432|2022-04-26 21:33:12.768492+02
1456|1651014627.148247|2022-04-27 01:10:27.148247+02|2F/BD33BB88|13|7|5042942|464|13565017|1937917|19339|102196254|0|733676021|2022-04-26 21:33:12.768492+02
1457|1651014628.174319|2022-04-27 01:10:28.174319+02|2F/BE50B738|13|7|5042942|464|13565017|1938417|19344|102242436|0|733713753|2022-04-26 21:33:12.768492+02
1458|1651014629.200101|2022-04-27 01:10:29.200101+02|2F/BF8B1CD8|13|7|5042942|464|13565017|1938917|19349|102292996|0|733756353|2022-04-26 21:33:12.768492+02
1459|1651014630.226962|2022-04-27 01:10:30.226962+02|2F/C08B7270|13|7|5042942|464|13565017|1939417|19354|102335298|0|733790698|2022-04-26 21:33:12.768492+02
1460|1651014631.252971|2022-04-27 01:10:31.252971+02|2F/C1BF6A28|13|7|5042942|464|13565017|1939917|19359|102384477|0|733831839|2022-04-26 21:33:12.768492+02
1461|1651014632.278501|2022-04-27 01:10:32.278501+02|2F/C2F01830|13|7|5042942|464|13565017|1940517|19365|102438491|0|733880688|2022-04-26 21:33:12.768492+02
1462|1651014633.304623|2022-04-27 01:10:33.304623+02|2F/C425FB68|13|7|5042942|464|13565017|1941017|19370|102488512|0|733922363|2022-04-26 21:33:12.768492+02
1463|1651014634.330843|2022-04-27 01:10:34.330843+02|2F/C54DBD98|13|7|5042942|464|13565017|1941517|19375|102536379|0|733961976|2022-04-26 21:33:12.768492+02
1464|1651014635.357550|2022-04-27 01:10:35.35755+02|2F/C673D728|13|7|5042942|464|13565017|1942017|19380|102583447|0|734000909|2022-04-26 21:33:12.768492+02
1465|1651014636.385038|2022-04-27 01:10:36.385038+02|2F/C793E0D8|13|7|5042942|464|13565017|1942517|19385|102635052|0|734039738|2022-04-26 21:33:12.768492+02
1466|1651014637.411490|2022-04-27 01:10:37.41149+02|2F/C8C89C90|13|7|5042942|464|13565017|1943017|19390|102684513|0|734080915|2022-04-26 21:33:12.768492+02
1467|1651014638.437610|2022-04-27 01:10:38.43761+02|2F/C9EDE100|13|7|5042942|464|13565017|1943517|19395|102732155|0|734120559|2022-04-26 21:33:12.768492+02
1468|1651014639.464663|2022-04-27 01:10:39.464663+02|2F/CB0D7F20|13|7|5042942|464|13565017|1944017|19400|102778670|0|734158986|2022-04-26 21:33:12.768492+02
1469|1651014640.489482|2022-04-27 01:10:40.489482+02|2F/CC206F98|13|7|5042942|464|13565017|1944517|19405|102825905|0|734199052|2022-04-26 21:33:12.768492+02
1470|1651014641.514900|2022-04-27 01:10:41.5149+02|2F/CD3973E0|13|7|5042942|464|13565017|1945017|19410|102873718|0|734232830|2022-04-26 21:33:12.768492+02
1471|1651014642.541488|2022-04-27 01:10:42.541488+02|2F/CE6181A8|13|7|5042942|464|13565017|1945617|19416|102921991|0|734280745|2022-04-26 21:33:12.768492+02
1472|1651014643.568196|2022-04-27 01:10:43.568196+02|2F/CF9DF538|13|7|5042942|464|13565017|1946117|19421|102972470|0|734323069|2022-04-26 21:33:12.768492+02
1473|1651014644.593897|2022-04-27 01:10:44.593897+02|2F/D0D0DA68|13|7|5042942|464|13568638|1946617|19426|103023186|0|734364476|2022-04-26 21:33:12.768492+02
1474|1651014645.620017|2022-04-27 01:10:45.620017+02|2F/D1ECE888|13|7|5042942|464|13572559|1947117|19431|103070348|0|734402269|2022-04-26 21:33:12.768492+02
1475|1651014646.647094|2022-04-27 01:10:46.647094+02|2F/D2D85B60|13|7|5042942|464|13576505|1947617|19436|103110019|0|734433622|2022-04-26 21:33:12.768492+02
1476|1651014647.673356|2022-04-27 01:10:47.673356+02|2F/D4059000|13|7|5042942|464|13580524|1948117|19441|103160487|0|734474024|2022-04-26 21:33:12.768492+02
1477|1651014648.700241|2022-04-27 01:10:48.700241+02|2F/D52FC450|13|7|5042942|464|13584573|1948617|19446|103208770|0|734513614|2022-04-26 21:33:12.768492+02
1478|1651014649.726551|2022-04-27 01:10:49.726551+02|2F/D66621B0|13|7|5042942|464|13588578|1949117|19451|103259675|0|734554944|2022-04-26 21:33:12.768492+02
1479|1651014650.753279|2022-04-27 01:10:50.753279+02|2F/D79BDBE0|13|7|5042942|464|13592620|1949617|19456|103310162|0|734596307|2022-04-26 21:33:12.768492+02
1480|1651014651.780663|2022-04-27 01:10:51.780663+02|2F/D8CCD888|13|7|5042942|464|13596525|1950217|19462|103360314|0|734645340|2022-04-26 21:33:12.768492+02
1481|1651014652.807592|2022-04-27 01:10:52.807592+02|2F/D9FEBBC8|13|7|5042942|464|13600501|1950717|19467|103410500|0|734686266|2022-04-26 21:33:12.768492+02
1482|1651014653.834455|2022-04-27 01:10:53.834455+02|2F/DB3463C0|13|7|5042942|464|13604508|1951217|19472|103461337|0|734727875|2022-04-26 21:33:12.768492+02
1483|1651014654.861698|2022-04-27 01:10:54.861698+02|2F/DC6752E0|13|7|5042942|464|13608525|1951717|19477|103511773|0|734769042|2022-04-26 21:33:12.768492+02
1484|1651014655.888166|2022-04-27 01:10:55.888166+02|2F/DD9DF890|13|7|5042942|464|13612486|1952217|19482|103562507|0|734810783|2022-04-26 21:33:12.768492+02
1485|1651014656.913765|2022-04-27 01:10:56.913765+02|2F/DED611D8|13|7|5042942|464|13616512|1952717|19487|103614036|0|734852783|2022-04-26 21:33:12.768492+02
1486|1651014657.939377|2022-04-27 01:10:57.939377+02|2F/DFF053B0|13|7|5042942|464|13620520|1953217|19492|103660949|0|734891198|2022-04-26 21:33:12.768492+02
1487|1651014658.966797|2022-04-27 01:10:58.966797+02|2F/E12BFCC0|13|7|5042942|464|13624473|1953717|19497|103712307|0|734933084|2022-04-26 21:33:12.768492+02
1488|1651014659.993274|2022-04-27 01:10:59.993274+02|2F/E265E6F8|13|7|5042942|464|13628455|1954217|19502|103764315|0|734975813|2022-04-26 21:33:12.768492+02
1489|1651014661.019379|2022-04-27 01:11:01.019379+02|2F/E3A1C660|13|7|5042942|464|13632429|1954717|19507|103816682|0|735018587|2022-04-26 21:33:12.768492+02
1490|1651014662.047103|2022-04-27 01:11:02.047103+02|2F/E4D8B350|13|7|5042942|464|13636429|1955317|19513|103867418|0|735069081|2022-04-26 21:33:12.768492+02
1491|1651014663.074257|2022-04-27 01:11:03.074257+02|2F/E60EEEC8|13|7|5042942|464|13640410|1955817|19518|103918171|0|735110606|2022-04-26 21:33:12.768492+02
1492|1651014664.101837|2022-04-27 01:11:04.101837+02|2F/E7335A08|13|7|5042942|464|13644366|1956317|19523|103967252|0|735150181|2022-04-26 21:33:12.768492+02
1493|1651014665.129487|2022-04-27 01:11:05.129487+02|2F/E85C7A78|13|7|5042942|464|13648340|1956817|19528|104015634|0|735189524|2022-04-26 21:33:12.768492+02
1494|1651014666.155779|2022-04-27 01:11:06.155779+02|2F/E99759E8|13|7|5042942|464|13652300|1957317|19533|104067413|0|735232049|2022-04-26 21:33:12.768492+02
1495|1651014667.182938|2022-04-27 01:11:07.182938+02|2F/EAD25D70|13|7|5042942|464|13656283|1957817|19538|104119287|0|735274650|2022-04-26 21:33:12.768492+02
1496|1651014668.209258|2022-04-27 01:11:08.209258+02|2F/EC0F5198|13|7|5042942|464|13660315|1958317|19543|104171005|0|735317062|2022-04-26 21:33:12.768492+02
1497|1651014669.236415|2022-04-27 01:11:09.236415+02|2F/ED48D090|13|7|5042942|464|13664230|1958817|19548|104222889|0|735359383|2022-04-26 21:33:12.768492+02
1498|1651014670.262803|2022-04-27 01:11:10.262803+02|2F/EE80C760|13|7|5042942|464|13668124|1959317|19553|104274174|0|735401497|2022-04-26 21:33:12.768492+02
1499|1651014671.289375|2022-04-27 01:11:11.289375+02|2F/EFB86600|13|7|5042942|464|13672067|1959917|19559|104325236|0|735451850|2022-04-26 21:33:12.768492+02
1500|1651014672.315502|2022-04-27 01:11:12.315502+02|2F/F0E83358|13|7|5042942|464|13676059|1960417|19564|104374776|0|735492100|2022-04-26 21:33:12.768492+02
1501|1651014673.342071|2022-04-27 01:11:13.342071+02|2F/F21C3528|13|7|5042942|464|13680079|1960917|19569|104425753|0|735533697|2022-04-26 21:33:12.768492+02
1502|1651014674.368625|2022-04-27 01:11:14.368625+02|2F/F3553A68|13|7|5042942|464|13684037|1961417|19574|104476693|0|735575498|2022-04-26 21:33:12.768492+02
1503|1651014675.395330|2022-04-27 01:11:15.39533+02|2F/F46AE0A8|13|7|5042942|464|13687983|1961917|19579|104523418|0|735613284|2022-04-26 21:33:12.768492+02
1504|1651014676.422660|2022-04-27 01:11:16.42266+02|2F/F5A73128|13|7|5042942|464|13691927|1962417|19584|104574784|0|735655459|2022-04-26 21:33:12.768492+02
1505|1651014677.450308|2022-04-27 01:11:17.450308+02|2F/F6E3B750|13|7|5042942|464|13695889|1962917|19589|104626174|0|735697795|2022-04-26 21:33:12.768492+02
1506|1651014678.477144|2022-04-27 01:11:18.477144+02|2F/F8209788|13|7|5042942|464|13699834|1963417|19594|104677897|0|735740383|2022-04-26 21:33:12.768492+02
1507|1651014679.504418|2022-04-27 01:11:19.504418+02|2F/F9595DD8|13|7|5042942|464|13703764|1963917|19599|104728952|0|735782036|2022-04-26 21:33:12.768492+02
1508|1651014680.531445|2022-04-27 01:11:20.531445+02|2F/FA8F5790|13|7|5042942|464|13707718|1964417|19604|104780304|0|735824065|2022-04-26 21:33:12.768492+02
1509|1651014681.556331|2022-04-27 01:11:21.556331+02|2F/FBA82738|13|7|5042942|464|13711988|1965017|19610|104833146|0|735871759|2022-04-26 21:33:12.768492+02
1510|1651014682.583150|2022-04-27 01:11:22.58315+02|2F/FCDF3240|13|7|5042942|464|13715868|1965517|19615|104882721|0|735911843|2022-04-26 21:33:12.768492+02
1511|1651014683.609368|2022-04-27 01:11:23.609368+02|2F/FE1CFEB8|13|7|5042942|464|13719805|1966017|19620|104935027|0|735954671|2022-04-26 21:33:12.768492+02
1512|1651014684.636239|2022-04-27 01:11:24.636239+02|2F/FF590348|13|7|5042942|464|13723733|1966517|19625|104986215|0|735996852|2022-04-26 21:33:12.768492+02
1513|1651014685.663100|2022-04-27 01:11:25.6631+02|30/92CF00|13|7|5042942|464|13727639|1967017|19630|105037916|0|736039233|2022-04-26 21:33:12.768492+02
1514|1651014686.690633|2022-04-27 01:11:26.690633+02|30/1D1CA58|13|7|5042942|464|13731611|1967517|19635|105089874|0|736081717|2022-04-26 21:33:12.768492+02
1515|1651014687.717637|2022-04-27 01:11:27.717637+02|30/305FA38|13|7|5042942|464|13735553|1968017|19640|105140664|0|736123239|2022-04-26 21:33:12.768492+02
1516|1651014688.744008|2022-04-27 01:11:28.744008+02|30/43BF620|13|7|5042942|464|13739516|1968517|19645|105191645|0|736165098|2022-04-26 21:33:12.768492+02
1517|1651014689.770352|2022-04-27 01:11:29.770352+02|30/567A8B8|13|7|5042942|464|13743437|1969017|19650|105241383|0|736206996|2022-04-26 21:33:12.768492+02
1518|1651014690.796143|2022-04-27 01:11:30.796143+02|30/6A243F0|13|7|5042942|464|13747374|1969617|19656|105292606|0|736255993|2022-04-26 21:33:12.768492+02
1519|1651014691.822986|2022-04-27 01:11:31.822986+02|30/7D8FD28|13|7|5042942|464|13751335|1970117|19661|105343497|0|736297690|2022-04-26 21:33:12.768492+02
1520|1651014692.850755|2022-04-27 01:11:32.850755+02|30/8EF2278|13|7|5042942|464|13755213|1970617|19666|105389416|0|736334853|2022-04-26 21:33:12.768492+02
1521|1651014693.876844|2022-04-27 01:11:33.876844+02|30/A2B1F68|13|7|5042942|464|13759143|1971117|19671|105441133|0|736377220|2022-04-26 21:33:12.768492+02
1522|1651014694.892936|2022-04-27 01:11:34.892936+02|30/B649398|13|7|5042942|464|13761489|1971417|19674|105472191|0|736402723|2022-04-26 21:33:12.768492+02
1523|1651014695.919357|2022-04-27 01:11:35.919357+02|30/CA10C10|13|7|5042942|464|13766972|1972117|19681|105544749|0|736462349|2022-04-26 21:33:12.768492+02
1524|1651014696.946326|2022-04-27 01:11:36.946326+02|30/DD89EF0|13|7|5042942|464|13770873|1972617|19686|105595878|0|736504277|2022-04-26 21:33:12.768492+02
1525|1651014697.972850|2022-04-27 01:11:37.97285+02|30/F11AC00|13|7|5042942|464|13774776|1973117|19691|105647177|0|736546170|2022-04-26 21:33:12.768492+02
1526|1651014698.999177|2022-04-27 01:11:38.999177+02|30/10376F20|13|7|5042942|464|13778719|1973617|19696|105696212|0|736586465|2022-04-26 21:33:12.768492+02
1527|1651014700.025813|2022-04-27 01:11:40.025813+02|30/116123E8|13|7|5042942|464|13782569|1974117|19701|105744719|0|736625474|2022-04-26 21:33:12.768492+02
1528|1651014701.052220|2022-04-27 01:11:41.05222+02|30/129D86B8|13|7|5042942|464|13786467|1974717|19707|105796771|0|736676853|2022-04-26 21:33:12.768492+02
1529|1651014702.078752|2022-04-27 01:11:42.078752+02|30/13D9F090|13|7|5042942|464|13790356|1975217|19712|105848707|0|736719632|2022-04-26 21:33:12.768492+02
1530|1651014703.104980|2022-04-27 01:11:43.10498+02|30/1515BC88|13|7|5042942|464|13794248|1975717|19717|105900206|0|736761980|2022-04-26 21:33:12.768492+02
1531|1651014704.130502|2022-04-27 01:11:44.130502+02|30/1650EF58|13|7|5042942|464|13798209|1976217|19722|105951914|0|736804419|2022-04-26 21:33:12.768492+02
1532|1651014705.156757|2022-04-27 01:11:45.156757+02|30/17899E50|13|7|5042942|464|13802014|1976717|19727|106003171|0|736846400|2022-04-26 21:33:12.768492+02
1533|1651014706.183006|2022-04-27 01:11:46.183006+02|30/18C5FEE0|13|7|5042942|464|13805935|1977217|19732|106054725|0|736888802|2022-04-26 21:33:12.768492+02
1534|1651014707.208968|2022-04-27 01:11:47.208968+02|30/19F73218|13|7|5042942|464|13809848|1977717|19737|106104645|0|736930169|2022-04-26 21:33:12.768492+02
1535|1651014708.235741|2022-04-27 01:11:48.235741+02|30/1B341B70|13|7|5042942|464|13813753|1978217|19742|106156571|0|736972486|2022-04-26 21:33:12.768492+02
1536|1651014709.262681|2022-04-27 01:11:49.262681+02|30/1C6DC190|13|7|5042942|464|13817666|1978717|19747|106207897|0|737014442|2022-04-26 21:33:12.768492+02
1537|1651014710.288277|2022-04-27 01:11:50.288277+02|30/1D7D5058|13|7|5042942|464|13821563|1979217|19752|106253187|0|737050520|2022-04-26 21:33:12.768492+02
1538|1651014711.315283|2022-04-27 01:11:51.315283+02|30/1EBD3A70|13|7|5042942|464|13825441|1979817|19758|106304698|0|737101580|2022-04-26 21:33:12.768492+02
1539|1651014712.341461|2022-04-27 01:11:52.341461+02|30/1FF9F588|13|7|5042942|464|13829297|1980317|19763|106356805|0|737144455|2022-04-26 21:33:12.768492+02
1540|1651014713.368327|2022-04-27 01:11:53.368327+02|30/213882F0|13|7|5042942|464|13833179|1980817|19768|106408879|0|737187294|2022-04-26 21:33:12.768492+02
1541|1651014714.394492|2022-04-27 01:11:54.394492+02|30/227109A0|13|7|5042942|464|13837067|1981317|19773|106459842|0|737229191|2022-04-26 21:33:12.768492+02
1542|1651014715.421173|2022-04-27 01:11:55.421173+02|30/23834DB0|13|7|5042942|464|13840898|1981817|19778|106505831|0|737267805|2022-04-26 21:33:12.768492+02
1543|1651014716.447599|2022-04-27 01:11:56.447599+02|30/24C00000|13|7|5042942|464|13844822|1982317|19783|106557633|0|737308376|2022-04-26 21:33:12.768492+02
1544|1651014717.474050|2022-04-27 01:11:57.47405+02|30/25FA77F0|13|7|5042942|464|13848688|1982817|19788|106609222|0|737350927|2022-04-26 21:33:12.768492+02
1545|1651014718.501000|2022-04-27 01:11:58.501+02|30/2737C678|13|7|5042942|464|13852564|1983317|19793|106661265|0|737393965|2022-04-26 21:33:12.768492+02
1546|1651014719.527625|2022-04-27 01:11:59.527625+02|30/287277B8|13|7|5042942|464|13856493|1983817|19798|106712532|0|737435965|2022-04-26 21:33:12.768492+02
1547|1651014720.555379|2022-04-27 01:12:00.555379+02|30/29AC81E8|13|7|5042942|464|13860381|1984317|19803|106764092|0|737478195|2022-04-26 21:33:12.768492+02
1548|1651014721.582892|2022-04-27 01:12:01.582892+02|30/2AE4AF38|13|7|5042942|464|13864190|1984917|19809|106815139|0|737528665|2022-04-26 21:33:12.768492+02
1549|1651014722.610159|2022-04-27 01:12:02.610159+02|30/2C1DE4C0|13|7|5042942|464|13868021|1985417|19814|106866789|0|737571017|2022-04-26 21:33:12.768492+02
1550|1651014723.636397|2022-04-27 01:12:03.636397+02|30/2D4FF940|13|7|5042942|464|13871881|1985917|19819|106917149|0|737612202|2022-04-26 21:33:12.768492+02
1551|1651014724.661911|2022-04-27 01:12:04.661911+02|30/2E7E6418|13|7|5042942|464|13875743|1986417|19824|106967171|0|737653144|2022-04-26 21:33:12.768492+02
1552|1651014725.689004|2022-04-27 01:12:05.689004+02|30/2FB37120|13|7|5042942|464|13879620|1986917|19829|107018022|0|737694823|2022-04-26 21:33:12.768492+02
1553|1651014726.714217|2022-04-27 01:12:06.714217+02|30/30D92D30|13|7|5042942|464|13883464|1987417|19834|107067601|0|737735671|2022-04-26 21:33:12.768492+02
1554|1651014727.740142|2022-04-27 01:12:07.740142+02|30/31F500C8|13|7|5042942|464|13887342|1987917|19839|107113530|0|737771875|2022-04-26 21:33:12.768492+02
1555|1651014728.766691|2022-04-27 01:12:08.766691+02|30/3333ED80|13|7|5042942|464|13891133|1988417|19844|107165548|0|737814694|2022-04-26 21:33:12.768492+02
1556|1651014729.793488|2022-04-27 01:12:09.793488+02|30/346EA440|13|7|5042942|464|13894962|1988917|19849|107217220|0|737857215|2022-04-26 21:33:12.768492+02
1557|1651014730.820349|2022-04-27 01:12:10.820349+02|30/35A4E050|13|7|5042942|464|13898782|1989517|19855|107268297|0|737907636|2022-04-26 21:33:12.768492+02
1558|1651014731.847175|2022-04-27 01:12:11.847175+02|30/36DE1EC0|13|7|5042942|464|13902660|1990017|19860|107319771|0|737949551|2022-04-26 21:33:12.768492+02
1559|1651014732.871438|2022-04-27 01:12:12.871438+02|30/37FEF258|13|7|5042942|464|13906486|1990517|19865|107368497|0|737989170|2022-04-26 21:33:12.768492+02
1560|1651014733.896705|2022-04-27 01:12:13.896705+02|30/392C6858|13|7|5042942|464|13910363|1991017|19870|107416923|0|738028759|2022-04-26 21:33:12.768492+02
1561|1651014734.923060|2022-04-27 01:12:14.92306+02|30/3A69FEB0|13|7|5042942|464|13914246|1991517|19875|107469191|0|738071607|2022-04-26 21:33:12.768492+02
1562|1651014735.949644|2022-04-27 01:12:15.949644+02|30/3BA6C488|13|7|5042942|464|13918078|1992017|19880|107520990|0|738114135|2022-04-26 21:33:12.768492+02
1563|1651014736.976672|2022-04-27 01:12:16.976672+02|30/3CE37C88|13|7|5042942|464|13921915|1992517|19885|107572916|0|738156956|2022-04-26 21:33:12.768492+02
1564|1651014738.004069|2022-04-27 01:12:18.004069+02|30/3E1FFF80|13|7|5042942|464|13925810|1993017|19890|107624841|0|738199646|2022-04-26 21:33:12.768492+02
1565|1651014739.030058|2022-04-27 01:12:19.030058+02|30/3F58C5F8|13|7|5042942|464|13929703|1993517|19895|107676138|0|738241719|2022-04-26 21:33:12.768492+02
1566|1651014740.057282|2022-04-27 01:12:20.057282+02|30/408FFC08|13|7|5042942|464|13933573|1994017|19900|107727934|0|738283950|2022-04-26 21:33:12.768492+02
1567|1651014741.083315|2022-04-27 01:12:21.083315+02|30/41C66298|13|7|5042942|464|13937409|1994617|19906|107779007|0|738334538|2022-04-26 21:33:12.768492+02
1568|1651014742.109993|2022-04-27 01:12:22.109993+02|30/42F90E88|13|7|5042942|464|13941258|1995117|19911|107829129|0|738375586|2022-04-26 21:33:12.768492+02
1569|1651014743.135652|2022-04-27 01:12:23.135652+02|30/4431D718|13|7|5042942|464|13945064|1995617|19916|107880226|0|738417597|2022-04-26 21:33:12.768492+02
1570|1651014744.158351|2022-04-27 01:12:24.158351+02|30/454ECB50|13|7|5042942|464|13948896|1996117|19921|107930896|0|738459316|2022-04-26 21:33:12.768492+02
1571|1651014745.183837|2022-04-27 01:12:25.183837+02|30/467FFB98|13|7|5042942|464|13952676|1996617|19926|107977202|0|738496721|2022-04-26 21:33:12.768492+02
1572|1651014746.210223|2022-04-27 01:12:26.210223+02|30/47BE4F90|13|7|5042942|464|13956468|1997117|19931|108029103|0|738539586|2022-04-26 21:33:12.768492+02
1573|1651014747.237774|2022-04-27 01:12:27.237774+02|30/48FB4230|13|7|5042942|464|13960273|1997617|19936|108081216|0|738582406|2022-04-26 21:33:12.768492+02
1574|1651014748.264192|2022-04-27 01:12:28.264192+02|30/4A311F90|13|7|5042942|464|13964104|1998117|19941|108132311|0|738624553|2022-04-26 21:33:12.768492+02
1575|1651014749.290739|2022-04-27 01:12:29.290739+02|30/4B6BF930|13|7|5042942|464|13967920|1998617|19946|108184077|0|738666738|2022-04-26 21:33:12.768492+02
1576|1651014750.314326|2022-04-27 01:12:30.314326+02|30/4C844EE8|13|7|5042942|464|13971777|1999117|19951|108233275|0|738707242|2022-04-26 21:33:12.768492+02
1577|1651014751.339418|2022-04-27 01:12:31.339418+02|30/4DBAA190|13|7|5042942|464|13975610|1999717|19957|108282382|0|738755142|2022-04-26 21:33:12.768492+02
1578|1651014752.366784|2022-04-27 01:12:32.366784+02|30/4EF7B020|13|7|5042942|464|13979432|2000217|19962|108334511|0|738797896|2022-04-26 21:33:12.768492+02
1579|1651014753.392440|2022-04-27 01:12:33.39244+02|30/503599F0|13|7|5042942|464|13983292|2000717|19967|108386726|0|738841050|2022-04-26 21:33:12.768492+02
1580|1651014754.418144|2022-04-27 01:12:34.418144+02|30/51711C30|13|7|5042942|464|13987050|2001217|19972|108438265|0|738883293|2022-04-26 21:33:12.768492+02
1581|1651014755.444183|2022-04-27 01:12:35.444183+02|30/52AEF260|13|7|5042942|464|13990886|2001717|19977|108487767|0|738926032|2022-04-26 21:33:12.768492+02
1582|1651014756.471349|2022-04-27 01:12:36.471349+02|30/53ED1608|13|7|5042942|464|13994727|2002217|19982|108536080|0|738967804|2022-04-26 21:33:12.768492+02
1583|1651014757.499547|2022-04-27 01:12:37.499547+02|30/55330F18|13|7|5042942|464|13998548|2002717|19987|108584555|0|739009762|2022-04-26 21:33:12.768492+02
1584|1651014758.526664|2022-04-27 01:12:38.526664+02|30/567DFDE8|13|7|5042942|464|14002335|2003217|19992|108632047|0|739051123|2022-04-26 21:33:12.768492+02
1585|1651014759.554202|2022-04-27 01:12:39.554202+02|30/57CAC578|13|7|5042942|464|14006158|2003717|19997|108679292|0|739092315|2022-04-26 21:33:12.768492+02
1586|1651014760.581925|2022-04-27 01:12:40.581925+02|30/592289A8|13|7|5042942|464|14009933|2004317|20003|108727587|0|739142424|2022-04-26 21:33:12.768492+02
1587|1651014761.610044|2022-04-27 01:12:41.610044+02|30/5A5FF728|13|7|5042942|464|14013661|2004817|20008|108776642|0|739180004|2022-04-26 21:33:12.768492+02
1588|1651014762.636158|2022-04-27 01:12:42.636158+02|30/5BC9F308|13|7|5042942|464|14017437|2005317|20013|108829804|0|739222378|2022-04-26 21:33:12.768492+02
1589|1651014763.662751|2022-04-27 01:12:43.662751+02|30/5D3D2E58|13|7|5042942|464|14021230|2005817|20018|108883473|0|739264824|2022-04-26 21:33:12.768492+02
1590|1651014764.690194|2022-04-27 01:12:44.690194+02|30/5EB2FF28|13|7|5042942|464|14025046|2006317|20023|108938149|0|739307628|2022-04-26 21:33:12.768492+02
1591|1651014765.716118|2022-04-27 01:12:45.716118+02|30/602B6228|13|7|5042942|464|14028896|2006817|20028|108990944|0|739349134|2022-04-26 21:33:12.768492+02
1592|1651014766.742801|2022-04-27 01:12:46.742801+02|30/61A97E50|13|7|5042942|464|14033029|2007317|20033|109049952|0|739390864|2022-04-26 21:33:12.768492+02
1593|1651014767.769586|2022-04-27 01:12:47.769586+02|30/62FC1898|13|7|5042942|464|14036842|2007817|20038|109098374|0|739427672|2022-04-26 21:33:12.768492+02
1594|1651014768.796695|2022-04-27 01:12:48.796695+02|30/6482A950|13|7|5042942|464|14040656|2008317|20043|109147592|0|739469678|2022-04-26 21:33:12.768492+02
1595|1651014769.823694|2022-04-27 01:12:49.823694+02|30/65EBFBA8|13|7|5042942|464|14044485|2008817|20048|109197806|0|739512201|2022-04-26 21:33:12.768492+02
1596|1651014770.850632|2022-04-27 01:12:50.850632+02|30/6724FC00|13|7|5042942|464|14048286|2009417|20054|109249396|0|739563104|2022-04-26 21:33:12.768492+02
1597|1651014771.878044|2022-04-27 01:12:51.878044+02|30/685F1A68|13|7|5042942|464|14052029|2009917|20059|109300944|0|739605626|2022-04-26 21:33:12.768492+02
1598|1651014772.905599|2022-04-27 01:12:52.905599+02|30/6994D978|13|7|5042942|464|14055790|2010417|20064|109352105|0|739647501|2022-04-26 21:33:12.768492+02
1599|1651014773.931993|2022-04-27 01:12:53.931993+02|30/6ACC35C8|13|7|5042942|464|14059545|2010917|20069|109402977|0|739689359|2022-04-26 21:33:12.768492+02
1600|1651014774.958337|2022-04-27 01:12:54.958337+02|30/6C04C5C0|13|7|5042942|464|14063395|2011417|20074|109454086|0|739731068|2022-04-26 21:33:12.768492+02
1601|1651014775.984613|2022-04-27 01:12:55.984613+02|30/6D311258|13|7|5042942|464|14067189|2011917|20079|109504004|0|739771967|2022-04-26 21:33:12.768492+02
1602|1651014777.011131|2022-04-27 01:12:57.011131+02|30/6E6566B8|13|7|5042942|464|14070984|2012417|20084|109554988|0|739813725|2022-04-26 21:33:12.768492+02
1603|1651014778.037525|2022-04-27 01:12:58.037525+02|30/6F9AFF50|13|7|5042942|464|14074777|2012917|20089|109606268|0|739856368|2022-04-26 21:33:12.768492+02
1604|1651014779.063787|2022-04-27 01:12:59.063787+02|30/70B2AEE8|13|7|5042942|464|14078540|2013417|20094|109652773|0|739893620|2022-04-26 21:33:12.768492+02
1605|1651014780.091128|2022-04-27 01:13:00.091128+02|30/71ECBB18|13|7|5042942|464|14082270|2014017|20100|109704306|0|739944650|2022-04-26 21:33:12.768492+02
1606|1651014781.117017|2022-04-27 01:13:01.117017+02|30/7325CDF8|13|7|5042942|464|14086058|2014517|20105|109756280|0|739987456|2022-04-26 21:33:12.768492+02
1607|1651014782.143480|2022-04-27 01:13:02.14348+02|30/745A8530|13|7|5042942|464|14089851|2015017|20110|109807298|0|740029323|2022-04-26 21:33:12.768492+02
1608|1651014783.170285|2022-04-27 01:13:03.170285+02|30/758FFBD8|13|7|5042942|464|14093577|2015517|20115|109858911|0|740071503|2022-04-26 21:33:12.768492+02
1609|1651014784.194951|2022-04-27 01:13:04.194951+02|30/76B1B1C8|13|7|5042942|464|14097274|2016017|20120|109907518|0|740111655|2022-04-26 21:33:12.768492+02
1610|1651014785.221071|2022-04-27 01:13:05.221071+02|30/77D52560|13|7|5042942|464|14101052|2016517|20125|109955735|0|740150210|2022-04-26 21:33:12.768492+02
1611|1651014786.248337|2022-04-27 01:13:06.248337+02|30/790E7510|13|7|5042942|464|14104825|2017017|20130|110007338|0|740192553|2022-04-26 21:33:12.768492+02
1612|1651014787.275234|2022-04-27 01:13:07.275234+02|30/7A4813B0|13|7|5042942|464|14108586|2017517|20135|110059035|0|740235179|2022-04-26 21:33:12.768492+02
1613|1651014788.302293|2022-04-27 01:13:08.302293+02|30/7B7FC558|13|7|5042942|464|14112332|2018017|20140|110110784|0|740277462|2022-04-26 21:33:12.768492+02
1614|1651014789.329015|2022-04-27 01:13:09.329015+02|30/7CB79F88|13|7|5042942|464|14116105|2018517|20145|110161926|0|740319868|2022-04-26 21:33:12.768492+02
1615|1651014790.355857|2022-04-27 01:13:10.355857+02|30/7DEE5978|13|7|5042942|464|14119843|2019117|20151|110213011|0|740370044|2022-04-26 21:33:12.768492+02
1616|1651014791.382436|2022-04-27 01:13:11.382436+02|30/7F22E388|13|7|5042942|464|14123581|2019617|20156|110264280|0|740412270|2022-04-26 21:33:12.768492+02
1617|1651014792.408765|2022-04-27 01:13:12.408765+02|30/8045ED60|13|7|5042942|464|14127339|2020117|20161|110312975|0|740451889|2022-04-26 21:33:12.768492+02
1618|1651014793.436204|2022-04-27 01:13:13.436204+02|30/817D3BF8|13|7|5042942|464|14131106|2020617|20166|110363690|0|740493568|2022-04-26 21:33:12.768492+02
1619|1651014794.463310|2022-04-27 01:13:14.46331+02|30/82ADA778|13|7|5042942|464|14134857|2021117|20171|110413941|0|740534945|2022-04-26 21:33:12.768492+02
1620|1651014795.490403|2022-04-27 01:13:15.490403+02|30/83E219D0|13|7|5042942|464|14138570|2021617|20176|110465395|0|740577557|2022-04-26 21:33:12.768492+02
1621|1651014796.517635|2022-04-27 01:13:16.517635+02|30/850CFD20|13|7|5042942|464|14142311|2022117|20181|110514442|0|740617285|2022-04-26 21:33:12.768492+02
1622|1651014797.544026|2022-04-27 01:13:17.544026+02|30/86467B90|13|7|5042942|464|14146046|2022617|20186|110566095|0|740659956|2022-04-26 21:33:12.768492+02
1623|1651014798.570639|2022-04-27 01:13:18.570639+02|30/877DA598|13|7|5042942|464|14149806|2023117|20191|110618096|0|740702370|2022-04-26 21:33:12.768492+02
1624|1651014799.597264|2022-04-27 01:13:19.597264+02|30/88AFF960|13|7|5042942|464|14153560|2023717|20197|110668826|0|740752682|2022-04-26 21:33:12.768492+02
1625|1651014800.623754|2022-04-27 01:13:20.623754+02|30/89E581C0|13|7|5042942|464|14157285|2024217|20202|110720290|0|740794821|2022-04-26 21:33:12.768492+02
1626|1651014801.650346|2022-04-27 01:13:21.650346+02|30/8AFFFF00|13|7|5042942|464|14161045|2024717|20207|110767926|0|740833440|2022-04-26 21:33:12.768492+02
1627|1651014802.676583|2022-04-27 01:13:22.676583+02|30/8C2510D8|13|7|5042942|464|14164683|2025217|20212|110816516|0|740873063|2022-04-26 21:33:12.768492+02
1628|1651014803.703091|2022-04-27 01:13:23.703091+02|30/8D603D70|13|7|5042942|464|14168405|2025717|20217|110868763|0|740916060|2022-04-26 21:33:12.768492+02
1629|1651014804.729882|2022-04-27 01:13:24.729882+02|30/8E9DA508|13|7|5042942|464|14172082|2026217|20222|110920407|0|740958714|2022-04-26 21:33:12.768492+02
1630|1651014805.757225|2022-04-27 01:13:25.757225+02|30/8FD98520|13|7|5042942|464|14175749|2026717|20227|110972546|0|741001610|2022-04-26 21:33:12.768492+02
1631|1651014806.784286|2022-04-27 01:13:26.784286+02|30/9114AF98|13|7|5042942|464|14179556|2027217|20232|111024575|0|741044631|2022-04-26 21:33:12.768492+02
1632|1651014807.811111|2022-04-27 01:13:27.811111+02|30/924BC920|13|7|5042942|464|14183210|2027717|20237|111075834|0|741086756|2022-04-26 21:33:12.768492+02
1633|1651014808.838474|2022-04-27 01:13:28.838474+02|30/93843FD0|13|7|5042942|464|14186945|2028217|20242|111127478|0|741129340|2022-04-26 21:33:12.768492+02
1634|1651014809.864836|2022-04-27 01:13:29.864836+02|30/94AC9D78|13|7|5042942|464|14190669|2028817|20248|111176618|0|741178016|2022-04-26 21:33:12.768492+02
1635|1651014810.891552|2022-04-27 01:13:30.891552+02|30/95E37420|13|7|5042942|464|14194356|2029317|20253|111228073|0|741220328|2022-04-26 21:33:12.768492+02
1636|1651014811.918097|2022-04-27 01:13:31.918097+02|30/971ABBC0|13|7|5042942|464|14198107|2029817|20258|111279024|0|741262262|2022-04-26 21:33:12.768492+02
1637|1651014812.943544|2022-04-27 01:13:32.943544+02|30/9847E810|13|7|5042942|464|14201874|2030317|20263|111329801|0|741303775|2022-04-26 21:33:12.768492+02
1638|1651014813.970078|2022-04-27 01:13:33.970078+02|30/997D9340|13|7|5042942|464|14205565|2030817|20268|111380208|0|741345374|2022-04-26 21:33:12.768492+02
1639|1651014814.986623|2022-04-27 01:13:34.986623+02|30/9AB53E08|13|7|5042942|464|14207759|2031117|20271|111411338|0|741370964|2022-04-26 21:33:12.768492+02
1640|1651014816.013226|2022-04-27 01:13:36.013226+02|30/9BF15DB8|13|7|5042942|464|14212934|2031817|20278|111484193|0|741430880|2022-04-26 21:33:12.768492+02
1641|1651014817.040767|2022-04-27 01:13:37.040767+02|30/9D2B5088|13|7|5042942|464|14216661|2032317|20283|111536124|0|741473604|2022-04-26 21:33:12.768492+02
1642|1651014818.067765|2022-04-27 01:13:38.067765+02|30/9E623E00|13|7|5042942|464|14220376|2032817|20288|111587666|0|741515909|2022-04-26 21:33:12.768492+02
1643|1651014819.093941|2022-04-27 01:13:39.093941+02|30/9F76CD58|13|7|5042942|464|14224061|2033317|20293|111634699|0|741554563|2022-04-26 21:33:12.768492+02
1644|1651014820.119977|2022-04-27 01:13:40.119977+02|30/A0A6B6B0|13|7|5042942|464|14227782|2033917|20299|111684789|0|741603750|2022-04-26 21:33:12.768492+02
1645|1651014821.146201|2022-04-27 01:13:41.146201+02|30/A1DFFCC8|13|7|5042942|464|14231485|2034417|20304|111736699|0|741646272|2022-04-26 21:33:12.768492+02
1646|1651014822.172386|2022-04-27 01:13:42.172386+02|30/A31A4820|13|7|5042942|464|14235239|2034917|20309|111788733|0|741689197|2022-04-26 21:33:12.768492+02
1647|1651014823.199611|2022-04-27 01:13:43.199611+02|30/A454A320|13|7|5042942|464|14238937|2035417|20314|111840522|0|741731948|2022-04-26 21:33:12.768492+02
1648|1651014824.225443|2022-04-27 01:13:44.225443+02|30/A58ECE48|13|7|5042942|464|14242646|2035917|20319|111892853|0|741775102|2022-04-26 21:33:12.768492+02
1649|1651014825.251327|2022-04-27 01:13:45.251327+02|30/A6C7FFB0|13|7|5042942|464|14246356|2036417|20324|111944669|0|741817652|2022-04-26 21:33:12.768492+02
1650|1651014826.277417|2022-04-27 01:13:46.277417+02|30/A7FE9078|13|7|5042942|464|14250033|2036917|20329|111996320|0|741859855|2022-04-26 21:33:12.768492+02
1651|1651014827.303563|2022-04-27 01:13:47.303563+02|30/A932CE10|13|7|5042942|464|14253698|2037417|20334|112047048|0|741901839|2022-04-26 21:33:12.768492+02
1652|1651014828.330571|2022-04-27 01:13:48.330571+02|30/AA6A3458|13|7|5042942|464|14257436|2037917|20339|112098866|0|741944141|2022-04-26 21:33:12.768492+02
1653|1651014829.357671|2022-04-27 01:13:49.357671+02|30/AB9EB718|13|7|5042942|464|14261122|2038417|20344|112149742|0|741986302|2022-04-26 21:33:12.768492+02
1654|1651014830.384216|2022-04-27 01:13:50.384216+02|30/ACAFC608|13|7|5042942|464|14264796|2039017|20350|112195492|0|742031622|2022-04-26 21:33:12.768492+02
1655|1651014831.410408|2022-04-27 01:13:51.410408+02|30/ADE94CC0|13|7|5042942|464|14268466|2039517|20355|112247351|0|742074587|2022-04-26 21:33:12.768492+02
1656|1651014832.436661|2022-04-27 01:13:52.436661+02|30/AF24C2C8|13|7|5042942|464|14272098|2040017|20360|112299452|0|742117779|2022-04-26 21:33:12.768492+02
1657|1651014833.462725|2022-04-27 01:13:53.462725+02|30/B06054F8|13|7|5042942|464|14275787|2040517|20365|112351941|0|742160702|2022-04-26 21:33:12.768492+02
1658|1651014834.490188|2022-04-27 01:13:54.490188+02|30/B19A60A0|13|7|5042942|464|14279456|2041017|20370|112403416|0|742203088|2022-04-26 21:33:12.768492+02
1659|1651014835.515808|2022-04-27 01:13:55.515808+02|30/B2AF6508|13|7|5042942|464|14283472|2041517|20375|112455300|0|742241556|2022-04-26 21:33:12.768492+02
1660|1651014836.543138|2022-04-27 01:13:56.543138+02|30/B3E8B258|13|7|5042942|464|14287143|2042017|20380|112506956|0|742283277|2022-04-26 21:33:12.768492+02
1661|1651014837.570517|2022-04-27 01:13:57.570517+02|30/B524EA90|13|7|5042942|464|14290807|2042517|20385|112559496|0|742326460|2022-04-26 21:33:12.768492+02
1662|1651014838.596426|2022-04-27 01:13:58.596426+02|30/B6604928|13|7|5042942|464|14294532|2043017|20390|112611737|0|742369398|2022-04-26 21:33:12.768492+02
1663|1651014839.622814|2022-04-27 01:13:59.622814+02|30/B79D69B0|13|7|5042942|464|14298214|2043617|20396|112664164|0|742421273|2022-04-26 21:33:12.768492+02
1664|1651014840.649848|2022-04-27 01:14:00.649848+02|30/B8D824F8|13|7|5042942|464|14301881|2044117|20401|112716136|0|742464311|2022-04-26 21:33:12.768492+02
1665|1651014841.676901|2022-04-27 01:14:01.676901+02|30/BA0E1238|13|7|5042942|464|14305520|2044617|20406|112767592|0|742506604|2022-04-26 21:33:12.768492+02
1666|1651014842.703219|2022-04-27 01:14:02.703219+02|30/BB1B14D0|13|7|5042942|464|14306602|2045117|20411|112783137|0|742543291|2022-04-26 21:33:12.768492+02
1667|1651014843.730242|2022-04-27 01:14:03.730242+02|30/BC50E438|13|7|5042942|464|14306602|2045617|20416|112783137|0|742585028|2022-04-26 21:33:12.768492+02
1668|1651014844.756941|2022-04-27 01:14:04.756941+02|30/BD842C38|13|7|5042942|464|14306602|2046117|20421|112783137|0|742626935|2022-04-26 21:33:12.768492+02
1669|1651014845.783737|2022-04-27 01:14:05.783737+02|30/BEB6F190|13|7|5042942|464|14306602|2046617|20426|112783137|0|742668792|2022-04-26 21:33:12.768492+02
1670|1651014846.810501|2022-04-27 01:14:06.810501+02|30/BFEE7878|13|7|5042942|464|14306602|2047117|20431|112783137|0|742711223|2022-04-26 21:33:12.768492+02
1671|1651014847.837849|2022-04-27 01:14:07.837849+02|30/C10321C8|13|7|5042942|464|14306602|2047617|20436|112783137|0|742748855|2022-04-26 21:33:12.768492+02
1672|1651014848.865123|2022-04-27 01:14:08.865123+02|30/C2396A98|13|7|5042942|464|14306602|2048117|20441|112783137|0|742790714|2022-04-26 21:33:12.768492+02
1673|1651014849.892535|2022-04-27 01:14:09.892535+02|30/C36B3C58|13|7|5042942|464|14306602|2048717|20447|112783137|0|742841312|2022-04-26 21:33:12.768492+02
1674|1651014850.919368|2022-04-27 01:14:10.919368+02|30/C4A1D790|13|7|5852673|1122|14306752|2049217|20452|112815084|0|742883901|2022-04-26 21:33:12.768492+02
1675|1651014851.946191|2022-04-27 01:14:11.946191+02|30/C5E056B0|13|7|5852673|1122|14306752|2049717|20457|112815084|0|742927592|2022-04-26 21:33:12.768492+02
1676|1651014852.972778|2022-04-27 01:14:12.972778+02|30/C71F7C38|13|7|5852673|1122|14306752|2050217|20462|112815084|0|742970900|2022-04-26 21:33:12.768492+02
1677|1651014853.999033|2022-04-27 01:14:13.999033+02|30/C82DEF90|13|7|5852673|1122|14306752|2050717|20467|112815084|0|743007741|2022-04-26 21:33:12.768492+02
1678|1651014855.024838|2022-04-27 01:14:15.024838+02|30/C97080F8|13|7|5852673|1122|14306752|2051217|20472|112815084|0|743051536|2022-04-26 21:33:12.768492+02
1679|1651014856.051044|2022-04-27 01:14:16.051044+02|30/CAB4DBC8|13|7|5852673|1122|14306752|2051717|20477|112815084|0|743095216|2022-04-26 21:33:12.768492+02
1680|1651014857.077481|2022-04-27 01:14:17.077481+02|30/CBF67A30|13|7|5852673|1122|14306752|2052217|20482|112815084|0|743139193|2022-04-26 21:33:12.768492+02
1681|1651014858.103879|2022-04-27 01:14:18.103879+02|30/CD373A48|13|7|5852673|1122|14306752|2052717|20487|112815084|0|743182863|2022-04-26 21:33:12.768492+02
1682|1651014859.130679|2022-04-27 01:14:19.130679+02|30/CE751CD8|13|7|5852673|1122|14306752|2053217|20492|112815084|0|743226851|2022-04-26 21:33:12.768492+02
1683|1651014860.157795|2022-04-27 01:14:20.157795+02|30/CFB51B50|13|7|5852673|1122|14306752|2053817|20498|112815084|0|743278542|2022-04-26 21:33:12.768492+02
1684|1651014861.183939|2022-04-27 01:14:21.183939+02|30/D0F30E88|13|7|5852673|1122|14306752|2054317|20503|112815084|0|743321796|2022-04-26 21:33:12.768492+02
1685|1651014862.209824|2022-04-27 01:14:22.209824+02|30/D23245D8|13|7|5852673|1122|14306752|2054817|20508|112815084|0|743365434|2022-04-26 21:33:12.768492+02
1686|1651014863.235776|2022-04-27 01:14:23.235776+02|30/D3715D98|13|7|5852673|1122|14306752|2055317|20513|112815084|0|743409061|2022-04-26 21:33:12.768492+02
1687|1651014864.262372|2022-04-27 01:14:24.262372+02|30/D498F810|13|7|5852673|1122|14306752|2055817|20518|112815084|0|743449251|2022-04-26 21:33:12.768492+02
1688|1651014865.288509|2022-04-27 01:14:25.288509+02|30/D5DD50C0|13|7|5852673|1122|14306752|2056317|20523|112815084|0|743493850|2022-04-26 21:33:12.768492+02
1689|1651014866.315601|2022-04-27 01:14:26.315601+02|30/D7109348|13|7|5852673|1122|14306752|2056817|20528|112815084|0|743537691|2022-04-26 21:33:12.768492+02
1690|1651014867.342012|2022-04-27 01:14:27.342012+02|30/D85460C0|13|7|5852673|1122|14306752|2057317|20533|112815084|0|743580052|2022-04-26 21:33:12.768492+02
1691|1651014868.368336|2022-04-27 01:14:28.368336+02|30/D9926B10|13|7|5852673|1122|14306752|2057817|20538|112815084|0|743623993|2022-04-26 21:33:12.768492+02
1692|1651014869.394393|2022-04-27 01:14:29.394393+02|30/DAD163E0|13|7|5852673|1122|14306752|2058317|20543|112815084|0|743667828|2022-04-26 21:33:12.768492+02
1693|1651014870.420360|2022-04-27 01:14:30.42036+02|30/DC146090|13|7|5852673|1122|14306752|2058917|20549|112815084|0|743720283|2022-04-26 21:33:12.768492+02
1694|1651014871.446282|2022-04-27 01:14:31.446282+02|30/DD53FE88|13|7|5852673|1122|14306752|2059417|20554|112815084|0|743763967|2022-04-26 21:33:12.768492+02
1695|1651014872.474064|2022-04-27 01:14:32.474064+02|30/DE6DD148|13|7|5852673|1122|14306752|2059917|20559|112815084|0|743802197|2022-04-26 21:33:12.768492+02
1696|1651014873.500067|2022-04-27 01:14:33.500067+02|30/DFAE9918|13|7|5852673|1122|14306752|2060417|20564|112815084|0|743846287|2022-04-26 21:33:12.768492+02
1697|1651014874.526473|2022-04-27 01:14:34.526473+02|30/E0EF0000|13|7|5852673|1122|14306752|2060917|20569|112815084|0|743890423|2022-04-26 21:33:12.768492+02
1698|1651014875.552824|2022-04-27 01:14:35.552824+02|30/E23205F8|13|7|5852673|1122|14306752|2061417|20574|112815084|0|743934278|2022-04-26 21:33:12.768492+02
1699|1651014876.579420|2022-04-27 01:14:36.57942+02|30/E373F1D8|13|7|5852673|1122|14306752|2061917|20579|112815084|0|743978654|2022-04-26 21:33:12.768492+02
1700|1651014877.606525|2022-04-27 01:14:37.606525+02|30/E4B28958|13|7|5852673|1122|14306752|2062417|20584|112815084|0|744022001|2022-04-26 21:33:12.768492+02
1701|1651014878.632809|2022-04-27 01:14:38.632809+02|30/E5F0B018|13|7|5852673|1122|14306752|2062917|20589|112815084|0|744065533|2022-04-26 21:33:12.768492+02
1702|1651014879.658832|2022-04-27 01:14:39.658832+02|30/E72CA010|13|7|5852673|1122|14306752|2063417|20594|112815084|0|744108737|2022-04-26 21:33:12.768492+02
1703|1651014880.684917|2022-04-27 01:14:40.684917+02|30/E859B710|13|7|5852673|1122|14306752|2064017|20600|112815084|0|744158574|2022-04-26 21:33:12.768492+02
1704|1651014881.712281|2022-04-27 01:14:41.712281+02|30/E9944FC8|13|7|5852673|1122|14306752|2064517|20605|112815084|0|744201575|2022-04-26 21:33:12.768492+02
1705|1651014882.738416|2022-04-27 01:14:42.738416+02|30/EABF2868|13|7|5852673|1122|14306752|2065017|20610|112815084|0|744242352|2022-04-26 21:33:12.768492+02
1706|1651014883.762579|2022-04-27 01:14:43.762579+02|30/EBFA9D38|13|7|5852673|1122|14306752|2065517|20615|112815084|0|744286486|2022-04-26 21:33:12.768492+02
1707|1651014884.788316|2022-04-27 01:14:44.788316+02|30/ED352898|13|7|5852673|1122|14306752|2066017|20620|114891836|0|744328491|2022-04-26 21:33:12.768492+02
1708|1651014885.815727|2022-04-27 01:14:45.815727+02|30/EE7A6D88|13|7|5852673|1122|14306752|2066517|20625|114891836|0|744372971|2022-04-26 21:33:12.768492+02
1709|1651014886.841766|2022-04-27 01:14:46.841766+02|30/EFB9BED0|13|7|5852673|1122|14306752|2067017|20630|114891836|0|744416417|2022-04-26 21:33:12.768492+02
1710|1651014887.868679|2022-04-27 01:14:47.868679+02|30/F0F6FC88|13|7|5852673|1122|14306752|2067517|20635|114891836|0|744460168|2022-04-26 21:33:12.768492+02
1711|1651014888.895415|2022-04-27 01:14:48.895415+02|30/F20E7C90|13|7|5852673|1122|14306752|2068017|20640|114891836|0|744499638|2022-04-26 21:33:12.768492+02
1712|1651014889.922372|2022-04-27 01:14:49.922372+02|30/F34FD260|13|7|5852673|1122|14306752|2068617|20646|114891836|0|744551304|2022-04-26 21:33:12.768492+02
1713|1651014890.949789|2022-04-27 01:14:50.949789+02|30/F493B5D0|13|7|5852673|1122|14306752|2069117|20651|114891836|0|744595438|2022-04-26 21:33:12.768492+02
1714|1651014891.976309|2022-04-27 01:14:51.976309+02|30/F5D55EE0|13|7|5852673|1122|14306752|2069617|20656|114891836|0|744639298|2022-04-26 21:33:12.768492+02
1715|1651014893.003384|2022-04-27 01:14:53.003384+02|30/F7198580|13|7|5852673|1122|14306752|2070117|20661|114891836|0|744683646|2022-04-26 21:33:12.768492+02
1716|1651014894.030184|2022-04-27 01:14:54.030184+02|30/F85485B8|13|7|5852673|1122|14306752|2070617|20666|114891836|0|744726686|2022-04-26 21:33:12.768492+02
1717|1651014895.057023|2022-04-27 01:14:55.057023+02|30/F992AB58|13|7|5852673|1122|14306752|2071117|20671|114891836|0|744770527|2022-04-26 21:33:12.768492+02
1718|1651014896.083042|2022-04-27 01:14:56.083042+02|30/FAD03050|13|7|5852673|1122|14306752|2071617|20676|114891836|0|744814189|2022-04-26 21:33:12.768492+02
1719|1651014897.108915|2022-04-27 01:14:57.108915+02|30/FBFBADB0|13|7|5852673|1122|14306752|2072117|20681|114891836|0|744855148|2022-04-26 21:33:12.768492+02
1720|1651014898.134855|2022-04-27 01:14:58.134855+02|30/FD3C7BD0|13|7|5852673|1122|14306752|2072617|20686|114891836|0|744898668|2022-04-26 21:33:12.768492+02
1721|1651014899.160783|2022-04-27 01:14:59.160783+02|30/FE87A588|13|7|5852673|1122|14306752|2073117|20691|114891836|0|744942786|2022-04-26 21:33:12.768492+02
1722|1651014900.187344|2022-04-27 01:15:00.187344+02|30/FFC2D108|13|7|5852673|1122|14306752|2073717|20697|114891836|0|744991451|2022-04-26 21:33:12.768492+02
1723|1651014901.213763|2022-04-27 01:15:01.213763+02|31/113C6C0|13|7|5852673|1122|14306752|2074217|20702|114891836|0|745035599|2022-04-26 21:33:12.768492+02
1724|1651014902.240560|2022-04-27 01:15:02.24056+02|31/2659240|13|7|5852673|1122|14306752|2074717|20707|114891836|0|745079992|2022-04-26 21:33:12.768492+02
1725|1651014903.267487|2022-04-27 01:15:03.267487+02|31/3B368D8|13|7|5852673|1122|14306752|2075217|20712|114891836|0|745123030|2022-04-26 21:33:12.768492+02
1726|1651014904.294396|2022-04-27 01:15:04.294396+02|31/4FF1808|13|7|5852673|1122|14306752|2075717|20717|114891836|0|745166608|2022-04-26 21:33:12.768492+02
1727|1651014905.319904|2022-04-27 01:15:05.319904+02|31/62F4D10|13|7|5852673|1122|14306752|2076217|20722|114891836|0|745209185|2022-04-26 21:33:12.768492+02
1728|1651014906.346641|2022-04-27 01:15:06.346641+02|31/77288E0|13|7|5852673|1122|14306752|2076717|20727|114891836|0|745248135|2022-04-26 21:33:12.768492+02
1729|1651014907.372887|2022-04-27 01:15:07.372887+02|31/8C26020|13|7|5852673|1122|14306752|2077217|20732|114891836|0|745292502|2022-04-26 21:33:12.768492+02
1730|1651014908.399378|2022-04-27 01:15:08.399378+02|31/A1435B0|13|7|5852673|1122|14306752|2077717|20737|114891836|0|745336582|2022-04-26 21:33:12.768492+02
1731|1651014909.426334|2022-04-27 01:15:09.426334+02|31/B675760|13|7|5852673|1122|14306752|2078217|20742|114891836|0|745380993|2022-04-26 21:33:12.768492+02
1732|1651014910.453648|2022-04-27 01:15:10.453648+02|31/CB6FB88|13|7|5852673|1122|14306752|2078817|20748|114891836|0|745433774|2022-04-26 21:33:12.768492+02
1733|1651014911.480663|2022-04-27 01:15:11.480663+02|31/DFCF1D0|13|7|5852673|1122|14306752|2079317|20753|114891836|0|745476513|2022-04-26 21:33:12.768492+02
1734|1651014912.507623|2022-04-27 01:15:12.507623+02|31/F4CC6D0|13|7|5852673|1122|14306752|2079817|20758|114891836|0|745520496|2022-04-26 21:33:12.768492+02
1735|1651014913.532900|2022-04-27 01:15:13.5329+02|31/109300C0|13|7|5852673|1122|14306752|2080317|20763|114891836|0|745563686|2022-04-26 21:33:12.768492+02
1736|1651014914.559451|2022-04-27 01:15:14.559451+02|31/11D6C488|13|7|5852673|1122|14306752|2080817|20768|114891836|0|745605834|2022-04-26 21:33:12.768492+02
1737|1651014915.585891|2022-04-27 01:15:15.585891+02|31/132540E8|13|7|5852673|1122|14306752|2081317|20773|114891836|0|745649494|2022-04-26 21:33:12.768492+02
1738|1651014916.612888|2022-04-27 01:15:16.612888+02|31/1458A0D0|13|7|5852673|1122|14306752|2081817|20778|114891836|0|745689395|2022-04-26 21:33:12.768492+02
1739|1651014917.639536|2022-04-27 01:15:17.639536+02|31/15A7CBD8|13|7|5852673|1122|14306752|2082317|20783|114891836|0|745733318|2022-04-26 21:33:12.768492+02
1740|1651014918.666620|2022-04-27 01:15:18.66662+02|31/16F81EA0|13|7|5852673|1122|14306752|2082817|20788|114891836|0|745777239|2022-04-26 21:33:12.768492+02
1741|1651014919.693199|2022-04-27 01:15:19.693199+02|31/184565C8|13|7|5852673|1122|14306752|2083417|20794|114891836|0|745829790|2022-04-26 21:33:12.768492+02
1742|1651014920.720100|2022-04-27 01:15:20.7201+02|31/1992CBF8|13|7|5852673|1122|14306752|2083917|20799|114891836|0|745873438|2022-04-26 21:33:12.768492+02
1743|1651014921.745722|2022-04-27 01:15:21.745722+02|31/1ADFAC28|13|7|5852673|1122|14306752|2084417|20804|114891836|0|745917669|2022-04-26 21:33:12.768492+02
1744|1651014922.770898|2022-04-27 01:15:22.770898+02|31/1C08FDF8|13|7|5852673|1122|14306752|2084917|20809|114891836|0|745955685|2022-04-26 21:33:12.768492+02
1745|1651014923.797380|2022-04-27 01:15:23.79738+02|31/1D5C0568|13|7|5852673|1122|14306752|2085417|20814|114891836|0|745999707|2022-04-26 21:33:12.768492+02
1746|1651014924.824204|2022-04-27 01:15:24.824204+02|31/1EA3E9A0|13|7|5852673|1122|14306752|2085917|20819|116968788|0|746042898|2022-04-26 21:33:12.768492+02
1747|1651014925.850478|2022-04-27 01:15:25.850478+02|31/1FF5B250|13|7|5852673|1122|14306752|2086417|20824|116968788|0|746087123|2022-04-26 21:33:12.768492+02
1748|1651014926.877169|2022-04-27 01:15:26.877169+02|31/2145B478|13|7|5852673|1122|14306752|2086917|20829|116968788|0|746131145|2022-04-26 21:33:12.768492+02
1749|1651014927.903816|2022-04-27 01:15:27.903816+02|31/22966980|13|7|5852673|1122|14306752|2087417|20834|116968788|0|746175058|2022-04-26 21:33:12.768492+02
1750|1651014928.930656|2022-04-27 01:15:28.930656+02|31/23E87FD0|13|7|5852673|1122|14306752|2087917|20839|116968788|0|746219049|2022-04-26 21:33:12.768492+02
1751|1651014929.957458|2022-04-27 01:15:29.957458+02|31/252075F8|13|7|5852673|1122|14306752|2088417|20844|116968788|0|746259423|2022-04-26 21:33:12.768492+02
1752|1651014930.983745|2022-04-27 01:15:30.983745+02|31/266E0F98|13|7|5852673|1122|14306752|2089017|20850|116968788|0|746311763|2022-04-26 21:33:12.768492+02
1753|1651014932.009372|2022-04-27 01:15:32.009372+02|31/27B9F228|13|7|5852673|1122|14306752|2089517|20855|116968788|0|746355676|2022-04-26 21:33:12.768492+02
