run|epoch|ts|lsn|checkpoints_timed|checkpoints_req|checkpoint_write_time|checkpoint_sync_time|buffers_checkpoint|buffers_clean|maxwritten_clean|buffers_backend|buffers_backend_fsync|buffers_alloc|stats_reset
1|1649647616.550651|2022-04-11 05:26:56.550651+02|11/96027D28|27|10|9536049|4489|3694080|5409645|54050|143366228|0|515941388|2022-04-11 00:24:56.632354+02
1|1649647617.571802|2022-04-11 05:26:57.571802+02|11/96027D28|27|10|9536049|4489|3694080|5409645|54050|143366228|0|516037142|2022-04-11 00:24:56.632354+02
2|1649647618.596625|2022-04-11 05:26:58.596625+02|11/96027D28|27|10|9536049|4489|3694080|5409645|54050|143366228|0|516134127|2022-04-11 00:24:56.632354+02
3|1649647619.620031|2022-04-11 05:26:59.620031+02|11/96027D28|27|10|9536049|4489|3694080|5409645|54050|143366228|0|516233308|2022-04-11 00:24:56.632354+02
4|1649647620.643811|2022-04-11 05:27:00.643811+02|11/96027D28|27|10|9536049|4489|3694080|5409645|54050|143366228|0|516331491|2022-04-11 00:24:56.632354+02
5|1649647621.665531|2022-04-11 05:27:01.665531+02|11/96027D28|27|10|9536049|4489|3694080|5409645|54050|143366228|0|516430869|2022-04-11 00:24:56.632354+02
6|1649647622.688720|2022-04-11 05:27:02.68872+02|11/96027D28|27|10|9536049|4489|3694080|5409645|54050|143366228|0|516529521|2022-04-11 00:24:56.632354+02
7|1649647623.710445|2022-04-11 05:27:03.710445+02|11/96027D28|27|10|9536049|4489|3694080|5409645|54050|143366228|0|516628755|2022-04-11 00:24:56.632354+02
8|1649647624.737067|2022-04-11 05:27:04.737067+02|11/96027D28|27|10|9536049|4489|3694080|5409645|54050|143366228|0|516728671|2022-04-11 00:24:56.632354+02
9|1649647625.759265|2022-04-11 05:27:05.759265+02|11/96027D28|27|10|9536049|4489|3694080|5409645|54050|143366228|0|516829568|2022-04-11 00:24:56.632354+02
10|1649647626.780580|2022-04-11 05:27:06.78058+02|11/96027D28|27|10|9536049|4489|3694080|5409645|54050|143366228|0|516931191|2022-04-11 00:24:56.632354+02
11|1649647627.802671|2022-04-11 05:27:07.802671+02|11/96027D28|27|10|9536049|4489|3694080|5409645|54050|143366228|0|517031424|2022-04-11 00:24:56.632354+02
12|1649647628.825843|2022-04-11 05:27:08.825843+02|11/96027D28|27|10|9536049|4489|3694080|5409645|54050|143366228|0|517152936|2022-04-11 00:24:56.632354+02
13|1649647629.847548|2022-04-11 05:27:09.847548+02|11/96027D28|27|10|9536049|4489|3694080|5409645|54050|143366228|0|517253375|2022-04-11 00:24:56.632354+02
14|1649647630.869650|2022-04-11 05:27:10.86965+02|11/96027D28|27|10|9536049|4489|3694080|5409645|54050|143366228|0|517353174|2022-04-11 00:24:56.632354+02
15|1649647631.892128|2022-04-11 05:27:11.892128+02|11/96027D28|27|10|9536049|4489|3694080|5409645|54050|143366228|0|517455458|2022-04-11 00:24:56.632354+02
16|1649647632.913221|2022-04-11 05:27:12.913221+02|11/96027D28|27|10|9536049|4489|3694080|5409645|54050|143366228|0|517556202|2022-04-11 00:24:56.632354+02
17|1649647633.933925|2022-04-11 05:27:13.933925+02|11/96027D28|27|10|9536049|4489|3694080|5409645|54050|143366228|0|517657876|2022-04-11 00:24:56.632354+02
18|1649647634.955497|2022-04-11 05:27:14.955497+02|11/96027D28|27|10|9536049|4489|3694080|5409645|54050|143366228|0|517759462|2022-04-11 00:24:56.632354+02
19|1649647635.977612|2022-04-11 05:27:15.977612+02|11/96027D28|27|10|9536049|4489|3694080|5409645|54050|143366228|0|517861532|2022-04-11 00:24:56.632354+02
20|1649647637.001730|2022-04-11 05:27:17.00173+02|11/96027D28|27|10|9536049|4489|3694080|5409645|54050|143366228|0|517962667|2022-04-11 00:24:56.632354+02
21|1649647638.022322|2022-04-11 05:27:18.022322+02|11/96027D28|27|10|9536049|4489|3694080|5409645|54050|143366228|0|518064103|2022-04-11 00:24:56.632354+02
22|1649647639.043854|2022-04-11 05:27:19.043854+02|11/96027D28|27|10|9536049|4489|3694080|5409645|54050|143366228|0|518167210|2022-04-11 00:24:56.632354+02
23|1649647640.064413|2022-04-11 05:27:20.064413+02|11/96027D28|27|10|9536049|4489|3694080|5409645|54050|143366228|0|518269721|2022-04-11 00:24:56.632354+02
24|1649647641.086217|2022-04-11 05:27:21.086217+02|11/96027D28|27|10|9536049|4489|3694080|5409645|54050|143366228|0|518392678|2022-04-11 00:24:56.632354+02
25|1649647642.108132|2022-04-11 05:27:22.108132+02|11/96027D28|27|10|9536049|4489|3694080|5409645|54050|143366228|0|518494560|2022-04-11 00:24:56.632354+02
26|1649647643.128781|2022-04-11 05:27:23.128781+02|11/96027D28|27|10|9536049|4489|3694080|5409645|54050|143366228|0|518597690|2022-04-11 00:24:56.632354+02
27|1649647644.152531|2022-04-11 05:27:24.152531+02|11/96027D28|27|10|9536049|4489|3694080|5409645|54050|143366228|0|518700193|2022-04-11 00:24:56.632354+02
28|1649647645.173709|2022-04-11 05:27:25.173709+02|11/96027D28|27|10|9536049|4489|3694080|5409645|54050|143366228|0|518802808|2022-04-11 00:24:56.632354+02
29|1649647646.196119|2022-04-11 05:27:26.196119+02|11/96027D28|27|10|9536049|4489|3694080|5409645|54050|143366228|0|518905139|2022-04-11 00:24:56.632354+02
30|1649647647.217344|2022-04-11 05:27:27.217344+02|11/96027D28|27|10|9536049|4489|3694080|5409645|54050|143366228|0|519006614|2022-04-11 00:24:56.632354+02
31|1649647648.238867|2022-04-11 05:27:28.238867+02|11/96027D28|27|10|9536049|4489|3694080|5409645|54050|143366228|0|519109483|2022-04-11 00:24:56.632354+02
32|1649647649.268116|2022-04-11 05:27:29.268116+02|11/96027D28|27|10|9536049|4489|3694080|5409645|54050|143366228|0|519212578|2022-04-11 00:24:56.632354+02
33|1649647650.290300|2022-04-11 05:27:30.2903+02|11/96027D28|27|10|9536049|4489|3694080|5409645|54050|143366228|0|519315503|2022-04-11 00:24:56.632354+02
34|1649647651.311084|2022-04-11 05:27:31.311084+02|11/96027D28|27|10|9536049|4489|3694080|5409645|54050|143366228|0|519417261|2022-04-11 00:24:56.632354+02
35|1649647652.334107|2022-04-11 05:27:32.334107+02|11/96027D28|27|10|9536049|4489|3694080|5409645|54050|143366228|0|519540268|2022-04-11 00:24:56.632354+02
36|1649647653.358093|2022-04-11 05:27:33.358093+02|11/96027D28|27|10|9536049|4489|3694080|5409645|54050|143366228|0|519642668|2022-04-11 00:24:56.632354+02
37|1649647654.380223|2022-04-11 05:27:34.380223+02|11/96027D28|27|10|9536049|4489|3694080|5409645|54050|143366228|0|519745458|2022-04-11 00:24:56.632354+02
38|1649647655.400780|2022-04-11 05:27:35.40078+02|11/96027D28|27|10|9536049|4489|3694080|5409645|54050|143366228|0|519849024|2022-04-11 00:24:56.632354+02
39|1649647656.423043|2022-04-11 05:27:36.423043+02|11/96027D28|27|10|9536049|4489|3694080|5409645|54050|143366228|0|519951685|2022-04-11 00:24:56.632354+02
40|1649647657.443275|2022-04-11 05:27:37.443275+02|11/96027D28|27|10|9536049|4489|3694080|5409645|54050|143366228|0|520054344|2022-04-11 00:24:56.632354+02
41|1649647658.465853|2022-04-11 05:27:38.465853+02|11/96027D28|27|10|9536049|4489|3694080|5409645|54050|143366228|0|520157028|2022-04-11 00:24:56.632354+02
42|1649647659.487145|2022-04-11 05:27:39.487145+02|11/96027D28|27|10|9536049|4489|3694080|5409645|54050|143366228|0|520259902|2022-04-11 00:24:56.632354+02
43|1649647660.509215|2022-04-11 05:27:40.509215+02|11/96027D28|27|10|9536049|4489|3694080|5409645|54050|143366228|0|520361519|2022-04-11 00:24:56.632354+02
44|1649647661.529630|2022-04-11 05:27:41.52963+02|11/96027D28|27|10|9536049|4489|3694080|5409645|54050|143366228|0|520465155|2022-04-11 00:24:56.632354+02
45|1649647662.552900|2022-04-11 05:27:42.5529+02|11/96027D28|27|10|9536049|4489|3694080|5409645|54050|143366228|0|520567733|2022-04-11 00:24:56.632354+02
46|1649647663.573726|2022-04-11 05:27:43.573726+02|11/96027D28|27|10|9536049|4489|3694080|5409645|54050|143366228|0|520670450|2022-04-11 00:24:56.632354+02
47|1649647664.596279|2022-04-11 05:27:44.596279+02|11/96027D28|27|10|9536049|4489|3694080|5409645|54050|143366228|0|520794033|2022-04-11 00:24:56.632354+02
48|1649647665.618998|2022-04-11 05:27:45.618998+02|11/96027D28|27|10|9536049|4489|3694080|5409645|54050|143366228|0|520896605|2022-04-11 00:24:56.632354+02
49|1649647666.640581|2022-04-11 05:27:46.640581+02|11/96027D28|27|10|9536049|4489|3694080|5409645|54050|143366228|0|520999457|2022-04-11 00:24:56.632354+02
50|1649647667.661681|2022-04-11 05:27:47.661681+02|11/96027D28|27|10|9536049|4489|3694080|5409645|54050|143366228|0|521103100|2022-04-11 00:24:56.632354+02
51|1649647668.683845|2022-04-11 05:27:48.683845+02|11/96027D28|27|10|9536049|4489|3694080|5409645|54050|143366228|0|521205493|2022-04-11 00:24:56.632354+02
52|1649647669.705049|2022-04-11 05:27:49.705049+02|11/96027D28|27|10|9536049|4489|3694080|5409645|54050|143366228|0|521307992|2022-04-11 00:24:56.632354+02
53|1649647670.725612|2022-04-11 05:27:50.725612+02|11/96027D28|27|10|9536049|4489|3694080|5409645|54050|143366228|0|521411091|2022-04-11 00:24:56.632354+02
54|1649647671.747381|2022-04-11 05:27:51.747381+02|11/96027D28|27|10|9536049|4489|3694080|5409645|54050|143366228|0|521513930|2022-04-11 00:24:56.632354+02
55|1649647672.767462|2022-04-11 05:27:52.767462+02|11/96027D28|27|10|9536049|4489|3694080|5409645|54050|143366228|0|521617556|2022-04-11 00:24:56.632354+02
56|1649647673.792735|2022-04-11 05:27:53.792735+02|11/96027D28|27|10|9536049|4489|3694080|5409645|54050|143366228|0|521721027|2022-04-11 00:24:56.632354+02
57|1649647674.815592|2022-04-11 05:27:54.815592+02|11/96027D28|28|10|9536049|4489|3694080|5409645|54050|143366228|0|521823530|2022-04-11 00:24:56.632354+02
58|1649647675.837552|2022-04-11 05:27:55.837552+02|11/96027D28|28|10|9536049|4489|3694080|5409645|54050|143366228|0|521926940|2022-04-11 00:24:56.632354+02
59|1649647676.861832|2022-04-11 05:27:56.861832+02|11/96027D28|28|10|9536049|4489|3694080|5409645|54050|143366228|0|522050202|2022-04-11 00:24:56.632354+02
60|1649647677.885129|2022-04-11 05:27:57.885129+02|11/96027D28|28|10|9536049|4489|3694080|5409645|54050|143366228|0|522153315|2022-04-11 00:24:56.632354+02
61|1649647678.905446|2022-04-11 05:27:58.905446+02|11/96027D28|28|10|9536049|4489|3694080|5409645|54050|143366228|0|522257056|2022-04-11 00:24:56.632354+02
62|1649647679.935304|2022-04-11 05:27:59.935304+02|11/96027D28|28|10|9536049|4489|3694080|5409645|54050|143366228|0|522359957|2022-04-11 00:24:56.632354+02
63|1649647680.956846|2022-04-11 05:28:00.956846+02|11/96027D28|28|10|9536049|4489|3694080|5409645|54050|143366228|0|522463336|2022-04-11 00:24:56.632354+02
64|1649647681.977107|2022-04-11 05:28:01.977107+02|11/96027D28|28|10|9536049|4489|3694080|5409645|54050|143366228|0|522566256|2022-04-11 00:24:56.632354+02
65|1649647682.998101|2022-04-11 05:28:02.998101+02|11/96027D28|28|10|9536049|4489|3694080|5409645|54050|143366228|0|522669194|2022-04-11 00:24:56.632354+02
66|1649647684.018987|2022-04-11 05:28:04.018987+02|11/96027D28|28|10|9536049|4489|3694080|5409645|54050|143366228|0|522771934|2022-04-11 00:24:56.632354+02
67|1649647685.041607|2022-04-11 05:28:05.041607+02|11/96027D28|28|10|9536049|4489|3694080|5409645|54050|143366228|0|522873290|2022-04-11 00:24:56.632354+02
68|1649647686.063750|2022-04-11 05:28:06.06375+02|11/96027D28|28|10|9536049|4489|3694080|5409645|54050|143366228|0|522975759|2022-04-11 00:24:56.632354+02
69|1649647687.086443|2022-04-11 05:28:07.086443+02|11/96027D28|28|10|9536049|4489|3694080|5409645|54050|143366228|0|523079528|2022-04-11 00:24:56.632354+02
70|1649647688.107373|2022-04-11 05:28:08.107373+02|11/96027D28|28|10|9536049|4489|3694080|5409645|54050|143366228|0|523183226|2022-04-11 00:24:56.632354+02
71|1649647689.128497|2022-04-11 05:28:09.128497+02|11/96027D28|28|10|9536049|4489|3694080|5409645|54050|143366228|0|523307823|2022-04-11 00:24:56.632354+02
72|1649647690.149742|2022-04-11 05:28:10.149742+02|11/96027D28|28|10|9536049|4489|3694080|5409645|54050|143366228|0|523411780|2022-04-11 00:24:56.632354+02
73|1649647691.175000|2022-04-11 05:28:11.175+02|11/96027D28|28|10|9536049|4489|3694080|5409645|54050|143366228|0|523514861|2022-04-11 00:24:56.632354+02
74|1649647692.199429|2022-04-11 05:28:12.199429+02|11/96027D28|28|10|9536049|4489|3694080|5409645|54050|143366228|0|523617733|2022-04-11 00:24:56.632354+02
75|1649647693.225612|2022-04-11 05:28:13.225612+02|11/96027D28|28|10|9536049|4489|3694080|5409645|54050|143366228|0|523720851|2022-04-11 00:24:56.632354+02
76|1649647694.246872|2022-04-11 05:28:14.246872+02|11/96027D28|28|10|9536049|4489|3694080|5409645|54050|143366228|0|523824034|2022-04-11 00:24:56.632354+02
77|1649647695.268820|2022-04-11 05:28:15.26882+02|11/96027D28|28|10|9536049|4489|3694080|5409645|54050|143366228|0|523927325|2022-04-11 00:24:56.632354+02
78|1649647696.291521|2022-04-11 05:28:16.291521+02|11/96027D28|28|10|9536049|4489|3694080|5409645|54050|143366228|0|524030677|2022-04-11 00:24:56.632354+02
79|1649647697.313129|2022-04-11 05:28:17.313129+02|11/96027D28|28|10|9536049|4489|3694080|5409645|54050|143366228|0|524134464|2022-04-11 00:24:56.632354+02
80|1649647698.337607|2022-04-11 05:28:18.337607+02|11/96027D28|28|10|9536049|4489|3694080|5409645|54050|143366228|0|524237791|2022-04-11 00:24:56.632354+02
81|1649647699.357720|2022-04-11 05:28:19.35772+02|11/96027D28|28|10|9536049|4489|3694080|5409645|54050|143366228|0|524341508|2022-04-11 00:24:56.632354+02
82|1649647700.379833|2022-04-11 05:28:20.379833+02|11/96027D28|28|10|9536049|4489|3694080|5409645|54050|143366228|0|524465567|2022-04-11 00:24:56.632354+02
83|1649647701.401968|2022-04-11 05:28:21.401968+02|11/96027D28|28|10|9536049|4489|3694080|5409645|54050|143366228|0|524568668|2022-04-11 00:24:56.632354+02
84|1649647702.433034|2022-04-11 05:28:22.433034+02|11/96027D28|28|10|9536049|4489|3694080|5409645|54050|143366228|0|524672163|2022-04-11 00:24:56.632354+02
85|1649647703.454665|2022-04-11 05:28:23.454665+02|11/96027D28|28|10|9536049|4489|3694080|5409645|54050|143366228|0|524775584|2022-04-11 00:24:56.632354+02
86|1649647704.475835|2022-04-11 05:28:24.475835+02|11/96027D28|28|10|9536049|4489|3694080|5409645|54050|143366228|0|524878811|2022-04-11 00:24:56.632354+02
87|1649647705.496872|2022-04-11 05:28:25.496872+02|11/96027D28|28|10|9536049|4489|3694080|5409645|54050|143366228|0|524982317|2022-04-11 00:24:56.632354+02
88|1649647706.518293|2022-04-11 05:28:26.518293+02|11/96027D28|28|10|9536049|4489|3694080|5409645|54050|143366228|0|525085510|2022-04-11 00:24:56.632354+02
89|1649647707.538580|2022-04-11 05:28:27.53858+02|11/96027D28|28|10|9536049|4489|3694080|5409645|54050|143366228|0|525189283|2022-04-11 00:24:56.632354+02
90|1649647708.559907|2022-04-11 05:28:28.559907+02|11/96027D28|28|10|9536049|4489|3694080|5409645|54050|143366228|0|525292855|2022-04-11 00:24:56.632354+02
91|1649647709.584371|2022-04-11 05:28:29.584371+02|11/96027D28|28|10|9536049|4489|3694080|5409645|54050|143366228|0|525395278|2022-04-11 00:24:56.632354+02
92|1649647710.607014|2022-04-11 05:28:30.607014+02|11/96027D28|28|10|9536049|4489|3694080|5409645|54050|143366228|0|525497650|2022-04-11 00:24:56.632354+02
93|1649647711.627732|2022-04-11 05:28:31.627732+02|11/96027D28|28|10|9536049|4489|3694080|5409645|54050|143366228|0|525599195|2022-04-11 00:24:56.632354+02
94|1649647712.649050|2022-04-11 05:28:32.64905+02|11/96027D28|28|10|9536049|4489|3694080|5409645|54050|143366228|0|525722472|2022-04-11 00:24:56.632354+02
95|1649647713.669818|2022-04-11 05:28:33.669818+02|11/96027D28|28|10|9536049|4489|3694080|5409645|54050|143366228|0|525824931|2022-04-11 00:24:56.632354+02
96|1649647714.691268|2022-04-11 05:28:34.691268+02|11/96027D28|28|10|9536049|4489|3694080|5409645|54050|143366228|0|525927795|2022-04-11 00:24:56.632354+02
97|1649647715.712105|2022-04-11 05:28:35.712105+02|11/96027D28|28|10|9536049|4489|3694080|5409645|54050|143366228|0|526030060|2022-04-11 00:24:56.632354+02
98|1649647716.736884|2022-04-11 05:28:36.736884+02|11/96027D28|28|10|9536049|4489|3694080|5409645|54050|143366228|0|526132253|2022-04-11 00:24:56.632354+02
99|1649647717.757728|2022-04-11 05:28:37.757728+02|11/96027D28|28|10|9536049|4489|3694080|5409645|54050|143366228|0|526233972|2022-04-11 00:24:56.632354+02
100|1649647718.777946|2022-04-11 05:28:38.777946+02|11/96027D28|28|10|9536049|4489|3694080|5409645|54050|143366228|0|526335949|2022-04-11 00:24:56.632354+02
101|1649647719.804504|2022-04-11 05:28:39.804504+02|11/96027D28|28|10|9536049|4489|3694080|5409645|54050|143366228|0|526438141|2022-04-11 00:24:56.632354+02
102|1649647720.824713|2022-04-11 05:28:40.824713+02|11/96027D28|28|10|9536049|4489|3694080|5409645|54050|143366228|0|526541133|2022-04-11 00:24:56.632354+02
103|1649647721.847298|2022-04-11 05:28:41.847298+02|11/96027D28|28|10|9536049|4489|3694080|5409645|54050|143366228|0|526643675|2022-04-11 00:24:56.632354+02
104|1649647722.872122|2022-04-11 05:28:42.872122+02|11/96027D28|28|10|9536049|4489|3694080|5409645|54050|143366228|0|526745629|2022-04-11 00:24:56.632354+02
105|1649647723.896325|2022-04-11 05:28:43.896325+02|11/96027D28|28|10|9536049|4489|3694080|5409645|54050|143366228|0|526848642|2022-04-11 00:24:56.632354+02
106|1649647724.917312|2022-04-11 05:28:44.917312+02|11/96027D28|28|10|9536049|4489|3694080|5409645|54050|143366228|0|526972245|2022-04-11 00:24:56.632354+02
107|1649647725.939566|2022-04-11 05:28:45.939566+02|11/96027D28|28|10|9536049|4489|3694080|5409645|54050|143366228|0|527075842|2022-04-11 00:24:56.632354+02
108|1649647726.962320|2022-04-11 05:28:46.96232+02|11/96027D28|28|10|9536049|4489|3694080|5409645|54050|143366228|0|527178592|2022-04-11 00:24:56.632354+02
109|1649647727.982496|2022-04-11 05:28:47.982496+02|11/96027D28|28|10|9536049|4489|3694080|5409645|54050|143366228|0|527280778|2022-04-11 00:24:56.632354+02
110|1649647729.002668|2022-04-11 05:28:49.002668+02|11/96027D28|28|10|9536049|4489|3694080|5409645|54050|143366228|0|527384708|2022-04-11 00:24:56.632354+02
111|1649647730.023169|2022-04-11 05:28:50.023169+02|11/96027D28|28|10|9536049|4489|3694080|5409645|54050|143366228|0|527486755|2022-04-11 00:24:56.632354+02
112|1649647731.045917|2022-04-11 05:28:51.045917+02|11/96027D28|28|10|9536049|4489|3694080|5409645|54050|143366228|0|527589524|2022-04-11 00:24:56.632354+02
113|1649647732.066928|2022-04-11 05:28:52.066928+02|11/96027D28|28|10|9536049|4489|3694080|5409645|54050|143366228|0|527692586|2022-04-11 00:24:56.632354+02
114|1649647733.088719|2022-04-11 05:28:53.088719+02|11/96027D28|28|10|9536049|4489|3694080|5409645|54050|143366228|0|527795267|2022-04-11 00:24:56.632354+02
115|1649647734.109511|2022-04-11 05:28:54.109511+02|11/96027D28|28|10|9536049|4489|3694080|5409645|54050|143366228|0|527897478|2022-04-11 00:24:56.632354+02
116|1649647735.130919|2022-04-11 05:28:55.130919+02|11/96027D28|28|10|9536049|4489|3694080|5409645|54050|143366228|0|527999996|2022-04-11 00:24:56.632354+02
117|1649647736.152719|2022-04-11 05:28:56.152719+02|11/96027D28|28|10|9536049|4489|3694080|5409645|54050|143366228|0|528103019|2022-04-11 00:24:56.632354+02
118|1649647737.175359|2022-04-11 05:28:57.175359+02|11/96027D28|28|10|9536049|4489|3694080|5409645|54050|143366228|0|528225777|2022-04-11 00:24:56.632354+02
119|1649647738.196789|2022-04-11 05:28:58.196789+02|11/96027D28|28|10|9536049|4489|3694080|5409645|54050|143366228|0|528328631|2022-04-11 00:24:56.632354+02
120|1649647739.217421|2022-04-11 05:28:59.217421+02|11/96027D28|28|10|9536049|4489|3694080|5409645|54050|143366228|0|528431817|2022-04-11 00:24:56.632354+02
121|1649647740.238192|2022-04-11 05:29:00.238192+02|11/96027D28|28|10|9536049|4489|3694080|5409645|54050|143366228|0|528534333|2022-04-11 00:24:56.632354+02
122|1649647741.258976|2022-04-11 05:29:01.258976+02|11/96027D28|28|10|9536049|4489|3694080|5409645|54050|143366228|0|528637333|2022-04-11 00:24:56.632354+02
123|1649647742.279624|2022-04-11 05:29:02.279624+02|11/96027D28|28|10|9536049|4489|3694080|5409645|54050|143366228|0|528738970|2022-04-11 00:24:56.632354+02
124|1649647743.299739|2022-04-11 05:29:03.299739+02|11/96027D28|28|10|9536049|4489|3694080|5409645|54050|143366228|0|528840239|2022-04-11 00:24:56.632354+02
125|1649647744.321267|2022-04-11 05:29:04.321267+02|11/96027D28|28|10|9536049|4489|3694080|5409645|54050|143366228|0|528942585|2022-04-11 00:24:56.632354+02
126|1649647745.334338|2022-04-11 05:29:05.334338+02|11/96027D28|28|10|9536049|4489|3694080|5409645|54050|143366228|0|529045553|2022-04-11 00:24:56.632354+02
127|1649647746.357573|2022-04-11 05:29:06.357573+02|11/96027D28|28|10|9536049|4489|3694080|5409645|54050|143366228|0|529148007|2022-04-11 00:24:56.632354+02
128|1649647747.386201|2022-04-11 05:29:07.386201+02|11/96027D28|28|10|9536049|4489|3694080|5409645|54050|143366228|0|529251839|2022-04-11 00:24:56.632354+02
129|1649647748.406399|2022-04-11 05:29:08.406399+02|11/96027D28|28|10|9536049|4489|3694080|5409645|54050|143366228|0|529354133|2022-04-11 00:24:56.632354+02
130|1649647749.428826|2022-04-11 05:29:09.428826+02|11/96027D28|28|10|9536049|4489|3694080|5409645|54050|143366228|0|529456623|2022-04-11 00:24:56.632354+02
131|1649647750.450805|2022-04-11 05:29:10.450805+02|11/96027D28|28|10|9536049|4489|3694080|5409645|54050|143366228|0|529578880|2022-04-11 00:24:56.632354+02
132|1649647751.473677|2022-04-11 05:29:11.473677+02|11/96027D28|28|10|9536049|4489|3694080|5409645|54050|143366228|0|529681438|2022-04-11 00:24:56.632354+02
133|1649647752.495367|2022-04-11 05:29:12.495367+02|11/96027D28|28|10|9536049|4489|3694080|5409645|54050|143366228|0|529783361|2022-04-11 00:24:56.632354+02
134|1649647753.515750|2022-04-11 05:29:13.51575+02|11/96027D28|28|10|9536049|4489|3694080|5409645|54050|143366228|0|529886517|2022-04-11 00:24:56.632354+02
135|1649647754.538894|2022-04-11 05:29:14.538894+02|11/96027D28|28|10|9536049|4489|3694080|5409645|54050|143366228|0|529989478|2022-04-11 00:24:56.632354+02
136|1649647755.559905|2022-04-11 05:29:15.559905+02|11/96027D28|28|10|9536049|4489|3694080|5409645|54050|143366228|0|530092979|2022-04-11 00:24:56.632354+02
137|1649647756.580768|2022-04-11 05:29:16.580768+02|11/96027D28|28|10|9536049|4489|3694080|5409645|54050|143366228|0|530196018|2022-04-11 00:24:56.632354+02
138|1649647757.602602|2022-04-11 05:29:17.602602+02|11/96027D28|28|10|9536049|4489|3694080|5409645|54050|143366228|0|530298888|2022-04-11 00:24:56.632354+02
139|1649647758.623229|2022-04-11 05:29:18.623229+02|11/96027D28|28|10|9536049|4489|3694080|5409645|54050|143366228|0|530401070|2022-04-11 00:24:56.632354+02
140|1649647759.644486|2022-04-11 05:29:19.644486+02|11/96027D28|28|10|9536049|4489|3694080|5409645|54050|143366228|0|530504289|2022-04-11 00:24:56.632354+02
141|1649647760.665304|2022-04-11 05:29:20.665304+02|11/96027D28|28|10|9536049|4489|3694080|5409645|54050|143366228|0|530607439|2022-04-11 00:24:56.632354+02
142|1649647761.686388|2022-04-11 05:29:21.686388+02|11/96027D28|28|10|9536049|4489|3694080|5409645|54050|143366228|0|530710918|2022-04-11 00:24:56.632354+02
143|1649647762.707833|2022-04-11 05:29:22.707833+02|11/96027D28|28|10|9536049|4489|3694080|5409645|54050|143366228|0|530835527|2022-04-11 00:24:56.632354+02
144|1649647763.731411|2022-04-11 05:29:23.731411+02|11/96027D28|28|10|9536049|4489|3694080|5409645|54050|143366228|0|530938617|2022-04-11 00:24:56.632354+02
145|1649647764.752817|2022-04-11 05:29:24.752817+02|11/96027D28|28|10|9536049|4489|3694080|5409645|54050|143366228|0|531042043|2022-04-11 00:24:56.632354+02
146|1649647765.775938|2022-04-11 05:29:25.775938+02|11/96027D28|28|10|9536049|4489|3694080|5409645|54050|143366228|0|531144783|2022-04-11 00:24:56.632354+02
147|1649647766.798690|2022-04-11 05:29:26.79869+02|11/96027D28|28|10|9536049|4489|3694080|5409645|54050|143366228|0|531247844|2022-04-11 00:24:56.632354+02
148|1649647767.819558|2022-04-11 05:29:27.819558+02|11/96027D28|28|10|9536049|4489|3694080|5409645|54050|143366228|0|531352051|2022-04-11 00:24:56.632354+02
149|1649647768.840356|2022-04-11 05:29:28.840356+02|11/96027D28|28|10|9536049|4489|3694080|5409645|54050|143366228|0|531454710|2022-04-11 00:24:56.632354+02
150|1649647769.860918|2022-04-11 05:29:29.860918+02|11/96027D28|28|10|9536049|4489|3694080|5409645|54050|143366228|0|531558492|2022-04-11 00:24:56.632354+02
151|1649647770.886088|2022-04-11 05:29:30.886088+02|11/96027D28|28|10|9536049|4489|3694080|5409645|54050|143366228|0|531662327|2022-04-11 00:24:56.632354+02
152|1649647771.910670|2022-04-11 05:29:31.91067+02|11/96027D28|28|10|9536049|4489|3694080|5409645|54050|143366228|0|531766235|2022-04-11 00:24:56.632354+02
153|1649647772.934406|2022-04-11 05:29:32.934406+02|11/96027D28|28|10|9536049|4489|3694080|5409645|54050|143366228|0|531870355|2022-04-11 00:24:56.632354+02
154|1649647773.955617|2022-04-11 05:29:33.955617+02|11/96027D28|28|10|9536049|4489|3694080|5409645|54050|143366228|0|531973507|2022-04-11 00:24:56.632354+02
155|1649647774.978505|2022-04-11 05:29:34.978505+02|11/96027D28|28|10|9536049|4489|3694080|5409645|54050|143366228|0|532097307|2022-04-11 00:24:56.632354+02
156|1649647776.004237|2022-04-11 05:29:36.004237+02|11/96027D28|28|10|9536049|4489|3694080|5409645|54050|143366228|0|532200057|2022-04-11 00:24:56.632354+02
157|1649647777.024879|2022-04-11 05:29:37.024879+02|11/96027D28|28|10|9536049|4489|3694080|5409645|54050|143366228|0|532303733|2022-04-11 00:24:56.632354+02
158|1649647778.045128|2022-04-11 05:29:38.045128+02|11/96027D28|28|10|9536049|4489|3694080|5409645|54050|143366228|0|532406332|2022-04-11 00:24:56.632354+02
159|1649647779.066035|2022-04-11 05:29:39.066035+02|11/96027D28|28|10|9536049|4489|3694080|5409645|54050|143366228|0|532510725|2022-04-11 00:24:56.632354+02
160|1649647780.087487|2022-04-11 05:29:40.087487+02|11/96027D28|28|10|9536049|4489|3694080|5409645|54050|143366228|0|532613790|2022-04-11 00:24:56.632354+02
161|1649647781.108721|2022-04-11 05:29:41.108721+02|11/96027D28|28|10|9536049|4489|3694080|5409645|54050|143366228|0|532717315|2022-04-11 00:24:56.632354+02
162|1649647782.130821|2022-04-11 05:29:42.130821+02|11/96027D28|28|10|9536049|4489|3694080|5409645|54050|143366228|0|532820714|2022-04-11 00:24:56.632354+02
163|1649647783.152653|2022-04-11 05:29:43.152653+02|11/96027D28|28|10|9536049|4489|3694080|5409645|54050|143366228|0|532922539|2022-04-11 00:24:56.632354+02
164|1649647784.174328|2022-04-11 05:29:44.174328+02|11/96027D28|28|10|9536049|4489|3694080|5409645|54050|143366228|0|533025937|2022-04-11 00:24:56.632354+02
165|1649647785.195434|2022-04-11 05:29:45.195434+02|11/96027D28|28|10|9536049|4489|3694080|5409645|54050|143366228|0|533129907|2022-04-11 00:24:56.632354+02
166|1649647786.215887|2022-04-11 05:29:46.215887+02|11/96027D28|28|10|9536049|4489|3694080|5409645|54050|143366228|0|533233126|2022-04-11 00:24:56.632354+02
167|1649647787.236668|2022-04-11 05:29:47.236668+02|11/96027D28|28|10|9536049|4489|3694080|5409645|54050|143366228|0|533358056|2022-04-11 00:24:56.632354+02
168|1649647788.257689|2022-04-11 05:29:48.257689+02|11/96027D28|28|10|9536049|4489|3694080|5409645|54050|143366228|0|533461577|2022-04-11 00:24:56.632354+02
169|1649647789.278384|2022-04-11 05:29:49.278384+02|11/96027D28|28|10|9536049|4489|3694080|5409645|54050|143366228|0|533564698|2022-04-11 00:24:56.632354+02
170|1649647790.299225|2022-04-11 05:29:50.299225+02|11/96027D28|28|10|9536049|4489|3694080|5409645|54050|143366228|0|533667836|2022-04-11 00:24:56.632354+02
171|1649647791.320313|2022-04-11 05:29:51.320313+02|11/96027D28|28|10|9536049|4489|3694080|5409645|54050|143366228|0|533770570|2022-04-11 00:24:56.632354+02
172|1649647792.342282|2022-04-11 05:29:52.342282+02|11/96027D28|28|10|9536049|4489|3694080|5409645|54050|143366228|0|533873923|2022-04-11 00:24:56.632354+02
173|1649647793.371356|2022-04-11 05:29:53.371356+02|11/96027D28|28|10|9536049|4489|3694080|5409645|54050|143366228|0|533976724|2022-04-11 00:24:56.632354+02
174|1649647794.392856|2022-04-11 05:29:54.392856+02|11/96027D28|28|10|9536049|4489|3694080|5409645|54050|143366228|0|534080859|2022-04-11 00:24:56.632354+02
175|1649647795.414194|2022-04-11 05:29:55.414194+02|11/96027D28|28|10|9536049|4489|3694080|5409645|54050|143366228|0|534183924|2022-04-11 00:24:56.632354+02
176|1649647796.440003|2022-04-11 05:29:56.440003+02|11/96027D28|28|10|9536049|4489|3694080|5409645|54050|143366228|0|534286943|2022-04-11 00:24:56.632354+02
177|1649647797.461646|2022-04-11 05:29:57.461646+02|11/96027D28|28|10|9536049|4489|3694080|5409645|54050|143366228|0|534389947|2022-04-11 00:24:56.632354+02
178|1649647798.482853|2022-04-11 05:29:58.482853+02|11/96027D28|28|10|9536049|4489|3694080|5409645|54050|143366228|0|534492742|2022-04-11 00:24:56.632354+02
179|1649647799.506057|2022-04-11 05:29:59.506057+02|11/96027D28|28|10|9536049|4489|3694080|5409645|54050|143366228|0|534617127|2022-04-11 00:24:56.632354+02
180|1649647800.526876|2022-04-11 05:30:00.526876+02|11/96027D28|28|10|9536049|4489|3694080|5409645|54050|143366228|0|534720624|2022-04-11 00:24:56.632354+02
181|1649647801.548410|2022-04-11 05:30:01.54841+02|11/96027D28|28|10|9536049|4489|3694080|5409645|54050|143366228|0|534824546|2022-04-11 00:24:56.632354+02
182|1649647802.569291|2022-04-11 05:30:02.569291+02|11/96027D28|28|10|9536049|4489|3694080|5409645|54050|143366228|0|534926999|2022-04-11 00:24:56.632354+02
183|1649647803.591216|2022-04-11 05:30:03.591216+02|11/96027D28|28|10|9536049|4489|3694080|5409645|54050|143366228|0|535029934|2022-04-11 00:24:56.632354+02
184|1649647804.612532|2022-04-11 05:30:04.612532+02|11/96027D28|28|10|9536049|4489|3694080|5409645|54050|143366228|0|535134198|2022-04-11 00:24:56.632354+02
185|1649647805.623861|2022-04-11 05:30:05.623861+02|11/96027D28|28|10|9536049|4489|3694080|5409645|54050|143366228|0|535195937|2022-04-11 00:24:56.632354+02
186|1649647806.644152|2022-04-11 05:30:06.644152+02|11/96027D28|28|10|9536049|4489|3694080|5409645|54050|143366228|0|535341326|2022-04-11 00:24:56.632354+02
187|1649647807.664777|2022-04-11 05:30:07.664777+02|11/96027D28|28|10|9536049|4489|3694080|5409645|54050|143366228|0|535445139|2022-04-11 00:24:56.632354+02
188|1649647808.687167|2022-04-11 05:30:08.687167+02|11/96027D28|28|10|9536049|4489|3694080|5409645|54050|143366228|0|535548399|2022-04-11 00:24:56.632354+02
189|1649647809.707752|2022-04-11 05:30:09.707752+02|11/96027D28|28|10|9536049|4489|3694080|5409645|54050|143366228|0|535651848|2022-04-11 00:24:56.632354+02
190|1649647810.730636|2022-04-11 05:30:10.730636+02|11/96027D28|28|10|9536049|4489|3694080|5409645|54050|143366228|0|535754252|2022-04-11 00:24:56.632354+02
191|1649647811.752689|2022-04-11 05:30:11.752689+02|11/96027D28|28|10|9536049|4489|3694080|5409645|54050|143366228|0|535858421|2022-04-11 00:24:56.632354+02
192|1649647812.773463|2022-04-11 05:30:12.773463+02|11/96027D28|28|10|9536049|4489|3694080|5409645|54050|143366228|0|535982652|2022-04-11 00:24:56.632354+02
193|1649647813.799193|2022-04-11 05:30:13.799193+02|11/96027D28|28|10|9536049|4489|3694080|5409645|54050|143366228|0|536087417|2022-04-11 00:24:56.632354+02
194|1649647814.821003|2022-04-11 05:30:14.821003+02|11/96027D28|28|10|9536049|4489|3694080|5409645|54050|143366228|0|536192169|2022-04-11 00:24:56.632354+02
195|1649647815.841742|2022-04-11 05:30:15.841742+02|11/96027D28|28|10|9536049|4489|3694080|5409645|54050|143366228|0|536295985|2022-04-11 00:24:56.632354+02
196|1649647816.865001|2022-04-11 05:30:16.865001+02|11/96027D28|28|10|9536049|4489|3694080|5409645|54050|143366228|0|536399934|2022-04-11 00:24:56.632354+02
197|1649647817.887080|2022-04-11 05:30:17.88708+02|11/96027D28|28|10|9536049|4489|3694080|5409645|54050|143366228|0|536503813|2022-04-11 00:24:56.632354+02
198|1649647818.909693|2022-04-11 05:30:18.909693+02|11/96027D28|28|10|9536049|4489|3694080|5409645|54050|143366228|0|536608147|2022-04-11 00:24:56.632354+02
199|1649647819.933927|2022-04-11 05:30:19.933927+02|11/96027D28|28|10|9536049|4489|3694080|5409645|54050|143366228|0|536711296|2022-04-11 00:24:56.632354+02
200|1649647820.960814|2022-04-11 05:30:20.960814+02|11/96027D28|28|10|9536049|4489|3694080|5409645|54050|143366228|0|536814335|2022-04-11 00:24:56.632354+02
201|1649647821.981550|2022-04-11 05:30:21.98155+02|11/96027D28|28|10|9536049|4489|3694080|5409645|54050|143366228|0|536917664|2022-04-11 00:24:56.632354+02
202|1649647823.002208|2022-04-11 05:30:23.002208+02|11/96027D28|28|10|9536049|4489|3694080|5409645|54050|143366228|0|537021345|2022-04-11 00:24:56.632354+02
203|1649647824.023384|2022-04-11 05:30:24.023384+02|11/96027D28|28|10|9536049|4489|3694080|5409645|54050|143366228|0|537145807|2022-04-11 00:24:56.632354+02
204|1649647825.047737|2022-04-11 05:30:25.047737+02|11/96027D28|28|10|9536049|4489|3694080|5409645|54050|143366228|0|537248918|2022-04-11 00:24:56.632354+02
205|1649647826.071634|2022-04-11 05:30:26.071634+02|11/96027D28|28|10|9536049|4489|3694080|5409645|54050|143366228|0|537351621|2022-04-11 00:24:56.632354+02
206|1649647827.092670|2022-04-11 05:30:27.09267+02|11/96027D28|28|10|9536049|4489|3694080|5409645|54050|143366228|0|537454748|2022-04-11 00:24:56.632354+02
207|1649647828.113812|2022-04-11 05:30:28.113812+02|11/96027D28|28|10|9536049|4489|3694080|5409645|54050|143366228|0|537559108|2022-04-11 00:24:56.632354+02
208|1649647829.134499|2022-04-11 05:30:29.134499+02|11/96027D28|28|10|9536049|4489|3694080|5409645|54050|143366228|0|537662540|2022-04-11 00:24:56.632354+02
209|1649647830.155839|2022-04-11 05:30:30.155839+02|11/96027D28|28|10|9536049|4489|3694080|5409645|54050|143366228|0|537766596|2022-04-11 00:24:56.632354+02
210|1649647831.176665|2022-04-11 05:30:31.176665+02|11/96027D28|28|10|9536049|4489|3694080|5409645|54050|143366228|0|537870048|2022-04-11 00:24:56.632354+02
211|1649647832.196667|2022-04-11 05:30:32.196667+02|11/96027D28|28|10|9536049|4489|3694080|5409645|54050|143366228|0|537973728|2022-04-11 00:24:56.632354+02
212|1649647833.217718|2022-04-11 05:30:33.217718+02|11/96027D28|28|10|9536049|4489|3694080|5409645|54050|143366228|0|538077609|2022-04-11 00:24:56.632354+02
213|1649647834.240876|2022-04-11 05:30:34.240876+02|11/96027D28|28|10|9536049|4489|3694080|5409645|54050|143366228|0|538182003|2022-04-11 00:24:56.632354+02
214|1649647835.261444|2022-04-11 05:30:35.261444+02|11/96027D28|28|10|9536049|4489|3694080|5409645|54050|143366228|0|538285808|2022-04-11 00:24:56.632354+02
215|1649647836.285356|2022-04-11 05:30:36.285356+02|11/96027D28|28|10|9536049|4489|3694080|5409645|54050|143366228|0|538411095|2022-04-11 00:24:56.632354+02
216|1649647837.307101|2022-04-11 05:30:37.307101+02|11/96027D28|28|10|9536049|4489|3694080|5409645|54050|143366228|0|538514017|2022-04-11 00:24:56.632354+02
217|1649647838.328357|2022-04-11 05:30:38.328357+02|11/96027D28|28|10|9536049|4489|3694080|5409645|54050|143366228|0|538618324|2022-04-11 00:24:56.632354+02
218|1649647839.349601|2022-04-11 05:30:39.349601+02|11/96027D28|28|10|9536049|4489|3694080|5409645|54050|143366228|0|538721850|2022-04-11 00:24:56.632354+02
219|1649647840.371399|2022-04-11 05:30:40.371399+02|11/96027D28|28|10|9536049|4489|3694080|5409645|54050|143366228|0|538825082|2022-04-11 00:24:56.632354+02
220|1649647841.392433|2022-04-11 05:30:41.392433+02|11/96027D28|28|10|9536049|4489|3694080|5409645|54050|143366228|0|538928095|2022-04-11 00:24:56.632354+02
221|1649647842.415606|2022-04-11 05:30:42.415606+02|11/96027D28|28|10|9536049|4489|3694080|5409645|54050|143366228|0|539030720|2022-04-11 00:24:56.632354+02
222|1649647843.436258|2022-04-11 05:30:43.436258+02|11/96027D28|28|10|9536049|4489|3694080|5409645|54050|143366228|0|539134025|2022-04-11 00:24:56.632354+02
223|1649647844.457624|2022-04-11 05:30:44.457624+02|11/96027D28|28|10|9536049|4489|3694080|5409645|54050|143366228|0|539237786|2022-04-11 00:24:56.632354+02
224|1649647845.483162|2022-04-11 05:30:45.483162+02|11/96027D28|28|10|9536049|4489|3694080|5409645|54050|143366228|0|539340434|2022-04-11 00:24:56.632354+02
225|1649647846.503779|2022-04-11 05:30:46.503779+02|11/96027D28|28|10|9536049|4489|3694080|5409645|54050|143366228|0|539443968|2022-04-11 00:24:56.632354+02
226|1649647847.525259|2022-04-11 05:30:47.525259+02|11/96027D28|28|10|9536049|4489|3694080|5409645|54050|143366228|0|539546947|2022-04-11 00:24:56.632354+02
227|1649647848.548167|2022-04-11 05:30:48.548167+02|11/96027D28|28|10|9536049|4489|3694080|5409645|54050|143366228|0|539672598|2022-04-11 00:24:56.632354+02
228|1649647849.569537|2022-04-11 05:30:49.569537+02|11/96027D28|28|10|9536049|4489|3694080|5409645|54050|143366228|0|539775667|2022-04-11 00:24:56.632354+02
229|1649647850.595787|2022-04-11 05:30:50.595787+02|11/96027D28|28|10|9536049|4489|3694080|5409645|54050|143366228|0|539879108|2022-04-11 00:24:56.632354+02
230|1649647851.618900|2022-04-11 05:30:51.6189+02|11/96027D28|28|10|9536049|4489|3694080|5409645|54050|143366228|0|539982397|2022-04-11 00:24:56.632354+02
231|1649647852.639490|2022-04-11 05:30:52.63949+02|11/96027D28|28|10|9536049|4489|3694080|5409645|54050|143366228|0|540085831|2022-04-11 00:24:56.632354+02
232|1649647853.661768|2022-04-11 05:30:53.661768+02|11/96027D28|28|10|9536049|4489|3694080|5409645|54050|143366228|0|540189729|2022-04-11 00:24:56.632354+02
233|1649647854.683729|2022-04-11 05:30:54.683729+02|11/96027D28|28|10|9536049|4489|3694080|5409645|54050|143366228|0|540292827|2022-04-11 00:24:56.632354+02
234|1649647855.704027|2022-04-11 05:30:55.704027+02|11/96027D28|28|10|9536049|4489|3694080|5409645|54050|143366228|0|540396825|2022-04-11 00:24:56.632354+02
235|1649647856.724933|2022-04-11 05:30:56.724933+02|11/96027D28|28|10|9536049|4489|3694080|5409645|54050|143366228|0|540500418|2022-04-11 00:24:56.632354+02
236|1649647857.747999|2022-04-11 05:30:57.747999+02|11/96027D28|28|10|9536049|4489|3694080|5409645|54050|143366228|0|540602904|2022-04-11 00:24:56.632354+02
237|1649647858.770004|2022-04-11 05:30:58.770004+02|11/96027D28|28|10|9536049|4489|3694080|5409645|54050|143366228|0|540706910|2022-04-11 00:24:56.632354+02
238|1649647859.791566|2022-04-11 05:30:59.791566+02|11/96027D28|28|10|9536049|4489|3694080|5409645|54050|143366228|0|540810089|2022-04-11 00:24:56.632354+02
239|1649647860.816257|2022-04-11 05:31:00.816257+02|11/96027D28|28|10|9536049|4489|3694080|5409645|54050|143366228|0|540934217|2022-04-11 00:24:56.632354+02
240|1649647861.839745|2022-04-11 05:31:01.839745+02|11/96027D28|28|10|9536049|4489|3694080|5409645|54050|143366228|0|541037946|2022-04-11 00:24:56.632354+02
241|1649647862.860261|2022-04-11 05:31:02.860261+02|11/96027D28|28|10|9536049|4489|3694080|5409645|54050|143366228|0|541140917|2022-04-11 00:24:56.632354+02
242|1649647863.881535|2022-04-11 05:31:03.881535+02|11/96027D28|28|10|9536049|4489|3694080|5409645|54050|143366228|0|541244486|2022-04-11 00:24:56.632354+02
243|1649647864.905996|2022-04-11 05:31:04.905996+02|11/96027D28|28|10|9536049|4489|3694080|5409645|54050|143366228|0|541347959|2022-04-11 00:24:56.632354+02
244|1649647865.927293|2022-04-11 05:31:05.927293+02|11/96027D28|28|10|9536049|4489|3694080|5409645|54050|143366228|0|541451324|2022-04-11 00:24:56.632354+02
245|1649647866.950376|2022-04-11 05:31:06.950376+02|11/96027D28|28|10|9536049|4489|3694080|5409645|54050|143366228|0|541554595|2022-04-11 00:24:56.632354+02
246|1649647867.972256|2022-04-11 05:31:07.972256+02|11/96027D28|28|10|9536049|4489|3694080|5409645|54050|143366228|0|541658660|2022-04-11 00:24:56.632354+02
247|1649647868.993054|2022-04-11 05:31:08.993054+02|11/96027D28|28|10|9536049|4489|3694080|5409645|54050|143366228|0|541761557|2022-04-11 00:24:56.632354+02
248|1649647870.019591|2022-04-11 05:31:10.019591+02|11/96027D28|28|10|9536049|4489|3694080|5409645|54050|143366228|0|541864528|2022-04-11 00:24:56.632354+02
249|1649647871.043603|2022-04-11 05:31:11.043603+02|11/96027D28|28|10|9536049|4489|3694080|5409645|54050|143366228|0|541967379|2022-04-11 00:24:56.632354+02
250|1649647872.065903|2022-04-11 05:31:12.065903+02|11/96027D28|28|10|9536049|4489|3694080|5409645|54050|143366228|0|542070658|2022-04-11 00:24:56.632354+02
251|1649647873.091529|2022-04-11 05:31:13.091529+02|11/96027D28|28|10|9536049|4489|3694080|5409645|54050|143366228|0|542195461|2022-04-11 00:24:56.632354+02
252|1649647874.112901|2022-04-11 05:31:14.112901+02|11/96027D28|28|10|9536049|4489|3694080|5409645|54050|143366228|0|542299125|2022-04-11 00:24:56.632354+02
253|1649647875.133408|2022-04-11 05:31:15.133408+02|11/96027D28|28|10|9536049|4489|3694080|5409645|54050|143366228|0|542403408|2022-04-11 00:24:56.632354+02
254|1649647876.154277|2022-04-11 05:31:16.154277+02|11/96027D28|28|10|9536049|4489|3694080|5409645|54050|143366228|0|542507912|2022-04-11 00:24:56.632354+02
255|1649647877.175714|2022-04-11 05:31:17.175714+02|11/96027D28|28|10|9536049|4489|3694080|5409645|54050|143366228|0|542611389|2022-04-11 00:24:56.632354+02
256|1649647878.198291|2022-04-11 05:31:18.198291+02|11/96027D28|28|10|9536049|4489|3694080|5409645|54050|143366228|0|542714793|2022-04-11 00:24:56.632354+02
257|1649647879.218798|2022-04-11 05:31:19.218798+02|11/96027D28|28|10|9536049|4489|3694080|5409645|54050|143366228|0|542817398|2022-04-11 00:24:56.632354+02
258|1649647880.240266|2022-04-11 05:31:20.240266+02|11/96027D28|28|10|9536049|4489|3694080|5409645|54050|143366228|0|542920788|2022-04-11 00:24:56.632354+02
259|1649647881.263735|2022-04-11 05:31:21.263735+02|11/96027D28|28|10|9536049|4489|3694080|5409645|54050|143366228|0|543024061|2022-04-11 00:24:56.632354+02
260|1649647882.285432|2022-04-11 05:31:22.285432+02|11/96027D28|28|10|9536049|4489|3694080|5409645|54050|143366228|0|543127764|2022-04-11 00:24:56.632354+02
261|1649647883.306410|2022-04-11 05:31:23.30641+02|11/96027D28|28|10|9536049|4489|3694080|5409645|54050|143366228|0|543230634|2022-04-11 00:24:56.632354+02
262|1649647884.327150|2022-04-11 05:31:24.32715+02|11/96027D28|28|10|9536049|4489|3694080|5409645|54050|143366228|0|543333928|2022-04-11 00:24:56.632354+02
263|1649647885.353935|2022-04-11 05:31:25.353935+02|11/96027D28|28|10|9536049|4489|3694080|5409645|54050|143366228|0|543458162|2022-04-11 00:24:56.632354+02
264|1649647886.375993|2022-04-11 05:31:26.375993+02|11/96027D28|28|10|9536049|4489|3694080|5409645|54050|143366228|0|543561823|2022-04-11 00:24:56.632354+02
265|1649647887.397134|2022-04-11 05:31:27.397134+02|11/96027D28|28|10|9536049|4489|3694080|5409645|54050|143366228|0|543665478|2022-04-11 00:24:56.632354+02
266|1649647888.417448|2022-04-11 05:31:28.417448+02|11/96027D28|28|10|9536049|4489|3694080|5409645|54050|143366228|0|543769156|2022-04-11 00:24:56.632354+02
267|1649647889.448186|2022-04-11 05:31:29.448186+02|11/96027D28|28|10|9536049|4489|3694080|5409645|54050|143366228|0|543872286|2022-04-11 00:24:56.632354+02
268|1649647890.477971|2022-04-11 05:31:30.477971+02|11/96027D28|28|10|9536049|4489|3694080|5409645|54050|143366228|0|543975909|2022-04-11 00:24:56.632354+02
269|1649647891.500553|2022-04-11 05:31:31.500553+02|11/96027D28|28|10|9536049|4489|3694080|5409645|54050|143366228|0|544078376|2022-04-11 00:24:56.632354+02
270|1649647892.520767|2022-04-11 05:31:32.520767+02|11/96027D28|28|10|9536049|4489|3694080|5409645|54050|143366228|0|544183699|2022-04-11 00:24:56.632354+02
271|1649647893.542595|2022-04-11 05:31:33.542595+02|11/96027D28|28|10|9536049|4489|3694080|5409645|54050|143366228|0|544287351|2022-04-11 00:24:56.632354+02
272|1649647894.571872|2022-04-11 05:31:34.571872+02|11/96027D28|28|10|9536049|4489|3694080|5409645|54050|143366228|0|544390522|2022-04-11 00:24:56.632354+02
273|1649647895.597855|2022-04-11 05:31:35.597855+02|11/96027D28|28|10|9536049|4489|3694080|5409645|54050|143366228|0|544513946|2022-04-11 00:24:56.632354+02
274|1649647896.620101|2022-04-11 05:31:36.620101+02|11/96027D28|28|10|9536049|4489|3694080|5409645|54050|143366228|0|544617816|2022-04-11 00:24:56.632354+02
275|1649647897.642263|2022-04-11 05:31:37.642263+02|11/96027D28|28|10|9536049|4489|3694080|5409645|54050|143366228|0|544721871|2022-04-11 00:24:56.632354+02
276|1649647898.663061|2022-04-11 05:31:38.663061+02|11/96027D28|28|10|9536049|4489|3694080|5409645|54050|143366228|0|544825254|2022-04-11 00:24:56.632354+02
277|1649647899.683964|2022-04-11 05:31:39.683964+02|11/96027D28|28|10|9536049|4489|3694080|5409645|54050|143366228|0|544927526|2022-04-11 00:24:56.632354+02
278|1649647900.705388|2022-04-11 05:31:40.705388+02|11/96027D28|28|10|9536049|4489|3694080|5409645|54050|143366228|0|545031288|2022-04-11 00:24:56.632354+02
279|1649647901.728433|2022-04-11 05:31:41.728433+02|11/96027D28|28|10|9536049|4489|3694080|5409645|54050|143366228|0|545133549|2022-04-11 00:24:56.632354+02
280|1649647902.749877|2022-04-11 05:31:42.749877+02|11/96027D28|28|10|9536049|4489|3694080|5409645|54050|143366228|0|545236077|2022-04-11 00:24:56.632354+02
281|1649647903.771565|2022-04-11 05:31:43.771565+02|11/96027D28|28|10|9536049|4489|3694080|5409645|54050|143366228|0|545339682|2022-04-11 00:24:56.632354+02
282|1649647904.792048|2022-04-11 05:31:44.792048+02|11/96027D28|28|10|9536049|4489|3694080|5409645|54050|143366228|0|545442007|2022-04-11 00:24:56.632354+02
283|1649647905.812281|2022-04-11 05:31:45.812281+02|11/96027D28|28|10|9536049|4489|3694080|5409645|54050|143366228|0|545544160|2022-04-11 00:24:56.632354+02
284|1649647906.834164|2022-04-11 05:31:46.834164+02|11/96027D28|28|10|9536049|4489|3694080|5409645|54050|143366228|0|545646832|2022-04-11 00:24:56.632354+02
285|1649647907.855710|2022-04-11 05:31:47.85571+02|11/96027D28|28|10|9536049|4489|3694080|5409645|54050|143366228|0|545769928|2022-04-11 00:24:56.632354+02
286|1649647908.878022|2022-04-11 05:31:48.878022+02|11/96027D28|28|10|9536049|4489|3694080|5409645|54050|143366228|0|545871026|2022-04-11 00:24:56.632354+02
287|1649647909.905101|2022-04-11 05:31:49.905101+02|11/96027D28|28|10|9536049|4489|3694080|5409645|54050|143366228|0|545972835|2022-04-11 00:24:56.632354+02
288|1649647910.925345|2022-04-11 05:31:50.925345+02|11/96027D28|28|10|9536049|4489|3694080|5409645|54050|143366228|0|546076143|2022-04-11 00:24:56.632354+02
289|1649647911.945865|2022-04-11 05:31:51.945865+02|11/96027D28|28|10|9536049|4489|3694080|5409645|54050|143366228|0|546178758|2022-04-11 00:24:56.632354+02
290|1649647912.969233|2022-04-11 05:31:52.969233+02|11/96027D28|28|10|9536049|4489|3694080|5409645|54050|143366228|0|546281530|2022-04-11 00:24:56.632354+02
291|1649647913.990263|2022-04-11 05:31:53.990263+02|11/96027D28|28|10|9536049|4489|3694080|5409645|54050|143366228|0|546384420|2022-04-11 00:24:56.632354+02
292|1649647915.011204|2022-04-11 05:31:55.011204+02|11/96027D28|28|10|9536049|4489|3694080|5409645|54050|143366228|0|546486986|2022-04-11 00:24:56.632354+02
293|1649647916.032856|2022-04-11 05:31:56.032856+02|11/96027D28|28|10|9536049|4489|3694080|5409645|54050|143366228|0|546590574|2022-04-11 00:24:56.632354+02
294|1649647917.054075|2022-04-11 05:31:57.054075+02|11/96027D28|28|10|9536049|4489|3694080|5409645|54050|143366228|0|546693484|2022-04-11 00:24:56.632354+02
295|1649647918.074170|2022-04-11 05:31:58.07417+02|11/96027D28|28|10|9536049|4489|3694080|5409645|54050|143366228|0|546794298|2022-04-11 00:24:56.632354+02
296|1649647919.099054|2022-04-11 05:31:59.099054+02|11/96027D28|28|10|9536049|4489|3694080|5409645|54050|143366228|0|546896507|2022-04-11 00:24:56.632354+02
297|1649647920.119909|2022-04-11 05:32:00.119909+02|11/96027D28|28|10|9536049|4489|3694080|5409645|54050|143366228|0|547019570|2022-04-11 00:24:56.632354+02
298|1649647921.143963|2022-04-11 05:32:01.143963+02|11/96027D28|28|10|9536049|4489|3694080|5409645|54050|143366228|0|547121839|2022-04-11 00:24:56.632354+02
299|1649647922.166377|2022-04-11 05:32:02.166377+02|11/96027D28|28|10|9536049|4489|3694080|5409645|54050|143366228|0|547223638|2022-04-11 00:24:56.632354+02
300|1649647923.187188|2022-04-11 05:32:03.187188+02|11/96027D28|28|10|9536049|4489|3694080|5409645|54050|143366228|0|547326006|2022-04-11 00:24:56.632354+02
301|1649647924.209850|2022-04-11 05:32:04.20985+02|11/96027D28|28|10|9536049|4489|3694080|5409645|54050|143366228|0|547428027|2022-04-11 00:24:56.632354+02
302|1649647925.231460|2022-04-11 05:32:05.23146+02|11/96027D28|28|10|9536049|4489|3694080|5409645|54050|143366228|0|547530077|2022-04-11 00:24:56.632354+02
303|1649647926.253069|2022-04-11 05:32:06.253069+02|11/96027D28|28|10|9536049|4489|3694080|5409645|54050|143366228|0|547631799|2022-04-11 00:24:56.632354+02
304|1649647927.273246|2022-04-11 05:32:07.273246+02|11/96027D28|28|10|9536049|4489|3694080|5409645|54050|143366228|0|547733969|2022-04-11 00:24:56.632354+02
305|1649647928.295290|2022-04-11 05:32:08.29529+02|11/96027D28|28|10|9536049|4489|3694080|5409645|54050|143366228|0|547835618|2022-04-11 00:24:56.632354+02
306|1649647929.316013|2022-04-11 05:32:09.316013+02|11/96027D28|28|10|9536049|4489|3694080|5409645|54050|143366228|0|547938321|2022-04-11 00:24:56.632354+02
307|1649647930.337576|2022-04-11 05:32:10.337576+02|11/96027D28|28|10|9536049|4489|3694080|5409645|54050|143366228|0|548040758|2022-04-11 00:24:56.632354+02
308|1649647931.361155|2022-04-11 05:32:11.361155+02|11/96027D28|28|10|9536049|4489|3694080|5409645|54050|143366228|0|548143522|2022-04-11 00:24:56.632354+02
309|1649647932.382838|2022-04-11 05:32:12.382838+02|11/96027D28|28|10|9536049|4489|3694080|5409645|54050|143366228|0|548266223|2022-04-11 00:24:56.632354+02
310|1649647933.403088|2022-04-11 05:32:13.403088+02|11/96027D28|28|10|9536049|4489|3694080|5409645|54050|143366228|0|548368556|2022-04-11 00:24:56.632354+02
311|1649647934.424101|2022-04-11 05:32:14.424101+02|11/96027D28|28|10|9536049|4489|3694080|5409645|54050|143366228|0|548470659|2022-04-11 00:24:56.632354+02
312|1649647935.445725|2022-04-11 05:32:15.445725+02|11/96027D28|28|10|9536049|4489|3694080|5409645|54050|143366228|0|548573029|2022-04-11 00:24:56.632354+02
313|1649647936.467542|2022-04-11 05:32:16.467542+02|11/96027D28|28|10|9536049|4489|3694080|5409645|54050|143366228|0|548676163|2022-04-11 00:24:56.632354+02
314|1649647937.487917|2022-04-11 05:32:17.487917+02|11/96027D28|28|10|9536049|4489|3694080|5409645|54050|143366228|0|548779769|2022-04-11 00:24:56.632354+02
315|1649647938.508795|2022-04-11 05:32:18.508795+02|11/96027D28|28|10|9536049|4489|3694080|5409645|54050|143366228|0|548881905|2022-04-11 00:24:56.632354+02
316|1649647939.530428|2022-04-11 05:32:19.530428+02|11/96027D28|28|10|9536049|4489|3694080|5409645|54050|143366228|0|548984744|2022-04-11 00:24:56.632354+02
317|1649647940.551197|2022-04-11 05:32:20.551197+02|11/96027D28|28|10|9536049|4489|3694080|5409645|54050|143366228|0|549086588|2022-04-11 00:24:56.632354+02
318|1649647941.576063|2022-04-11 05:32:21.576063+02|11/96027D28|28|10|9536049|4489|3694080|5409645|54050|143366228|0|549188037|2022-04-11 00:24:56.632354+02
319|1649647942.598009|2022-04-11 05:32:22.598009+02|11/96027D28|28|10|9536049|4489|3694080|5409645|54050|143366228|0|549291388|2022-04-11 00:24:56.632354+02
320|1649647943.624073|2022-04-11 05:32:23.624073+02|11/96027D28|28|10|9536049|4489|3694080|5409645|54050|143366228|0|549394233|2022-04-11 00:24:56.632354+02
321|1649647944.645895|2022-04-11 05:32:24.645895+02|11/96027D28|28|10|9536049|4489|3694080|5409645|54050|143366228|0|549518990|2022-04-11 00:24:56.632354+02
322|1649647945.670226|2022-04-11 05:32:25.670226+02|11/96027D28|28|10|9536049|4489|3694080|5409645|54050|143366228|0|549622119|2022-04-11 00:24:56.632354+02
323|1649647946.692606|2022-04-11 05:32:26.692606+02|11/96027D28|28|10|9536049|4489|3694080|5409645|54050|143366228|0|549725601|2022-04-11 00:24:56.632354+02
324|1649647947.714943|2022-04-11 05:32:27.714943+02|11/96027D28|28|10|9536049|4489|3694080|5409645|54050|143366228|0|549829807|2022-04-11 00:24:56.632354+02
325|1649647948.737291|2022-04-11 05:32:28.737291+02|11/96027D28|28|10|9536049|4489|3694080|5409645|54050|143366228|0|549932617|2022-04-11 00:24:56.632354+02
326|1649647949.759253|2022-04-11 05:32:29.759253+02|11/96027D28|28|10|9536049|4489|3694080|5409645|54050|143366228|0|550035640|2022-04-11 00:24:56.632354+02
327|1649647950.780578|2022-04-11 05:32:30.780578+02|11/96027D28|28|10|9536049|4489|3694080|5409645|54050|143366228|0|550138972|2022-04-11 00:24:56.632354+02
328|1649647951.801716|2022-04-11 05:32:31.801716+02|11/96027D28|28|10|9536049|4489|3694080|5409645|54050|143366228|0|550242820|2022-04-11 00:24:56.632354+02
329|1649647952.823297|2022-04-11 05:32:32.823297+02|11/96027D28|28|10|9536049|4489|3694080|5409645|54050|143366228|0|550346469|2022-04-11 00:24:56.632354+02
330|1649647953.848194|2022-04-11 05:32:33.848194+02|11/96027D28|28|10|9536049|4489|3694080|5409645|54050|143366228|0|550449866|2022-04-11 00:24:56.632354+02
331|1649647954.868981|2022-04-11 05:32:34.868981+02|11/96027D28|28|10|9536049|4489|3694080|5409645|54050|143366228|0|550553486|2022-04-11 00:24:56.632354+02
332|1649647955.889670|2022-04-11 05:32:35.88967+02|11/96027D28|28|10|9536049|4489|3694080|5409645|54050|143366228|0|550656339|2022-04-11 00:24:56.632354+02
333|1649647956.911718|2022-04-11 05:32:36.911718+02|11/96027D28|28|10|9536049|4489|3694080|5409645|54050|143366228|0|550779861|2022-04-11 00:24:56.632354+02
334|1649647957.933482|2022-04-11 05:32:37.933482+02|11/96027D28|28|10|9536049|4489|3694080|5409645|54050|143366228|0|550883912|2022-04-11 00:24:56.632354+02
335|1649647958.954481|2022-04-11 05:32:38.954481+02|11/96027D28|28|10|9536049|4489|3694080|5409645|54050|143366228|0|550987383|2022-04-11 00:24:56.632354+02
336|1649647959.975256|2022-04-11 05:32:39.975256+02|11/96027D28|28|10|9536049|4489|3694080|5409645|54050|143366228|0|551090836|2022-04-11 00:24:56.632354+02
337|1649647960.996485|2022-04-11 05:32:40.996485+02|11/96027D28|28|10|9536049|4489|3694080|5409645|54050|143366228|0|551193842|2022-04-11 00:24:56.632354+02
338|1649647962.018152|2022-04-11 05:32:42.018152+02|11/96027D28|28|10|9536049|4489|3694080|5409645|54050|143366228|0|551298387|2022-04-11 00:24:56.632354+02
339|1649647963.040375|2022-04-11 05:32:43.040375+02|11/96027D28|28|10|9536049|4489|3694080|5409645|54050|143366228|0|551401958|2022-04-11 00:24:56.632354+02
340|1649647964.061179|2022-04-11 05:32:44.061179+02|11/96027D28|28|10|9536049|4489|3694080|5409645|54050|143366228|0|551504888|2022-04-11 00:24:56.632354+02
341|1649647965.084080|2022-04-11 05:32:45.08408+02|11/96027D28|28|10|9536049|4489|3694080|5409645|54050|143366228|0|551607792|2022-04-11 00:24:56.632354+02
342|1649647966.105756|2022-04-11 05:32:46.105756+02|11/96027D28|28|10|9536049|4489|3694080|5409645|54050|143366228|0|551710581|2022-04-11 00:24:56.632354+02
343|1649647967.126858|2022-04-11 05:32:47.126858+02|11/96027D28|28|10|9536049|4489|3694080|5409645|54050|143366228|0|551814843|2022-04-11 00:24:56.632354+02
344|1649647968.166911|2022-04-11 05:32:48.166911+02|11/96027D28|28|10|9536049|4489|3694080|5409645|54050|143366228|0|551919055|2022-04-11 00:24:56.632354+02
345|1649647969.190209|2022-04-11 05:32:49.190209+02|11/96027D28|28|10|9536049|4489|3694080|5409645|54050|143366228|0|552043140|2022-04-11 00:24:56.632354+02
346|1649647970.211168|2022-04-11 05:32:50.211168+02|11/96027D28|28|10|9536049|4489|3694080|5409645|54050|143366228|0|552147180|2022-04-11 00:24:56.632354+02
347|1649647971.233431|2022-04-11 05:32:51.233431+02|11/96027D28|28|10|9536049|4489|3694080|5409645|54050|143366228|0|552249849|2022-04-11 00:24:56.632354+02
348|1649647972.254959|2022-04-11 05:32:52.254959+02|11/96027D28|28|10|9536049|4489|3694080|5409645|54050|143366228|0|552353587|2022-04-11 00:24:56.632354+02
349|1649647973.277894|2022-04-11 05:32:53.277894+02|11/96027D28|28|10|9536049|4489|3694080|5409645|54050|143366228|0|552456753|2022-04-11 00:24:56.632354+02
350|1649647974.301929|2022-04-11 05:32:54.301929+02|11/96027D28|28|10|9536049|4489|3694080|5409645|54050|143366228|0|552561277|2022-04-11 00:24:56.632354+02
351|1649647975.330201|2022-04-11 05:32:55.330201+02|11/96027D28|28|10|9536049|4489|3694080|5409645|54050|143366228|0|552665447|2022-04-11 00:24:56.632354+02
352|1649647976.350502|2022-04-11 05:32:56.350502+02|11/96027D28|28|10|9536049|4489|3694080|5409645|54050|143366228|0|552769596|2022-04-11 00:24:56.632354+02
353|1649647977.373740|2022-04-11 05:32:57.37374+02|11/96027D28|28|10|9536049|4489|3694080|5409645|54050|143366228|0|552872767|2022-04-11 00:24:56.632354+02
354|1649647978.395309|2022-04-11 05:32:58.395309+02|11/96027D28|28|10|9536049|4489|3694080|5409645|54050|143366228|0|552976032|2022-04-11 00:24:56.632354+02
355|1649647979.416487|2022-04-11 05:32:59.416487+02|11/96027D28|28|10|9536049|4489|3694080|5409645|54050|143366228|0|553078719|2022-04-11 00:24:56.632354+02
356|1649647980.439428|2022-04-11 05:33:00.439428+02|11/96027D28|28|10|9536049|4489|3694080|5409645|54050|143366228|0|553202912|2022-04-11 00:24:56.632354+02
357|1649647981.460583|2022-04-11 05:33:01.460583+02|11/96027D28|28|10|9536049|4489|3694080|5409645|54050|143366228|0|553305811|2022-04-11 00:24:56.632354+02
358|1649647982.480836|2022-04-11 05:33:02.480836+02|11/96027D28|28|10|9536049|4489|3694080|5409645|54050|143366228|0|553408382|2022-04-11 00:24:56.632354+02
359|1649647983.501695|2022-04-11 05:33:03.501695+02|11/96027D28|28|10|9536049|4489|3694080|5409645|54050|143366228|0|553511336|2022-04-11 00:24:56.632354+02
360|1649647984.525997|2022-04-11 05:33:04.525997+02|11/96027D28|28|10|9536049|4489|3694080|5409645|54050|143366228|0|553613935|2022-04-11 00:24:56.632354+02
361|1649647985.537133|2022-04-11 05:33:05.537133+02|11/96027D28|28|10|9536049|4489|3694080|5409645|54050|143366228|0|553697174|2022-04-11 00:24:56.632354+02
362|1649647986.558492|2022-04-11 05:33:06.558492+02|11/96027D28|28|10|9536049|4489|3694080|5409645|54050|143366228|0|553821419|2022-04-11 00:24:56.632354+02
363|1649647987.581121|2022-04-11 05:33:07.581121+02|11/96027D28|28|10|9536049|4489|3694080|5409645|54050|143366228|0|553924677|2022-04-11 00:24:56.632354+02
364|1649647988.602226|2022-04-11 05:33:08.602226+02|11/96027D28|28|10|9536049|4489|3694080|5409645|54050|143366228|0|554028868|2022-04-11 00:24:56.632354+02
365|1649647989.623733|2022-04-11 05:33:09.623733+02|11/96027D28|28|10|9536049|4489|3694080|5409645|54050|143366228|0|554132821|2022-04-11 00:24:56.632354+02
366|1649647990.649821|2022-04-11 05:33:10.649821+02|11/96027D28|28|10|9536049|4489|3694080|5409645|54050|143366228|0|554236615|2022-04-11 00:24:56.632354+02
367|1649647991.672926|2022-04-11 05:33:11.672926+02|11/96027D28|28|10|9536049|4489|3694080|5409645|54050|143366228|0|554339406|2022-04-11 00:24:56.632354+02
368|1649647992.699974|2022-04-11 05:33:12.699974+02|11/96027D28|28|10|9536049|4489|3694080|5409645|54050|143366228|0|554463226|2022-04-11 00:24:56.632354+02
369|1649647993.721245|2022-04-11 05:33:13.721245+02|11/96027D28|28|10|9536049|4489|3694080|5409645|54050|143366228|0|554566861|2022-04-11 00:24:56.632354+02
370|1649647994.743950|2022-04-11 05:33:14.74395+02|11/96027D28|28|10|9536049|4489|3694080|5409645|54050|143366228|0|554671807|2022-04-11 00:24:56.632354+02
371|1649647995.766050|2022-04-11 05:33:15.76605+02|11/96027D28|28|10|9536049|4489|3694080|5409645|54050|143366228|0|554775424|2022-04-11 00:24:56.632354+02
372|1649647996.789569|2022-04-11 05:33:16.789569+02|11/96027D28|28|10|9536049|4489|3694080|5409645|54050|143366228|0|554879384|2022-04-11 00:24:56.632354+02
373|1649647997.810483|2022-04-11 05:33:17.810483+02|11/96027D28|28|10|9536049|4489|3694080|5409645|54050|143366228|0|554983309|2022-04-11 00:24:56.632354+02
374|1649647998.831467|2022-04-11 05:33:18.831467+02|11/96027D28|28|10|9536049|4489|3694080|5409645|54050|143366228|0|555087874|2022-04-11 00:24:56.632354+02
375|1649647999.854413|2022-04-11 05:33:19.854413+02|11/96027D28|28|10|9536049|4489|3694080|5409645|54050|143366228|0|555191569|2022-04-11 00:24:56.632354+02
376|1649648000.875944|2022-04-11 05:33:20.875944+02|11/96027D28|28|10|9536049|4489|3694080|5409645|54050|143366228|0|555295523|2022-04-11 00:24:56.632354+02
377|1649648001.897827|2022-04-11 05:33:21.897827+02|11/96027D28|28|10|9536049|4489|3694080|5409645|54050|143366228|0|555399381|2022-04-11 00:24:56.632354+02
378|1649648002.919590|2022-04-11 05:33:22.91959+02|11/96027D28|28|10|9536049|4489|3694080|5409645|54050|143366228|0|555502609|2022-04-11 00:24:56.632354+02
379|1649648003.941562|2022-04-11 05:33:23.941562+02|11/96027D28|28|10|9536049|4489|3694080|5409645|54050|143366228|0|555606866|2022-04-11 00:24:56.632354+02
380|1649648004.964202|2022-04-11 05:33:24.964202+02|11/96027D28|28|10|9536049|4489|3694080|5409645|54050|143366228|0|555731204|2022-04-11 00:24:56.632354+02
381|1649648005.985523|2022-04-11 05:33:25.985523+02|11/96027D28|28|10|9536049|4489|3694080|5409645|54050|143366228|0|555834492|2022-04-11 00:24:56.632354+02
382|1649648007.006818|2022-04-11 05:33:27.006818+02|11/96027D28|28|10|9536049|4489|3694080|5409645|54050|143366228|0|555938210|2022-04-11 00:24:56.632354+02
383|1649648008.029281|2022-04-11 05:33:28.029281+02|11/96027D28|28|10|9536049|4489|3694080|5409645|54050|143366228|0|556041638|2022-04-11 00:24:56.632354+02
384|1649648009.051467|2022-04-11 05:33:29.051467+02|11/96027D28|28|10|9536049|4489|3694080|5409645|54050|143366228|0|556145653|2022-04-11 00:24:56.632354+02
385|1649648010.074442|2022-04-11 05:33:30.074442+02|11/96027D28|28|10|9536049|4489|3694080|5409645|54050|143366228|0|556248894|2022-04-11 00:24:56.632354+02
386|1649648011.095343|2022-04-11 05:33:31.095343+02|11/96027D28|28|10|9536049|4489|3694080|5409645|54050|143366228|0|556352154|2022-04-11 00:24:56.632354+02
387|1649648012.116704|2022-04-11 05:33:32.116704+02|11/96027D28|28|10|9536049|4489|3694080|5409645|54050|143366228|0|556454639|2022-04-11 00:24:56.632354+02
388|1649648013.138666|2022-04-11 05:33:33.138666+02|11/96027D28|28|10|9536049|4489|3694080|5409645|54050|143366228|0|556557963|2022-04-11 00:24:56.632354+02
389|1649648014.161258|2022-04-11 05:33:34.161258+02|11/96027D28|28|10|9536049|4489|3694080|5409645|54050|143366228|0|556660409|2022-04-11 00:24:56.632354+02
390|1649648015.183428|2022-04-11 05:33:35.183428+02|11/96027D28|28|10|9536049|4489|3694080|5409645|54050|143366228|0|556763077|2022-04-11 00:24:56.632354+02
391|1649648016.205622|2022-04-11 05:33:36.205622+02|11/96027D28|28|10|9536049|4489|3694080|5409645|54050|143366228|0|556865965|2022-04-11 00:24:56.632354+02
392|1649648017.232486|2022-04-11 05:33:37.232486+02|11/96027D28|28|10|9536049|4489|3694080|5409645|54050|143366228|0|556989714|2022-04-11 00:24:56.632354+02
393|1649648018.253277|2022-04-11 05:33:38.253277+02|11/96027D28|28|10|9536049|4489|3694080|5409645|54050|143366228|0|557092194|2022-04-11 00:24:56.632354+02
394|1649648019.276397|2022-04-11 05:33:39.276397+02|11/96027D28|28|10|9536049|4489|3694080|5409645|54050|143366228|0|557195472|2022-04-11 00:24:56.632354+02
395|1649648020.300064|2022-04-11 05:33:40.300064+02|11/96027D28|28|10|9536049|4489|3694080|5409645|54050|143366228|0|557298515|2022-04-11 00:24:56.632354+02
396|1649648021.321284|2022-04-11 05:33:41.321284+02|11/96027D28|28|10|9536049|4489|3694080|5409645|54050|143366228|0|557401715|2022-04-11 00:24:56.632354+02
397|1649648022.344822|2022-04-11 05:33:42.344822+02|11/96027D28|28|10|9536049|4489|3694080|5409645|54050|143366228|0|557503322|2022-04-11 00:24:56.632354+02
398|1649648023.364882|2022-04-11 05:33:43.364882+02|11/96027D28|28|10|9536049|4489|3694080|5409645|54050|143366228|0|557606401|2022-04-11 00:24:56.632354+02
399|1649648024.387292|2022-04-11 05:33:44.387292+02|11/96027D28|28|10|9536049|4489|3694080|5409645|54050|143366228|0|557708612|2022-04-11 00:24:56.632354+02
400|1649648025.407916|2022-04-11 05:33:45.407916+02|11/96027D28|28|10|9536049|4489|3694080|5409645|54050|143366228|0|557810640|2022-04-11 00:24:56.632354+02
401|1649648026.429549|2022-04-11 05:33:46.429549+02|11/96027D28|28|10|9536049|4489|3694080|5409645|54050|143366228|0|557913388|2022-04-11 00:24:56.632354+02
402|1649648027.450445|2022-04-11 05:33:47.450445+02|11/96027D28|28|10|9536049|4489|3694080|5409645|54050|143366228|0|558015622|2022-04-11 00:24:56.632354+02
403|1649648028.473355|2022-04-11 05:33:48.473355+02|11/96027D28|28|10|9536049|4489|3694080|5409645|54050|143366228|0|558118182|2022-04-11 00:24:56.632354+02
404|1649648029.493185|2022-04-11 05:33:49.493185+02|11/96027D28|28|10|9536049|4489|3694080|5409645|54050|143366228|0|558241371|2022-04-11 00:24:56.632354+02
405|1649648030.513287|2022-04-11 05:33:50.513287+02|11/96027D28|28|10|9536049|4489|3694080|5409645|54050|143366228|0|558344104|2022-04-11 00:24:56.632354+02
406|1649648031.534652|2022-04-11 05:33:51.534652+02|11/96027D28|28|10|9536049|4489|3694080|5409645|54050|143366228|0|558446835|2022-04-11 00:24:56.632354+02
407|1649648032.563451|2022-04-11 05:33:52.563451+02|11/96027D28|28|10|9536049|4489|3694080|5409645|54050|143366228|0|558550131|2022-04-11 00:24:56.632354+02
408|1649648033.584623|2022-04-11 05:33:53.584623+02|11/96027D28|28|10|9536049|4489|3694080|5409645|54050|143366228|0|558651973|2022-04-11 00:24:56.632354+02
409|1649648034.605980|2022-04-11 05:33:54.60598+02|11/96027D28|28|10|9536049|4489|3694080|5409645|54050|143366228|0|558754946|2022-04-11 00:24:56.632354+02
410|1649648035.626383|2022-04-11 05:33:55.626383+02|11/96027D28|28|10|9536049|4489|3694080|5409645|54050|143366228|0|558857721|2022-04-11 00:24:56.632354+02
411|1649648036.647106|2022-04-11 05:33:56.647106+02|11/96027D28|28|10|9536049|4489|3694080|5409645|54050|143366228|0|558959114|2022-04-11 00:24:56.632354+02
412|1649648037.668282|2022-04-11 05:33:57.668282+02|11/96027D28|28|10|9536049|4489|3694080|5409645|54050|143366228|0|559059205|2022-04-11 00:24:56.632354+02
413|1649648038.689406|2022-04-11 05:33:58.689406+02|11/96027D28|28|10|9536049|4489|3694080|5409645|54050|143366228|0|559162986|2022-04-11 00:24:56.632354+02
414|1649648039.710373|2022-04-11 05:33:59.710373+02|11/96027D28|28|10|9536049|4489|3694080|5409645|54050|143366228|0|559265025|2022-04-11 00:24:56.632354+02
415|1649648040.735251|2022-04-11 05:34:00.735251+02|11/96027D28|28|10|9536049|4489|3694080|5409645|54050|143366228|0|559367487|2022-04-11 00:24:56.632354+02
416|1649648041.760291|2022-04-11 05:34:01.760291+02|11/96027D28|28|10|9536049|4489|3694080|5409645|54050|143366228|0|559489664|2022-04-11 00:24:56.632354+02
417|1649648042.782264|2022-04-11 05:34:02.782264+02|11/96027D28|28|10|9536049|4489|3694080|5409645|54050|143366228|0|559592325|2022-04-11 00:24:56.632354+02
418|1649648043.803183|2022-04-11 05:34:03.803183+02|11/96027D28|28|10|9536049|4489|3694080|5409645|54050|143366228|0|559695049|2022-04-11 00:24:56.632354+02
419|1649648044.826407|2022-04-11 05:34:04.826407+02|11/96027D28|28|10|9536049|4489|3694080|5409645|54050|143366228|0|559797118|2022-04-11 00:24:56.632354+02
420|1649648045.837341|2022-04-11 05:34:05.837341+02|11/96027D28|28|10|9536049|4489|3694080|5409645|54050|143366228|0|559858438|2022-04-11 00:24:56.632354+02
421|1649648046.861744|2022-04-11 05:34:06.861744+02|11/96027D28|28|10|9536049|4489|3694080|5409645|54050|143366228|0|560001762|2022-04-11 00:24:56.632354+02
422|1649648047.882134|2022-04-11 05:34:07.882134+02|11/96027D28|28|10|9536049|4489|3694080|5409645|54050|143366228|0|560105387|2022-04-11 00:24:56.632354+02
423|1649648048.903830|2022-04-11 05:34:08.90383+02|11/96027D28|28|10|9536049|4489|3694080|5409645|54050|143366228|0|560207127|2022-04-11 00:24:56.632354+02
424|1649648049.925470|2022-04-11 05:34:09.92547+02|11/96027D28|28|10|9536049|4489|3694080|5409645|54050|143366228|0|560309433|2022-04-11 00:24:56.632354+02
425|1649648050.947528|2022-04-11 05:34:10.947528+02|11/96027D28|28|10|9536049|4489|3694080|5409645|54050|143366228|0|560411761|2022-04-11 00:24:56.632354+02
426|1649648051.968985|2022-04-11 05:34:11.968985+02|11/96027D28|28|10|9536049|4489|3694080|5409645|54050|143366228|0|560515263|2022-04-11 00:24:56.632354+02
427|1649648052.990310|2022-04-11 05:34:12.99031+02|11/96027D28|28|10|9536049|4489|3694080|5409645|54050|143366228|0|560618076|2022-04-11 00:24:56.632354+02
428|1649648054.010976|2022-04-11 05:34:14.010976+02|11/96027D28|28|10|9536049|4489|3694080|5409645|54050|143366228|0|560740896|2022-04-11 00:24:56.632354+02
429|1649648055.035440|2022-04-11 05:34:15.03544+02|11/96027D28|28|10|9536049|4489|3694080|5409645|54050|143366228|0|560843105|2022-04-11 00:24:56.632354+02
430|1649648056.057397|2022-04-11 05:34:16.057397+02|11/96027D28|28|10|9536049|4489|3694080|5409645|54050|143366228|0|560946769|2022-04-11 00:24:56.632354+02
431|1649648057.078421|2022-04-11 05:34:17.078421+02|11/96027D28|28|10|9536049|4489|3694080|5409645|54050|143366228|0|561049562|2022-04-11 00:24:56.632354+02
432|1649648058.101339|2022-04-11 05:34:18.101339+02|11/96027D28|28|10|9536049|4489|3694080|5409645|54050|143366228|0|561151793|2022-04-11 00:24:56.632354+02
433|1649648059.121851|2022-04-11 05:34:19.121851+02|11/96027D28|28|10|9536049|4489|3694080|5409645|54050|143366228|0|561254630|2022-04-11 00:24:56.632354+02
434|1649648060.143069|2022-04-11 05:34:20.143069+02|11/96027D28|28|10|9536049|4489|3694080|5409645|54050|143366228|0|561358729|2022-04-11 00:24:56.632354+02
435|1649648061.163640|2022-04-11 05:34:21.16364+02|11/96027D28|28|10|9536049|4489|3694080|5409645|54050|143366228|0|561462195|2022-04-11 00:24:56.632354+02
436|1649648062.185932|2022-04-11 05:34:22.185932+02|11/96027D28|28|10|9536049|4489|3694080|5409645|54050|143366228|0|561565985|2022-04-11 00:24:56.632354+02
437|1649648063.208740|2022-04-11 05:34:23.20874+02|11/96027D28|28|10|9536049|4489|3694080|5409645|54050|143366228|0|561669023|2022-04-11 00:24:56.632354+02
438|1649648064.230297|2022-04-11 05:34:24.230297+02|11/96027D28|28|10|9536049|4489|3694080|5409645|54050|143366228|0|561771755|2022-04-11 00:24:56.632354+02
439|1649648065.252214|2022-04-11 05:34:25.252214+02|11/96027D28|28|10|9536049|4489|3694080|5409645|54050|143366228|0|561875459|2022-04-11 00:24:56.632354+02
440|1649648066.277404|2022-04-11 05:34:26.277404+02|11/96027D28|28|10|9536049|4489|3694080|5409645|54050|143366228|0|561999643|2022-04-11 00:24:56.632354+02
441|1649648067.298177|2022-04-11 05:34:27.298177+02|11/96027D28|28|10|9536049|4489|3694080|5409645|54050|143366228|0|562102744|2022-04-11 00:24:56.632354+02
442|1649648068.330020|2022-04-11 05:34:28.33002+02|11/96027D28|28|10|9536049|4489|3694080|5409645|54050|143366228|0|562205329|2022-04-11 00:24:56.632354+02
443|1649648069.353767|2022-04-11 05:34:29.353767+02|11/96027D28|28|10|9536049|4489|3694080|5409645|54050|143366228|0|562308439|2022-04-11 00:24:56.632354+02
444|1649648070.374577|2022-04-11 05:34:30.374577+02|11/96027D28|28|10|9536049|4489|3694080|5409645|54050|143366228|0|562411681|2022-04-11 00:24:56.632354+02
445|1649648071.396534|2022-04-11 05:34:31.396534+02|11/96027D28|28|10|9536049|4489|3694080|5409645|54050|143366228|0|562514634|2022-04-11 00:24:56.632354+02
446|1649648072.417678|2022-04-11 05:34:32.417678+02|11/96027D28|28|10|9536049|4489|3694080|5409645|54050|143366228|0|562617724|2022-04-11 00:24:56.632354+02
447|1649648073.439783|2022-04-11 05:34:33.439783+02|11/96027D28|28|10|9536049|4489|3694080|5409645|54050|143366228|0|562721044|2022-04-11 00:24:56.632354+02
448|1649648074.461422|2022-04-11 05:34:34.461422+02|11/96027D28|28|10|9536049|4489|3694080|5409645|54050|143366228|0|562825667|2022-04-11 00:24:56.632354+02
449|1649648075.486836|2022-04-11 05:34:35.486836+02|11/96027D28|28|10|9536049|4489|3694080|5409645|54050|143366228|0|562928948|2022-04-11 00:24:56.632354+02
450|1649648076.507491|2022-04-11 05:34:36.507491+02|11/96027D28|28|10|9536049|4489|3694080|5409645|54050|143366228|0|563031822|2022-04-11 00:24:56.632354+02
451|1649648077.527673|2022-04-11 05:34:37.527673+02|11/96027D28|28|10|9536049|4489|3694080|5409645|54050|143366228|0|563134398|2022-04-11 00:24:56.632354+02
452|1649648078.553010|2022-04-11 05:34:38.55301+02|11/96027D28|28|10|9536049|4489|3694080|5409645|54050|143366228|0|563258268|2022-04-11 00:24:56.632354+02
453|1649648079.573929|2022-04-11 05:34:39.573929+02|11/96027D28|28|10|9536049|4489|3694080|5409645|54050|143366228|0|563361588|2022-04-11 00:24:56.632354+02
454|1649648080.596199|2022-04-11 05:34:40.596199+02|11/96027D28|28|10|9536049|4489|3694080|5409645|54050|143366228|0|563464827|2022-04-11 00:24:56.632354+02
455|1649648081.616369|2022-04-11 05:34:41.616369+02|11/96027D28|28|10|9536049|4489|3694080|5409645|54050|143366228|0|563567615|2022-04-11 00:24:56.632354+02
456|1649648082.637412|2022-04-11 05:34:42.637412+02|11/96027D28|28|10|9536049|4489|3694080|5409645|54050|143366228|0|563670492|2022-04-11 00:24:56.632354+02
457|1649648083.658342|2022-04-11 05:34:43.658342+02|11/96027D28|28|10|9536049|4489|3694080|5409645|54050|143366228|0|563773215|2022-04-11 00:24:56.632354+02
458|1649648084.679633|2022-04-11 05:34:44.679633+02|11/96027D28|28|10|9536049|4489|3694080|5409645|54050|143366228|0|563876678|2022-04-11 00:24:56.632354+02
459|1649648085.701554|2022-04-11 05:34:45.701554+02|11/96027D28|28|10|9536049|4489|3694080|5409645|54050|143366228|0|563978171|2022-04-11 00:24:56.632354+02
460|1649648086.724512|2022-04-11 05:34:46.724512+02|11/96027D28|28|10|9536049|4489|3694080|5409645|54050|143366228|0|564080423|2022-04-11 00:24:56.632354+02
461|1649648087.746054|2022-04-11 05:34:47.746054+02|11/96027D28|28|10|9536049|4489|3694080|5409645|54050|143366228|0|564182151|2022-04-11 00:24:56.632354+02
462|1649648088.767430|2022-04-11 05:34:48.76743+02|11/96027D28|28|10|9536049|4489|3694080|5409645|54050|143366228|0|564285092|2022-04-11 00:24:56.632354+02
463|1649648089.787917|2022-04-11 05:34:49.787917+02|11/96027D28|28|10|9536049|4489|3694080|5409645|54050|143366228|0|564388870|2022-04-11 00:24:56.632354+02
464|1649648090.812953|2022-04-11 05:34:50.812953+02|11/96027D28|28|10|9536049|4489|3694080|5409645|54050|143366228|0|564512143|2022-04-11 00:24:56.632354+02
465|1649648091.833911|2022-04-11 05:34:51.833911+02|11/96027D28|28|10|9536049|4489|3694080|5409645|54050|143366228|0|564615199|2022-04-11 00:24:56.632354+02
466|1649648092.857169|2022-04-11 05:34:52.857169+02|11/96027D28|28|10|9536049|4489|3694080|5409645|54050|143366228|0|564717616|2022-04-11 00:24:56.632354+02
467|1649648093.879416|2022-04-11 05:34:53.879416+02|11/96027D28|28|10|9536049|4489|3694080|5409645|54050|143366228|0|564821172|2022-04-11 00:24:56.632354+02
468|1649648094.900251|2022-04-11 05:34:54.900251+02|11/96027D28|28|10|9536049|4489|3694080|5409645|54050|143366228|0|564922975|2022-04-11 00:24:56.632354+02
469|1649648095.921299|2022-04-11 05:34:55.921299+02|11/96027D28|28|10|9536049|4489|3694080|5409645|54050|143366228|0|565025882|2022-04-11 00:24:56.632354+02
470|1649648096.941854|2022-04-11 05:34:56.941854+02|11/96027D28|28|10|9536049|4489|3694080|5409645|54050|143366228|0|565127244|2022-04-11 00:24:56.632354+02
471|1649648097.962729|2022-04-11 05:34:57.962729+02|11/96027D28|28|10|9536049|4489|3694080|5409645|54050|143366228|0|565229709|2022-04-11 00:24:56.632354+02
472|1649648098.983428|2022-04-11 05:34:58.983428+02|11/96027D28|28|10|9536049|4489|3694080|5409645|54050|143366228|0|565330941|2022-04-11 00:24:56.632354+02
473|1649648100.004837|2022-04-11 05:35:00.004837+02|11/96027D28|28|10|9536049|4489|3694080|5409645|54050|143366228|0|565433532|2022-04-11 00:24:56.632354+02
474|1649648101.026046|2022-04-11 05:35:01.026046+02|11/96027D28|28|10|9536049|4489|3694080|5409645|54050|143366228|0|565535482|2022-04-11 00:24:56.632354+02
475|1649648102.046746|2022-04-11 05:35:02.046746+02|11/96027D28|28|10|9536049|4489|3694080|5409645|54050|143366228|0|565637123|2022-04-11 00:24:56.632354+02
476|1649648103.067595|2022-04-11 05:35:03.067595+02|11/96027D28|28|10|9536049|4489|3694080|5409645|54050|143366228|0|565760305|2022-04-11 00:24:56.632354+02
477|1649648104.090350|2022-04-11 05:35:04.09035+02|11/96027D28|28|10|9536049|4489|3694080|5409645|54050|143366228|0|565863195|2022-04-11 00:24:56.632354+02
478|1649648105.112649|2022-04-11 05:35:05.112649+02|11/96027D28|28|10|9536049|4489|3694080|5409645|54050|143366228|0|565964859|2022-04-11 00:24:56.632354+02
479|1649648106.133704|2022-04-11 05:35:06.133704+02|11/96027D28|28|10|9536049|4489|3694080|5409645|54050|143366228|0|566068133|2022-04-11 00:24:56.632354+02
480|1649648107.156237|2022-04-11 05:35:07.156237+02|11/96027D28|28|10|9536049|4489|3694080|5409645|54050|143366228|0|566171274|2022-04-11 00:24:56.632354+02
481|1649648108.180297|2022-04-11 05:35:08.180297+02|11/96027D28|28|10|9536049|4489|3694080|5409645|54050|143366228|0|566273470|2022-04-11 00:24:56.632354+02
482|1649648109.201305|2022-04-11 05:35:09.201305+02|11/96027D28|28|10|9536049|4489|3694080|5409645|54050|143366228|0|566376361|2022-04-11 00:24:56.632354+02
483|1649648110.222192|2022-04-11 05:35:10.222192+02|11/96027D28|28|10|9536049|4489|3694080|5409645|54050|143366228|0|566478480|2022-04-11 00:24:56.632354+02
484|1649648111.243053|2022-04-11 05:35:11.243053+02|11/96027D28|28|10|9536049|4489|3694080|5409645|54050|143366228|0|566580156|2022-04-11 00:24:56.632354+02
485|1649648112.264126|2022-04-11 05:35:12.264126+02|11/96027D28|28|10|9536049|4489|3694080|5409645|54050|143366228|0|566682341|2022-04-11 00:24:56.632354+02
486|1649648113.286437|2022-04-11 05:35:13.286437+02|11/96027D28|28|10|9536049|4489|3694080|5409645|54050|143366228|0|566783727|2022-04-11 00:24:56.632354+02
487|1649648114.308484|2022-04-11 05:35:14.308484+02|11/96027D28|28|10|9536049|4489|3694080|5409645|54050|143366228|0|566886402|2022-04-11 00:24:56.632354+02
488|1649648115.334672|2022-04-11 05:35:15.334672+02|11/96027D28|28|10|9536049|4489|3694080|5409645|54050|143366228|0|567010674|2022-04-11 00:24:56.632354+02
489|1649648116.355295|2022-04-11 05:35:16.355295+02|11/96027D28|28|10|9536049|4489|3694080|5409645|54050|143366228|0|567113309|2022-04-11 00:24:56.632354+02
490|1649648117.376045|2022-04-11 05:35:17.376045+02|11/96027D28|28|10|9536049|4489|3694080|5409645|54050|143366228|0|567216222|2022-04-11 00:24:56.632354+02
491|1649648118.398393|2022-04-11 05:35:18.398393+02|11/96027D28|28|10|9536049|4489|3694080|5409645|54050|143366228|0|567318263|2022-04-11 00:24:56.632354+02
492|1649648119.422753|2022-04-11 05:35:19.422753+02|11/96027D28|28|10|9536049|4489|3694080|5409645|54050|143366228|0|567419961|2022-04-11 00:24:56.632354+02
493|1649648120.445841|2022-04-11 05:35:20.445841+02|11/96027D28|28|10|9536049|4489|3694080|5409645|54050|143366228|0|567523713|2022-04-11 00:24:56.632354+02
494|1649648121.466758|2022-04-11 05:35:21.466758+02|11/96027D28|28|10|9536049|4489|3694080|5409645|54050|143366228|0|567627307|2022-04-11 00:24:56.632354+02
495|1649648122.487998|2022-04-11 05:35:22.487998+02|11/96027D28|28|10|9536049|4489|3694080|5409645|54050|143366228|0|567728711|2022-04-11 00:24:56.632354+02
496|1649648123.510582|2022-04-11 05:35:23.510582+02|11/96027D28|28|10|9536049|4489|3694080|5409645|54050|143366228|0|567831602|2022-04-11 00:24:56.632354+02
497|1649648124.530845|2022-04-11 05:35:24.530845+02|11/96027D28|28|10|9536049|4489|3694080|5409645|54050|143366228|0|567933139|2022-04-11 00:24:56.632354+02
498|1649648125.553770|2022-04-11 05:35:25.55377+02|11/96027D28|28|10|9536049|4489|3694080|5409645|54050|143366228|0|568033651|2022-04-11 00:24:56.632354+02
499|1649648126.575027|2022-04-11 05:35:26.575027+02|11/96027D28|28|10|9536049|4489|3694080|5409645|54050|143366228|0|568135097|2022-04-11 00:24:56.632354+02
500|1649648127.595740|2022-04-11 05:35:27.59574+02|11/96027D28|28|10|9536049|4489|3694080|5409645|54050|143366228|0|568256926|2022-04-11 00:24:56.632354+02
501|1649648128.617913|2022-04-11 05:35:28.617913+02|11/96027D28|28|10|9536049|4489|3694080|5409645|54050|143366228|0|568359372|2022-04-11 00:24:56.632354+02
502|1649648129.637868|2022-04-11 05:35:29.637868+02|11/96027D28|28|10|9536049|4489|3694080|5409645|54050|143366228|0|568461713|2022-04-11 00:24:56.632354+02
503|1649648130.660008|2022-04-11 05:35:30.660008+02|11/96027D28|28|10|9536049|4489|3694080|5409645|54050|143366228|0|568563872|2022-04-11 00:24:56.632354+02
504|1649648131.680150|2022-04-11 05:35:31.68015+02|11/96027D28|28|10|9536049|4489|3694080|5409645|54050|143366228|0|568664126|2022-04-11 00:24:56.632354+02
505|1649648132.700162|2022-04-11 05:35:32.700162+02|11/96027D28|28|10|9536049|4489|3694080|5409645|54050|143366228|0|568765257|2022-04-11 00:24:56.632354+02
506|1649648133.720894|2022-04-11 05:35:33.720894+02|11/96027D28|28|10|9536049|4489|3694080|5409645|54050|143366228|0|568866479|2022-04-11 00:24:56.632354+02
507|1649648134.741947|2022-04-11 05:35:34.741947+02|11/96027D28|28|10|9536049|4489|3694080|5409645|54050|143366228|0|568968695|2022-04-11 00:24:56.632354+02
508|1649648135.762061|2022-04-11 05:35:35.762061+02|11/96027D28|28|10|9536049|4489|3694080|5409645|54050|143366228|0|569070842|2022-04-11 00:24:56.632354+02
509|1649648136.782692|2022-04-11 05:35:36.782692+02|11/96027D28|28|10|9536049|4489|3694080|5409645|54050|143366228|0|569172391|2022-04-11 00:24:56.632354+02
510|1649648137.803551|2022-04-11 05:35:37.803551+02|11/96027D28|28|10|9536049|4489|3694080|5409645|54050|143366228|0|569275031|2022-04-11 00:24:56.632354+02
511|1649648138.827335|2022-04-11 05:35:38.827335+02|11/96027D28|28|10|9536049|4489|3694080|5409645|54050|143366228|0|569376151|2022-04-11 00:24:56.632354+02
512|1649648139.854047|2022-04-11 05:35:39.854047+02|11/96027D28|28|10|9536049|4489|3694080|5409645|54050|143366228|0|569497692|2022-04-11 00:24:56.632354+02
513|1649648140.874666|2022-04-11 05:35:40.874666+02|11/96027D28|28|10|9536049|4489|3694080|5409645|54050|143366228|0|569599402|2022-04-11 00:24:56.632354+02
514|1649648141.895594|2022-04-11 05:35:41.895594+02|11/96027D28|28|10|9536049|4489|3694080|5409645|54050|143366228|0|569701380|2022-04-11 00:24:56.632354+02
515|1649648142.916820|2022-04-11 05:35:42.91682+02|11/96027D28|28|10|9536049|4489|3694080|5409645|54050|143366228|0|569803445|2022-04-11 00:24:56.632354+02
516|1649648143.937306|2022-04-11 05:35:43.937306+02|11/96027D28|28|10|9536049|4489|3694080|5409645|54050|143366228|0|569905443|2022-04-11 00:24:56.632354+02
517|1649648144.957898|2022-04-11 05:35:44.957898+02|11/96027D28|28|10|9536049|4489|3694080|5409645|54050|143366228|0|570006311|2022-04-11 00:24:56.632354+02
518|1649648145.979617|2022-04-11 05:35:45.979617+02|11/96027D28|28|10|9536049|4489|3694080|5409645|54050|143366228|0|570107539|2022-04-11 00:24:56.632354+02
519|1649648146.999797|2022-04-11 05:35:46.999797+02|11/96027D28|28|10|9536049|4489|3694080|5409645|54050|143366228|0|570208485|2022-04-11 00:24:56.632354+02
520|1649648148.020356|2022-04-11 05:35:48.020356+02|11/96027D28|28|10|9536049|4489|3694080|5409645|54050|143366228|0|570309460|2022-04-11 00:24:56.632354+02
521|1649648149.041374|2022-04-11 05:35:49.041374+02|11/96027D28|28|10|9536049|4489|3694080|5409645|54050|143366228|0|570412462|2022-04-11 00:24:56.632354+02
522|1649648150.062099|2022-04-11 05:35:50.062099+02|11/96027D28|28|10|9536049|4489|3694080|5409645|54050|143366228|0|570515109|2022-04-11 00:24:56.632354+02
523|1649648151.083218|2022-04-11 05:35:51.083218+02|11/96027D28|28|10|9536049|4489|3694080|5409645|54050|143366228|0|570616885|2022-04-11 00:24:56.632354+02
524|1649648152.104755|2022-04-11 05:35:52.104755+02|11/96027D28|28|10|9536049|4489|3694080|5409645|54050|143366228|0|570718731|2022-04-11 00:24:56.632354+02
525|1649648153.125934|2022-04-11 05:35:53.125934+02|11/96027D28|28|10|9536049|4489|3694080|5409645|54050|143366228|0|570840932|2022-04-11 00:24:56.632354+02
526|1649648154.146477|2022-04-11 05:35:54.146477+02|11/96027D28|28|10|9536049|4489|3694080|5409645|54050|143366228|0|570943435|2022-04-11 00:24:56.632354+02
527|1649648155.167635|2022-04-11 05:35:55.167635+02|11/96027D28|28|10|9536049|4489|3694080|5409645|54050|143366228|0|571045460|2022-04-11 00:24:56.632354+02
528|1649648156.188267|2022-04-11 05:35:56.188267+02|11/96027D28|28|10|9536049|4489|3694080|5409645|54050|143366228|0|571147549|2022-04-11 00:24:56.632354+02
529|1649648157.210886|2022-04-11 05:35:57.210886+02|11/96027D28|28|10|9536049|4489|3694080|5409645|54050|143366228|0|571248985|2022-04-11 00:24:56.632354+02
530|1649648158.232751|2022-04-11 05:35:58.232751+02|11/96027D28|28|10|9536049|4489|3694080|5409645|54050|143366228|0|571350882|2022-04-11 00:24:56.632354+02
531|1649648159.255993|2022-04-11 05:35:59.255993+02|11/96027D28|28|10|9536049|4489|3694080|5409645|54050|143366228|0|571452993|2022-04-11 00:24:56.632354+02
532|1649648160.277061|2022-04-11 05:36:00.277061+02|11/96027D28|28|10|9536049|4489|3694080|5409645|54050|143366228|0|571554112|2022-04-11 00:24:56.632354+02
533|1649648161.297106|2022-04-11 05:36:01.297106+02|11/96027D28|28|10|9536049|4489|3694080|5409645|54050|143366228|0|571655718|2022-04-11 00:24:56.632354+02
534|1649648162.317563|2022-04-11 05:36:02.317563+02|11/96027D28|28|10|9536049|4489|3694080|5409645|54050|143366228|0|571757526|2022-04-11 00:24:56.632354+02
535|1649648163.338432|2022-04-11 05:36:03.338432+02|11/96027D28|28|10|9536049|4489|3694080|5409645|54050|143366228|0|571859270|2022-04-11 00:24:56.632354+02
536|1649648164.364431|2022-04-11 05:36:04.364431+02|11/96027D28|28|10|9536049|4489|3694080|5409645|54050|143366228|0|571960009|2022-04-11 00:24:56.632354+02
537|1649648165.385440|2022-04-11 05:36:05.38544+02|11/96027D28|28|10|9536049|4489|3694080|5409645|54050|143366228|0|572083149|2022-04-11 00:24:56.632354+02
538|1649648166.406923|2022-04-11 05:36:06.406923+02|11/96027D28|28|10|9536049|4489|3694080|5409645|54050|143366228|0|572184816|2022-04-11 00:24:56.632354+02
539|1649648167.430881|2022-04-11 05:36:07.430881+02|11/96027D28|28|10|9536049|4489|3694080|5409645|54050|143366228|0|572286842|2022-04-11 00:24:56.632354+02
540|1649648168.455452|2022-04-11 05:36:08.455452+02|11/96027D28|28|10|9536049|4489|3694080|5409645|54050|143366228|0|572388113|2022-04-11 00:24:56.632354+02
541|1649648169.479464|2022-04-11 05:36:09.479464+02|11/96027D28|28|10|9536049|4489|3694080|5409645|54050|143366228|0|572490101|2022-04-11 00:24:56.632354+02
542|1649648170.502938|2022-04-11 05:36:10.502938+02|11/96027D28|28|10|9536049|4489|3694080|5409645|54050|143366228|0|572592189|2022-04-11 00:24:56.632354+02
543|1649648171.531206|2022-04-11 05:36:11.531206+02|11/96027D28|28|10|9536049|4489|3694080|5409645|54050|143366228|0|572692482|2022-04-11 00:24:56.632354+02
544|1649648172.551325|2022-04-11 05:36:12.551325+02|11/96027D28|28|10|9536049|4489|3694080|5409645|54050|143366228|0|572795629|2022-04-11 00:24:56.632354+02
545|1649648173.572776|2022-04-11 05:36:13.572776+02|11/96027D28|28|10|9536049|4489|3694080|5409645|54050|143366228|0|572898328|2022-04-11 00:24:56.632354+02
546|1649648174.593326|2022-04-11 05:36:14.593326+02|11/96027D28|28|10|9536049|4489|3694080|5409645|54050|143366228|0|573000070|2022-04-11 00:24:56.632354+02
547|1649648175.618389|2022-04-11 05:36:15.618389+02|11/96027D28|28|10|9536049|4489|3694080|5409645|54050|143366228|0|573102479|2022-04-11 00:24:56.632354+02
548|1649648176.639751|2022-04-11 05:36:16.639751+02|11/96027D28|28|10|9536049|4489|3694080|5409645|54050|143366228|0|573227429|2022-04-11 00:24:56.632354+02
549|1649648177.661354|2022-04-11 05:36:17.661354+02|11/96027D28|28|10|9536049|4489|3694080|5409645|54050|143366228|0|573331003|2022-04-11 00:24:56.632354+02
550|1649648178.682881|2022-04-11 05:36:18.682881+02|11/96027D28|28|10|9536049|4489|3694080|5409645|54050|143366228|0|573435486|2022-04-11 00:24:56.632354+02
551|1649648179.717170|2022-04-11 05:36:19.71717+02|11/96027D28|28|10|9536049|4489|3694080|5409645|54050|143366228|0|573539300|2022-04-11 00:24:56.632354+02
552|1649648180.738337|2022-04-11 05:36:20.738337+02|11/96027D28|28|10|9536049|4489|3694080|5409645|54050|143366228|0|573643279|2022-04-11 00:24:56.632354+02
553|1649648181.765310|2022-04-11 05:36:21.76531+02|11/96027D28|28|10|9536049|4489|3694080|5409645|54050|143366228|0|573746400|2022-04-11 00:24:56.632354+02
554|1649648182.785575|2022-04-11 05:36:22.785575+02|11/96027D28|28|10|9536049|4489|3694080|5409645|54050|143366228|0|573849536|2022-04-11 00:24:56.632354+02
555|1649648183.808557|2022-04-11 05:36:23.808557+02|11/96027D28|28|10|9536049|4489|3694080|5409645|54050|143366228|0|573953110|2022-04-11 00:24:56.632354+02
556|1649648184.830740|2022-04-11 05:36:24.83074+02|11/96027D28|28|10|9536049|4489|3694080|5409645|54050|143366228|0|574057158|2022-04-11 00:24:56.632354+02
557|1649648185.851971|2022-04-11 05:36:25.851971+02|11/96027D28|28|10|9536049|4489|3694080|5409645|54050|143366228|0|574160143|2022-04-11 00:24:56.632354+02
558|1649648186.872849|2022-04-11 05:36:26.872849+02|11/96027D28|28|10|9536049|4489|3694080|5409645|54050|143366228|0|574263320|2022-04-11 00:24:56.632354+02
559|1649648187.897173|2022-04-11 05:36:27.897173+02|11/96027D28|28|10|9536049|4489|3694080|5409645|54050|143366228|0|574388024|2022-04-11 00:24:56.632354+02
560|1649648188.923422|2022-04-11 05:36:28.923422+02|11/96027D28|28|10|9536049|4489|3694080|5409645|54050|143366228|0|574491095|2022-04-11 00:24:56.632354+02
561|1649648189.944053|2022-04-11 05:36:29.944053+02|11/96027D28|28|10|9536049|4489|3694080|5409645|54050|143366228|0|574594740|2022-04-11 00:24:56.632354+02
562|1649648190.967305|2022-04-11 05:36:30.967305+02|11/96027D28|28|10|9536049|4489|3694080|5409645|54050|143366228|0|574698105|2022-04-11 00:24:56.632354+02
563|1649648191.989123|2022-04-11 05:36:31.989123+02|11/96027D28|28|10|9536049|4489|3694080|5409645|54050|143366228|0|574801490|2022-04-11 00:24:56.632354+02
564|1649648193.010468|2022-04-11 05:36:33.010468+02|11/96027D28|28|10|9536049|4489|3694080|5409645|54050|143366228|0|574904834|2022-04-11 00:24:56.632354+02
565|1649648194.034493|2022-04-11 05:36:34.034493+02|11/96027D28|28|10|9536049|4489|3694080|5409645|54050|143366228|0|575007915|2022-04-11 00:24:56.632354+02
566|1649648195.056483|2022-04-11 05:36:35.056483+02|11/96027D28|28|10|9536049|4489|3694080|5409645|54050|143366228|0|575111792|2022-04-11 00:24:56.632354+02
567|1649648196.077399|2022-04-11 05:36:36.077399+02|11/96027D28|28|10|9536049|4489|3694080|5409645|54050|143366228|0|575214949|2022-04-11 00:24:56.632354+02
568|1649648197.097955|2022-04-11 05:36:37.097955+02|11/96027D28|28|10|9536049|4489|3694080|5409645|54050|143366228|0|575318267|2022-04-11 00:24:56.632354+02
569|1649648198.119320|2022-04-11 05:36:38.11932+02|11/96027D28|28|10|9536049|4489|3694080|5409645|54050|143366228|0|575421845|2022-04-11 00:24:56.632354+02
570|1649648199.141504|2022-04-11 05:36:39.141504+02|11/96027D28|28|10|9536049|4489|3694080|5409645|54050|143366228|0|575524642|2022-04-11 00:24:56.632354+02
571|1649648200.163084|2022-04-11 05:36:40.163084+02|11/96027D28|28|10|9536049|4489|3694080|5409645|54050|143366228|0|575650160|2022-04-11 00:24:56.632354+02
572|1649648201.186497|2022-04-11 05:36:41.186497+02|11/96027D28|28|10|9536049|4489|3694080|5409645|54050|143366228|0|575753244|2022-04-11 00:24:56.632354+02
573|1649648202.209040|2022-04-11 05:36:42.20904+02|11/96027D28|28|10|9536049|4489|3694080|5409645|54050|143366228|0|575857897|2022-04-11 00:24:56.632354+02
574|1649648203.231916|2022-04-11 05:36:43.231916+02|11/96027D28|28|10|9536049|4489|3694080|5409645|54050|143366228|0|575961414|2022-04-11 00:24:56.632354+02
575|1649648204.252656|2022-04-11 05:36:44.252656+02|11/96027D28|28|10|9536049|4489|3694080|5409645|54050|143366228|0|576064685|2022-04-11 00:24:56.632354+02
576|1649648205.275543|2022-04-11 05:36:45.275543+02|11/96027D28|28|10|9536049|4489|3694080|5409645|54050|143366228|0|576168146|2022-04-11 00:24:56.632354+02
577|1649648206.296777|2022-04-11 05:36:46.296777+02|11/96027D28|28|10|9536049|4489|3694080|5409645|54050|143366228|0|576271184|2022-04-11 00:24:56.632354+02
578|1649648207.318301|2022-04-11 05:36:47.318301+02|11/96027D28|28|10|9536049|4489|3694080|5409645|54050|143366228|0|576374992|2022-04-11 00:24:56.632354+02
579|1649648208.339232|2022-04-11 05:36:48.339232+02|11/96027D28|28|10|9536049|4489|3694080|5409645|54050|143366228|0|576478983|2022-04-11 00:24:56.632354+02
580|1649648209.361043|2022-04-11 05:36:49.361043+02|11/96027D28|28|10|9536049|4489|3694080|5409645|54050|143366228|0|576581870|2022-04-11 00:24:56.632354+02
581|1649648210.382174|2022-04-11 05:36:50.382174+02|11/96027D28|28|10|9536049|4489|3694080|5409645|54050|143366228|0|576686153|2022-04-11 00:24:56.632354+02
582|1649648211.405148|2022-04-11 05:36:51.405148+02|11/96027D28|28|10|9536049|4489|3694080|5409645|54050|143366228|0|576790183|2022-04-11 00:24:56.632354+02
583|1649648212.426953|2022-04-11 05:36:52.426953+02|11/96027D28|28|10|9536049|4489|3694080|5409645|54050|143366228|0|576913618|2022-04-11 00:24:56.632354+02
584|1649648213.452578|2022-04-11 05:36:53.452578+02|11/96027D28|28|10|9536049|4489|3694080|5409645|54050|143366228|0|577016681|2022-04-11 00:24:56.632354+02
585|1649648214.476014|2022-04-11 05:36:54.476014+02|11/96027D28|28|10|9536049|4489|3694080|5409645|54050|143366228|0|577120456|2022-04-11 00:24:56.632354+02
586|1649648215.496921|2022-04-11 05:36:55.496921+02|11/96027D28|28|10|9536049|4489|3694080|5409645|54050|143366228|0|577222977|2022-04-11 00:24:56.632354+02
587|1649648216.519636|2022-04-11 05:36:56.519636+02|11/96027D28|28|10|9536049|4489|3694080|5409645|54050|143366228|0|577324837|2022-04-11 00:24:56.632354+02
588|1649648217.543189|2022-04-11 05:36:57.543189+02|11/96027D28|28|10|9536049|4489|3694080|5409645|54050|143366228|0|577427851|2022-04-11 00:24:56.632354+02
589|1649648218.564857|2022-04-11 05:36:58.564857+02|11/96027D28|28|10|9536049|4489|3694080|5409645|54050|143366228|0|577531886|2022-04-11 00:24:56.632354+02
590|1649648219.585833|2022-04-11 05:36:59.585833+02|11/96027D28|28|10|9536049|4489|3694080|5409645|54050|143366228|0|577635890|2022-04-11 00:24:56.632354+02
591|1649648220.608910|2022-04-11 05:37:00.60891+02|11/96027D28|28|10|9536049|4489|3694080|5409645|54050|143366228|0|577738409|2022-04-11 00:24:56.632354+02
592|1649648221.629863|2022-04-11 05:37:01.629863+02|11/96027D28|28|10|9536049|4489|3694080|5409645|54050|143366228|0|577842243|2022-04-11 00:24:56.632354+02
593|1649648222.652143|2022-04-11 05:37:02.652143+02|11/96027D28|28|10|9536049|4489|3694080|5409645|54050|143366228|0|577946208|2022-04-11 00:24:56.632354+02
594|1649648223.673360|2022-04-11 05:37:03.67336+02|11/96027D28|28|10|9536049|4489|3694080|5409645|54050|143366228|0|578049427|2022-04-11 00:24:56.632354+02
595|1649648224.694730|2022-04-11 05:37:04.69473+02|11/96027D28|28|10|9536049|4489|3694080|5409645|54050|143366228|0|578173526|2022-04-11 00:24:56.632354+02
596|1649648225.705725|2022-04-11 05:37:05.705725+02|11/96027D28|28|10|9536049|4489|3694080|5409645|54050|143366228|0|578234946|2022-04-11 00:24:56.632354+02
597|1649648226.725907|2022-04-11 05:37:06.725907+02|11/96027D28|28|10|9536049|4489|3694080|5409645|54050|143366228|0|578380622|2022-04-11 00:24:56.632354+02
598|1649648227.746807|2022-04-11 05:37:07.746807+02|11/96027D28|28|10|9536049|4489|3694080|5409645|54050|143366228|0|578483901|2022-04-11 00:24:56.632354+02
599|1649648228.766993|2022-04-11 05:37:08.766993+02|11/96027D28|28|10|9536049|4489|3694080|5409645|54050|143366228|0|578587957|2022-04-11 00:24:56.632354+02
600|1649648229.787549|2022-04-11 05:37:09.787549+02|11/96027D28|28|10|9536049|4489|3694080|5409645|54050|143366228|0|578691150|2022-04-11 00:24:56.632354+02
601|1649648230.809928|2022-04-11 05:37:10.809928+02|11/96027D28|28|10|9536049|4489|3694080|5409645|54050|143366228|0|578794517|2022-04-11 00:24:56.632354+02
602|1649648231.831134|2022-04-11 05:37:11.831134+02|11/96027D28|28|10|9536049|4489|3694080|5409645|54050|143366228|0|578897760|2022-04-11 00:24:56.632354+02
603|1649648232.852309|2022-04-11 05:37:12.852309+02|11/96027D28|28|10|9536049|4489|3694080|5409645|54050|143366228|0|579002380|2022-04-11 00:24:56.632354+02
604|1649648233.872943|2022-04-11 05:37:13.872943+02|11/96027D28|28|10|9536049|4489|3694080|5409645|54050|143366228|0|579106390|2022-04-11 00:24:56.632354+02
605|1649648234.896319|2022-04-11 05:37:14.896319+02|11/96027D28|28|10|9536049|4489|3694080|5409645|54050|143366228|0|579209812|2022-04-11 00:24:56.632354+02
606|1649648235.919095|2022-04-11 05:37:15.919095+02|11/96027D28|28|10|9536049|4489|3694080|5409645|54050|143366228|0|579314261|2022-04-11 00:24:56.632354+02
607|1649648236.940197|2022-04-11 05:37:16.940197+02|11/96027D28|28|10|9536049|4489|3694080|5409645|54050|143366228|0|579417096|2022-04-11 00:24:56.632354+02
608|1649648237.965756|2022-04-11 05:37:17.965756+02|11/96027D28|28|10|9536049|4489|3694080|5409645|54050|143366228|0|579541794|2022-04-11 00:24:56.632354+02
609|1649648238.986543|2022-04-11 05:37:18.986543+02|11/96027D28|28|10|9536049|4489|3694080|5409645|54050|143366228|0|579645259|2022-04-11 00:24:56.632354+02
610|1649648240.010928|2022-04-11 05:37:20.010928+02|11/96027D28|28|10|9536049|4489|3694080|5409645|54050|143366228|0|579748655|2022-04-11 00:24:56.632354+02
611|1649648241.032538|2022-04-11 05:37:21.032538+02|11/96027D28|28|10|9536049|4489|3694080|5409645|54050|143366228|0|579851350|2022-04-11 00:24:56.632354+02
612|1649648242.053880|2022-04-11 05:37:22.05388+02|11/96027D28|28|10|9536049|4489|3694080|5409645|54050|143366228|0|579955638|2022-04-11 00:24:56.632354+02
613|1649648243.076812|2022-04-11 05:37:23.076812+02|11/96027D28|28|10|9536049|4489|3694080|5409645|54050|143366228|0|580059307|2022-04-11 00:24:56.632354+02
614|1649648244.097461|2022-04-11 05:37:24.097461+02|11/96027D28|28|10|9536049|4489|3694080|5409645|54050|143366228|0|580162563|2022-04-11 00:24:56.632354+02
615|1649648245.119509|2022-04-11 05:37:25.119509+02|11/96027D28|28|10|9536049|4489|3694080|5409645|54050|143366228|0|580267297|2022-04-11 00:24:56.632354+02
616|1649648246.148804|2022-04-11 05:37:26.148804+02|11/96027D28|28|10|9536049|4489|3694080|5409645|54050|143366228|0|580370551|2022-04-11 00:24:56.632354+02
617|1649648247.171284|2022-04-11 05:37:27.171284+02|11/96027D28|28|10|9536049|4489|3694080|5409645|54050|143366228|0|580473714|2022-04-11 00:24:56.632354+02
618|1649648248.194290|2022-04-11 05:37:28.19429+02|11/96027D28|28|10|9536049|4489|3694080|5409645|54050|143366228|0|580576891|2022-04-11 00:24:56.632354+02
619|1649648249.221309|2022-04-11 05:37:29.221309+02|11/96027D28|28|10|9536049|4489|3694080|5409645|54050|143366228|0|580701049|2022-04-11 00:24:56.632354+02
620|1649648250.242209|2022-04-11 05:37:30.242209+02|11/96027D28|28|10|9536049|4489|3694080|5409645|54050|143366228|0|580803928|2022-04-11 00:24:56.632354+02
621|1649648251.263181|2022-04-11 05:37:31.263181+02|11/96027D28|28|10|9536049|4489|3694080|5409645|54050|143366228|0|580907503|2022-04-11 00:24:56.632354+02
622|1649648252.283412|2022-04-11 05:37:32.283412+02|11/96027D28|28|10|9536049|4489|3694080|5409645|54050|143366228|0|581011421|2022-04-11 00:24:56.632354+02
623|1649648253.304193|2022-04-11 05:37:33.304193+02|11/96027D28|28|10|9536049|4489|3694080|5409645|54050|143366228|0|581114787|2022-04-11 00:24:56.632354+02
624|1649648254.325856|2022-04-11 05:37:34.325856+02|11/96027D28|28|10|9536049|4489|3694080|5409645|54050|143366228|0|581218479|2022-04-11 00:24:56.632354+02
625|1649648255.347622|2022-04-11 05:37:35.347622+02|11/96027D28|28|10|9536049|4489|3694080|5409645|54050|143366228|0|581322318|2022-04-11 00:24:56.632354+02
626|1649648256.370574|2022-04-11 05:37:36.370574+02|11/96027D28|28|10|9536049|4489|3694080|5409645|54050|143366228|0|581426399|2022-04-11 00:24:56.632354+02
627|1649648257.392956|2022-04-11 05:37:37.392956+02|11/96027D28|28|10|9536049|4489|3694080|5409645|54050|143366228|0|581530185|2022-04-11 00:24:56.632354+02
628|1649648258.413020|2022-04-11 05:37:38.41302+02|11/96027D28|28|10|9536049|4489|3694080|5409645|54050|143366228|0|581633783|2022-04-11 00:24:56.632354+02
629|1649648259.437651|2022-04-11 05:37:39.437651+02|11/96027D28|28|10|9536049|4489|3694080|5409645|54050|143366228|0|581737746|2022-04-11 00:24:56.632354+02
630|1649648260.459406|2022-04-11 05:37:40.459406+02|11/96027D28|28|10|9536049|4489|3694080|5409645|54050|143366228|0|581841858|2022-04-11 00:24:56.632354+02
631|1649648261.481514|2022-04-11 05:37:41.481514+02|11/96027D28|28|10|9536049|4489|3694080|5409645|54050|143366228|0|581945915|2022-04-11 00:24:56.632354+02
632|1649648262.507422|2022-04-11 05:37:42.507422+02|11/96027D28|28|10|9536049|4489|3694080|5409645|54050|143366228|0|582069566|2022-04-11 00:24:56.632354+02
633|1649648263.527914|2022-04-11 05:37:43.527914+02|11/96027D28|28|10|9536049|4489|3694080|5409645|54050|143366228|0|582173430|2022-04-11 00:24:56.632354+02
634|1649648264.550048|2022-04-11 05:37:44.550048+02|11/96027D28|28|10|9536049|4489|3694080|5409645|54050|143366228|0|582277120|2022-04-11 00:24:56.632354+02
635|1649648265.573743|2022-04-11 05:37:45.573743+02|11/96027D28|28|10|9536049|4489|3694080|5409645|54050|143366228|0|582380791|2022-04-11 00:24:56.632354+02
636|1649648266.595197|2022-04-11 05:37:46.595197+02|11/96027D28|28|10|9536049|4489|3694080|5409645|54050|143366228|0|582485283|2022-04-11 00:24:56.632354+02
637|1649648267.616138|2022-04-11 05:37:47.616138+02|11/96027D28|28|10|9536049|4489|3694080|5409645|54050|143366228|0|582589634|2022-04-11 00:24:56.632354+02
638|1649648268.638039|2022-04-11 05:37:48.638039+02|11/96027D28|28|10|9536049|4489|3694080|5409645|54050|143366228|0|582693322|2022-04-11 00:24:56.632354+02
639|1649648269.659234|2022-04-11 05:37:49.659234+02|11/96027D28|28|10|9536049|4489|3694080|5409645|54050|143366228|0|582796334|2022-04-11 00:24:56.632354+02
640|1649648270.681958|2022-04-11 05:37:50.681958+02|11/96027D28|28|10|9536049|4489|3694080|5409645|54050|143366228|0|582899287|2022-04-11 00:24:56.632354+02
641|1649648271.702700|2022-04-11 05:37:51.7027+02|11/96027D28|28|10|9536049|4489|3694080|5409645|54050|143366228|0|583002657|2022-04-11 00:24:56.632354+02
642|1649648272.723891|2022-04-11 05:37:52.723891+02|11/96027D28|28|10|9536049|4489|3694080|5409645|54050|143366228|0|583106267|2022-04-11 00:24:56.632354+02
643|1649648273.748026|2022-04-11 05:37:53.748026+02|11/96027D28|28|10|9536049|4489|3694080|5409645|54050|143366228|0|583230011|2022-04-11 00:24:56.632354+02
644|1649648274.768439|2022-04-11 05:37:54.768439+02|11/96027D28|28|10|9536049|4489|3694080|5409645|54050|143366228|0|583333888|2022-04-11 00:24:56.632354+02
645|1649648275.789689|2022-04-11 05:37:55.789689+02|11/96027D28|29|10|9536049|4489|3694080|5409645|54050|143366228|0|583436443|2022-04-11 00:24:56.632354+02
646|1649648276.811801|2022-04-11 05:37:56.811801+02|11/96027D28|29|10|9536049|4489|3694080|5409645|54050|143366228|0|583539604|2022-04-11 00:24:56.632354+02
647|1649648277.832984|2022-04-11 05:37:57.832984+02|11/96027D28|29|10|9536049|4489|3694080|5409645|54050|143366228|0|583642655|2022-04-11 00:24:56.632354+02
648|1649648278.854671|2022-04-11 05:37:58.854671+02|11/96027D28|29|10|9536049|4489|3694080|5409645|54050|143366228|0|583746268|2022-04-11 00:24:56.632354+02
649|1649648279.878010|2022-04-11 05:37:59.87801+02|11/96027D28|29|10|9536049|4489|3694080|5409645|54050|143366228|0|583850779|2022-04-11 00:24:56.632354+02
650|1649648280.899829|2022-04-11 05:38:00.899829+02|11/96027D28|29|10|9536049|4489|3694080|5409645|54050|143366228|0|583953947|2022-04-11 00:24:56.632354+02
651|1649648281.919799|2022-04-11 05:38:01.919799+02|11/96027D28|29|10|9536049|4489|3694080|5409645|54050|143366228|0|584056014|2022-04-11 00:24:56.632354+02
652|1649648282.940506|2022-04-11 05:38:02.940506+02|11/96027D28|29|10|9536049|4489|3694080|5409645|54050|143366228|0|584159459|2022-04-11 00:24:56.632354+02
653|1649648283.963848|2022-04-11 05:38:03.963848+02|11/96027D28|29|10|9536049|4489|3694080|5409645|54050|143366228|0|584263321|2022-04-11 00:24:56.632354+02
654|1649648284.985022|2022-04-11 05:38:04.985022+02|11/96027D28|29|10|9536049|4489|3694080|5409645|54050|143366228|0|584367167|2022-04-11 00:24:56.632354+02
655|1649648286.006609|2022-04-11 05:38:06.006609+02|11/96027D28|29|10|9536049|4489|3694080|5409645|54050|143366228|0|584470355|2022-04-11 00:24:56.632354+02
656|1649648287.033831|2022-04-11 05:38:07.033831+02|11/96027D28|29|10|9536049|4489|3694080|5409645|54050|143366228|0|584595064|2022-04-11 00:24:56.632354+02
657|1649648288.054802|2022-04-11 05:38:08.054802+02|11/96027D28|29|10|9536049|4489|3694080|5409645|54050|143366228|0|584698487|2022-04-11 00:24:56.632354+02
658|1649648289.078270|2022-04-11 05:38:09.07827+02|11/96027D28|29|10|9536049|4489|3694080|5409645|54050|143366228|0|584801331|2022-04-11 00:24:56.632354+02
659|1649648290.100333|2022-04-11 05:38:10.100333+02|11/96027D28|29|10|9536049|4489|3694080|5409645|54050|143366228|0|584904535|2022-04-11 00:24:56.632354+02
660|1649648291.123446|2022-04-11 05:38:11.123446+02|11/96027D28|29|10|9536049|4489|3694080|5409645|54050|143366228|0|585007011|2022-04-11 00:24:56.632354+02
661|1649648292.146976|2022-04-11 05:38:12.146976+02|11/96027D28|29|10|9536049|4489|3694080|5409645|54050|143366228|0|585110598|2022-04-11 00:24:56.632354+02
662|1649648293.168371|2022-04-11 05:38:13.168371+02|11/96027D28|29|10|9536049|4489|3694080|5409645|54050|143366228|0|585214158|2022-04-11 00:24:56.632354+02
663|1649648294.189500|2022-04-11 05:38:14.1895+02|11/96027D28|29|10|9536049|4489|3694080|5409645|54050|143366228|0|585317130|2022-04-11 00:24:56.632354+02
664|1649648295.211993|2022-04-11 05:38:15.211993+02|11/96027D28|29|10|9536049|4489|3694080|5409645|54050|143366228|0|585420256|2022-04-11 00:24:56.632354+02
665|1649648296.232660|2022-04-11 05:38:16.23266+02|11/96027D28|29|10|9536049|4489|3694080|5409645|54050|143366228|0|585522906|2022-04-11 00:24:56.632354+02
666|1649648297.256362|2022-04-11 05:38:17.256362+02|11/96027D28|29|10|9536049|4489|3694080|5409645|54050|143366228|0|585626486|2022-04-11 00:24:56.632354+02
667|1649648298.277458|2022-04-11 05:38:18.277458+02|11/96027D28|29|10|9536049|4489|3694080|5409645|54050|143366228|0|585750209|2022-04-11 00:24:56.632354+02
668|1649648299.301515|2022-04-11 05:38:19.301515+02|11/96027D28|29|10|9536049|4489|3694080|5409645|54050|143366228|0|585854628|2022-04-11 00:24:56.632354+02
669|1649648300.322849|2022-04-11 05:38:20.322849+02|11/96027D28|29|10|9536049|4489|3694080|5409645|54050|143366228|0|585958746|2022-04-11 00:24:56.632354+02
670|1649648301.345660|2022-04-11 05:38:21.34566+02|11/96027D28|29|10|9536049|4489|3694080|5409645|54050|143366228|0|586061655|2022-04-11 00:24:56.632354+02
671|1649648302.367518|2022-04-11 05:38:22.367518+02|11/96027D28|29|10|9536049|4489|3694080|5409645|54050|143366228|0|586164738|2022-04-11 00:24:56.632354+02
672|1649648303.388243|2022-04-11 05:38:23.388243+02|11/96027D28|29|10|9536049|4489|3694080|5409645|54050|143366228|0|586269050|2022-04-11 00:24:56.632354+02
673|1649648304.409679|2022-04-11 05:38:24.409679+02|11/96027D28|29|10|9536049|4489|3694080|5409645|54050|143366228|0|586372370|2022-04-11 00:24:56.632354+02
674|1649648305.431032|2022-04-11 05:38:25.431032+02|11/96027D28|29|10|9536049|4489|3694080|5409645|54050|143366228|0|586476970|2022-04-11 00:24:56.632354+02
675|1649648306.452269|2022-04-11 05:38:26.452269+02|11/96027D28|29|10|9536049|4489|3694080|5409645|54050|143366228|0|586579633|2022-04-11 00:24:56.632354+02
676|1649648307.474026|2022-04-11 05:38:27.474026+02|11/96027D28|29|10|9536049|4489|3694080|5409645|54050|143366228|0|586683477|2022-04-11 00:24:56.632354+02
677|1649648308.497171|2022-04-11 05:38:28.497171+02|11/96027D28|29|10|9536049|4489|3694080|5409645|54050|143366228|0|586786836|2022-04-11 00:24:56.632354+02
678|1649648309.518340|2022-04-11 05:38:29.51834+02|11/96027D28|29|10|9536049|4489|3694080|5409645|54050|143366228|0|586889053|2022-04-11 00:24:56.632354+02
679|1649648310.538914|2022-04-11 05:38:30.538914+02|11/96027D28|29|10|9536049|4489|3694080|5409645|54050|143366228|0|587012649|2022-04-11 00:24:56.632354+02
680|1649648311.563887|2022-04-11 05:38:31.563887+02|11/96027D28|29|10|9536049|4489|3694080|5409645|54050|143366228|0|587115682|2022-04-11 00:24:56.632354+02
681|1649648312.587673|2022-04-11 05:38:32.587673+02|11/96027D28|29|10|9536049|4489|3694080|5409645|54050|143366228|0|587218234|2022-04-11 00:24:56.632354+02
682|1649648313.608583|2022-04-11 05:38:33.608583+02|11/96027D28|29|10|9536049|4489|3694080|5409645|54050|143366228|0|587321382|2022-04-11 00:24:56.632354+02
683|1649648314.629999|2022-04-11 05:38:34.629999+02|11/96027D28|29|10|9536049|4489|3694080|5409645|54050|143366228|0|587423902|2022-04-11 00:24:56.632354+02
684|1649648315.650698|2022-04-11 05:38:35.650698+02|11/96027D28|29|10|9536049|4489|3694080|5409645|54050|143366228|0|587525694|2022-04-11 00:24:56.632354+02
685|1649648316.673585|2022-04-11 05:38:36.673585+02|11/96027D28|29|10|9536049|4489|3694080|5409645|54050|143366228|0|587627657|2022-04-11 00:24:56.632354+02
686|1649648317.695016|2022-04-11 05:38:37.695016+02|11/96027D28|29|10|9536049|4489|3694080|5409645|54050|143366228|0|587729668|2022-04-11 00:24:56.632354+02
687|1649648318.715119|2022-04-11 05:38:38.715119+02|11/96027D28|29|10|9536049|4489|3694080|5409645|54050|143366228|0|587832116|2022-04-11 00:24:56.632354+02
688|1649648319.736192|2022-04-11 05:38:39.736192+02|11/96027D28|29|10|9536049|4489|3694080|5409645|54050|143366228|0|587934782|2022-04-11 00:24:56.632354+02
689|1649648320.758878|2022-04-11 05:38:40.758878+02|11/96027D28|29|10|9536049|4489|3694080|5409645|54050|143366228|0|588037394|2022-04-11 00:24:56.632354+02
690|1649648321.782170|2022-04-11 05:38:41.78217+02|11/96027D28|29|10|9536049|4489|3694080|5409645|54050|143366228|0|588140457|2022-04-11 00:24:56.632354+02
691|1649648322.802896|2022-04-11 05:38:42.802896+02|11/96027D28|29|10|9536049|4489|3694080|5409645|54050|143366228|0|588263163|2022-04-11 00:24:56.632354+02
692|1649648323.825306|2022-04-11 05:38:43.825306+02|11/96027D28|29|10|9536049|4489|3694080|5409645|54050|143366228|0|588365809|2022-04-11 00:24:56.632354+02
693|1649648324.847778|2022-04-11 05:38:44.847778+02|11/96027D28|29|10|9536049|4489|3694080|5409645|54050|143366228|0|588467276|2022-04-11 00:24:56.632354+02
694|1649648325.874107|2022-04-11 05:38:45.874107+02|11/96027D28|29|10|9536049|4489|3694080|5409645|54050|143366228|0|588568933|2022-04-11 00:24:56.632354+02
695|1649648326.905131|2022-04-11 05:38:46.905131+02|11/96027D28|29|10|9536049|4489|3694080|5409645|54050|143366228|0|588670980|2022-04-11 00:24:56.632354+02
696|1649648327.931127|2022-04-11 05:38:47.931127+02|11/96027D28|29|10|9536049|4489|3694080|5409645|54050|143366228|0|588772134|2022-04-11 00:24:56.632354+02
697|1649648328.952637|2022-04-11 05:38:48.952637+02|11/96027D28|29|10|9536049|4489|3694080|5409645|54050|143366228|0|588875031|2022-04-11 00:24:56.632354+02
698|1649648329.974014|2022-04-11 05:38:49.974014+02|11/96027D28|29|10|9536049|4489|3694080|5409645|54050|143366228|0|588977451|2022-04-11 00:24:56.632354+02
699|1649648330.994899|2022-04-11 05:38:50.994899+02|11/96027D28|29|10|9536049|4489|3694080|5409645|54050|143366228|0|589079713|2022-04-11 00:24:56.632354+02
700|1649648332.014983|2022-04-11 05:38:52.014983+02|11/96027D28|29|10|9536049|4489|3694080|5409645|54050|143366228|0|589182052|2022-04-11 00:24:56.632354+02
701|1649648333.038219|2022-04-11 05:38:53.038219+02|11/96027D28|29|10|9536049|4489|3694080|5409645|54050|143366228|0|589283880|2022-04-11 00:24:56.632354+02
702|1649648334.059118|2022-04-11 05:38:54.059118+02|11/96027D28|29|10|9536049|4489|3694080|5409645|54050|143366228|0|589406973|2022-04-11 00:24:56.632354+02
703|1649648335.080317|2022-04-11 05:38:55.080317+02|11/96027D28|29|10|9536049|4489|3694080|5409645|54050|143366228|0|589510620|2022-04-11 00:24:56.632354+02
704|1649648336.105320|2022-04-11 05:38:56.10532+02|11/96027D28|29|10|9536049|4489|3694080|5409645|54050|143366228|0|589613075|2022-04-11 00:24:56.632354+02
705|1649648337.126225|2022-04-11 05:38:57.126225+02|11/96027D28|29|10|9536049|4489|3694080|5409645|54050|143366228|0|589713514|2022-04-11 00:24:56.632354+02
706|1649648338.147303|2022-04-11 05:38:58.147303+02|11/96027D28|29|10|9536049|4489|3694080|5409645|54050|143366228|0|589816185|2022-04-11 00:24:56.632354+02
707|1649648339.171637|2022-04-11 05:38:59.171637+02|11/96027D28|29|10|9536049|4489|3694080|5409645|54050|143366228|0|589918447|2022-04-11 00:24:56.632354+02
708|1649648340.194001|2022-04-11 05:39:00.194001+02|11/96027D28|29|10|9536049|4489|3694080|5409645|54050|143366228|0|590022240|2022-04-11 00:24:56.632354+02
709|1649648341.215033|2022-04-11 05:39:01.215033+02|11/96027D28|29|10|9536049|4489|3694080|5409645|54050|143366228|0|590124872|2022-04-11 00:24:56.632354+02
710|1649648342.235702|2022-04-11 05:39:02.235702+02|11/96027D28|29|10|9536049|4489|3694080|5409645|54050|143366228|0|590226879|2022-04-11 00:24:56.632354+02
711|1649648343.255994|2022-04-11 05:39:03.255994+02|11/96027D28|29|10|9536049|4489|3694080|5409645|54050|143366228|0|590329093|2022-04-11 00:24:56.632354+02
712|1649648344.278316|2022-04-11 05:39:04.278316+02|11/96027D28|29|10|9536049|4489|3694080|5409645|54050|143366228|0|590431667|2022-04-11 00:24:56.632354+02
713|1649648345.306008|2022-04-11 05:39:05.306008+02|11/96027D28|29|10|9536049|4489|3694080|5409645|54050|143366228|0|590534855|2022-04-11 00:24:56.632354+02
714|1649648346.330911|2022-04-11 05:39:06.330911+02|11/96027D28|29|10|9536049|4489|3694080|5409645|54050|143366228|0|590657442|2022-04-11 00:24:56.632354+02
715|1649648347.351948|2022-04-11 05:39:07.351948+02|11/96027D28|29|10|9536049|4489|3694080|5409645|54050|143366228|0|590759758|2022-04-11 00:24:56.632354+02
716|1649648348.373650|2022-04-11 05:39:08.37365+02|11/96027D28|29|10|9536049|4489|3694080|5409645|54050|143366228|0|590861631|2022-04-11 00:24:56.632354+02
717|1649648349.394077|2022-04-11 05:39:09.394077+02|11/96027D28|29|10|9536049|4489|3694080|5409645|54050|143366228|0|590964175|2022-04-11 00:24:56.632354+02
718|1649648350.416075|2022-04-11 05:39:10.416075+02|11/96027D28|29|10|9536049|4489|3694080|5409645|54050|143366228|0|591067196|2022-04-11 00:24:56.632354+02
719|1649648351.437505|2022-04-11 05:39:11.437505+02|11/96027D28|29|10|9536049|4489|3694080|5409645|54050|143366228|0|591168737|2022-04-11 00:24:56.632354+02
720|1649648352.458849|2022-04-11 05:39:12.458849+02|11/96027D28|29|10|9536049|4489|3694080|5409645|54050|143366228|0|591271561|2022-04-11 00:24:56.632354+02
721|1649648353.480441|2022-04-11 05:39:13.480441+02|11/96027D28|29|10|9536049|4489|3694080|5409645|54050|143366228|0|591373473|2022-04-11 00:24:56.632354+02
722|1649648354.503882|2022-04-11 05:39:14.503882+02|11/96027D28|29|10|9536049|4489|3694080|5409645|54050|143366228|0|591475957|2022-04-11 00:24:56.632354+02
723|1649648355.530074|2022-04-11 05:39:15.530074+02|11/96027D28|29|10|9536049|4489|3694080|5409645|54050|143366228|0|591578303|2022-04-11 00:24:56.632354+02
724|1649648356.550828|2022-04-11 05:39:16.550828+02|11/96027D28|29|10|9536049|4489|3694080|5409645|54050|143366228|0|591681646|2022-04-11 00:24:56.632354+02
725|1649648357.571022|2022-04-11 05:39:17.571022+02|11/96027D28|29|10|9536049|4489|3694080|5409645|54050|143366228|0|591783992|2022-04-11 00:24:56.632354+02
726|1649648358.591795|2022-04-11 05:39:18.591795+02|11/96027D28|29|10|9536049|4489|3694080|5409645|54050|143366228|0|591907404|2022-04-11 00:24:56.632354+02
727|1649648359.614544|2022-04-11 05:39:19.614544+02|11/96027D28|29|10|9536049|4489|3694080|5409645|54050|143366228|0|592009799|2022-04-11 00:24:56.632354+02
728|1649648360.640701|2022-04-11 05:39:20.640701+02|11/96027D28|29|10|9536049|4489|3694080|5409645|54050|143366228|0|592112317|2022-04-11 00:24:56.632354+02
729|1649648361.661893|2022-04-11 05:39:21.661893+02|11/96027D28|29|10|9536049|4489|3694080|5409645|54050|143366228|0|592216364|2022-04-11 00:24:56.632354+02
730|1649648362.683085|2022-04-11 05:39:22.683085+02|11/96027D28|29|10|9536049|4489|3694080|5409645|54050|143366228|0|592319309|2022-04-11 00:24:56.632354+02
731|1649648363.704698|2022-04-11 05:39:23.704698+02|11/96027D28|29|10|9536049|4489|3694080|5409645|54050|143366228|0|592423788|2022-04-11 00:24:56.632354+02
732|1649648364.726267|2022-04-11 05:39:24.726267+02|11/96027D28|29|10|9536049|4489|3694080|5409645|54050|143366228|0|592527444|2022-04-11 00:24:56.632354+02
733|1649648365.747324|2022-04-11 05:39:25.747324+02|11/96027D28|29|10|9536049|4489|3694080|5409645|54050|143366228|0|592631243|2022-04-11 00:24:56.632354+02
734|1649648366.769130|2022-04-11 05:39:26.76913+02|11/96027D28|29|10|9536049|4489|3694080|5409645|54050|143366228|0|592734562|2022-04-11 00:24:56.632354+02
735|1649648367.790913|2022-04-11 05:39:27.790913+02|11/96027D28|29|10|9536049|4489|3694080|5409645|54050|143366228|0|592837697|2022-04-11 00:24:56.632354+02
736|1649648368.811448|2022-04-11 05:39:28.811448+02|11/96027D28|29|10|9536049|4489|3694080|5409645|54050|143366228|0|592942482|2022-04-11 00:24:56.632354+02
737|1649648369.832529|2022-04-11 05:39:29.832529+02|11/96027D28|29|10|9536049|4489|3694080|5409645|54050|143366228|0|593045268|2022-04-11 00:24:56.632354+02
738|1649648370.852755|2022-04-11 05:39:30.852755+02|11/96027D28|29|10|9536049|4489|3694080|5409645|54050|143366228|0|593169137|2022-04-11 00:24:56.632354+02
739|1649648371.874162|2022-04-11 05:39:31.874162+02|11/96027D28|29|10|9536049|4489|3694080|5409645|54050|143366228|0|593272475|2022-04-11 00:24:56.632354+02
740|1649648372.895384|2022-04-11 05:39:32.895384+02|11/96027D28|29|10|9536049|4489|3694080|5409645|54050|143366228|0|593376824|2022-04-11 00:24:56.632354+02
741|1649648373.917278|2022-04-11 05:39:33.917278+02|11/96027D28|29|10|9536049|4489|3694080|5409645|54050|143366228|0|593479416|2022-04-11 00:24:56.632354+02
742|1649648374.938914|2022-04-11 05:39:34.938914+02|11/96027D28|29|10|9536049|4489|3694080|5409645|54050|143366228|0|593583110|2022-04-11 00:24:56.632354+02
743|1649648375.960160|2022-04-11 05:39:35.96016+02|11/96027D28|29|10|9536049|4489|3694080|5409645|54050|143366228|0|593686204|2022-04-11 00:24:56.632354+02
744|1649648376.983195|2022-04-11 05:39:36.983195+02|11/96027D28|29|10|9536049|4489|3694080|5409645|54050|143366228|0|593789666|2022-04-11 00:24:56.632354+02
745|1649648378.004442|2022-04-11 05:39:38.004442+02|11/96027D28|29|10|9536049|4489|3694080|5409645|54050|143366228|0|593893037|2022-04-11 00:24:56.632354+02
746|1649648379.025056|2022-04-11 05:39:39.025056+02|11/96027D28|29|10|9536049|4489|3694080|5409645|54050|143366228|0|593995988|2022-04-11 00:24:56.632354+02
747|1649648380.046131|2022-04-11 05:39:40.046131+02|11/96027D28|29|10|9536049|4489|3694080|5409645|54050|143366228|0|594099964|2022-04-11 00:24:56.632354+02
748|1649648381.066792|2022-04-11 05:39:41.066792+02|11/96027D28|29|10|9536049|4489|3694080|5409645|54050|143366228|0|594202563|2022-04-11 00:24:56.632354+02
749|1649648382.088421|2022-04-11 05:39:42.088421+02|11/96027D28|29|10|9536049|4489|3694080|5409645|54050|143366228|0|594306151|2022-04-11 00:24:56.632354+02
750|1649648383.111868|2022-04-11 05:39:43.111868+02|11/96027D28|29|10|9536049|4489|3694080|5409645|54050|143366228|0|594430586|2022-04-11 00:24:56.632354+02
751|1649648384.137535|2022-04-11 05:39:44.137535+02|11/96027D28|29|10|9536049|4489|3694080|5409645|54050|143366228|0|594533288|2022-04-11 00:24:56.632354+02
752|1649648385.164200|2022-04-11 05:39:45.1642+02|11/96027D28|29|10|9536049|4489|3694080|5409645|54050|143366228|0|594636905|2022-04-11 00:24:56.632354+02
753|1649648386.186527|2022-04-11 05:39:46.186527+02|11/96027D28|29|10|9536049|4489|3694080|5409645|54050|143366228|0|594740087|2022-04-11 00:24:56.632354+02
754|1649648387.207228|2022-04-11 05:39:47.207228+02|11/96027D28|29|10|9536049|4489|3694080|5409645|54050|143366228|0|594843998|2022-04-11 00:24:56.632354+02
755|1649648388.228019|2022-04-11 05:39:48.228019+02|11/96027D28|29|10|9536049|4489|3694080|5409645|54050|143366228|0|594947348|2022-04-11 00:24:56.632354+02
756|1649648389.248581|2022-04-11 05:39:49.248581+02|11/96027D28|29|10|9536049|4489|3694080|5409645|54050|143366228|0|595049931|2022-04-11 00:24:56.632354+02
757|1649648390.271220|2022-04-11 05:39:50.27122+02|11/96027D28|29|10|9536049|4489|3694080|5409645|54050|143366228|0|595152739|2022-04-11 00:24:56.632354+02
758|1649648391.292869|2022-04-11 05:39:51.292869+02|11/96027D28|29|10|9536049|4489|3694080|5409645|54050|143366228|0|595255664|2022-04-11 00:24:56.632354+02
759|1649648392.313085|2022-04-11 05:39:52.313085+02|11/96027D28|29|10|9536049|4489|3694080|5409645|54050|143366228|0|595359557|2022-04-11 00:24:56.632354+02
760|1649648393.335941|2022-04-11 05:39:53.335941+02|11/96027D28|29|10|9536049|4489|3694080|5409645|54050|143366228|0|595462757|2022-04-11 00:24:56.632354+02
761|1649648394.358551|2022-04-11 05:39:54.358551+02|11/96027D28|29|10|9536049|4489|3694080|5409645|54050|143366228|0|595565895|2022-04-11 00:24:56.632354+02
762|1649648395.379447|2022-04-11 05:39:55.379447+02|11/96027D28|29|10|9536049|4489|3694080|5409645|54050|143366228|0|595690384|2022-04-11 00:24:56.632354+02
763|1649648396.399875|2022-04-11 05:39:56.399875+02|11/96027D28|29|10|9536049|4489|3694080|5409645|54050|143366228|0|595794439|2022-04-11 00:24:56.632354+02
764|1649648397.420780|2022-04-11 05:39:57.42078+02|11/96027D28|29|10|9536049|4489|3694080|5409645|54050|143366228|0|595897422|2022-04-11 00:24:56.632354+02
765|1649648398.441197|2022-04-11 05:39:58.441197+02|11/96027D28|29|10|9536049|4489|3694080|5409645|54050|143366228|0|596000900|2022-04-11 00:24:56.632354+02
766|1649648399.461756|2022-04-11 05:39:59.461756+02|11/96027D28|29|10|9536049|4489|3694080|5409645|54050|143366228|0|596104318|2022-04-11 00:24:56.632354+02
767|1649648400.483571|2022-04-11 05:40:00.483571+02|11/96027D28|29|10|9536049|4489|3694080|5409645|54050|143366228|0|596208167|2022-04-11 00:24:56.632354+02
768|1649648401.505711|2022-04-11 05:40:01.505711+02|11/96027D28|29|10|9536049|4489|3694080|5409645|54050|143366228|0|596311089|2022-04-11 00:24:56.632354+02
769|1649648402.526607|2022-04-11 05:40:02.526607+02|11/96027D28|29|10|9536049|4489|3694080|5409645|54050|143366228|0|596413680|2022-04-11 00:24:56.632354+02
770|1649648403.547223|2022-04-11 05:40:03.547223+02|11/96027D28|29|10|9536049|4489|3694080|5409645|54050|143366228|0|596516381|2022-04-11 00:24:56.632354+02
771|1649648404.568886|2022-04-11 05:40:04.568886+02|11/96027D28|29|10|9536049|4489|3694080|5409645|54050|143366228|0|596619955|2022-04-11 00:24:56.632354+02
772|1649648405.581907|2022-04-11 05:40:05.581907+02|11/96027D28|29|10|9536049|4489|3694080|5409645|54050|143366228|0|596723291|2022-04-11 00:24:56.632354+02
773|1649648406.604023|2022-04-11 05:40:06.604023+02|11/96027D28|29|10|9536049|4489|3694080|5409645|54050|143366228|0|596827205|2022-04-11 00:24:56.632354+02
774|1649648407.627015|2022-04-11 05:40:07.627015+02|11/96027D28|29|10|9536049|4489|3694080|5409645|54050|143366228|0|596931546|2022-04-11 00:24:56.632354+02
775|1649648408.648439|2022-04-11 05:40:08.648439+02|11/96027D28|29|10|9536049|4489|3694080|5409645|54050|143366228|0|597055967|2022-04-11 00:24:56.632354+02
776|1649648409.674706|2022-04-11 05:40:09.674706+02|11/96027D28|29|10|9536049|4489|3694080|5409645|54050|143366228|0|597159625|2022-04-11 00:24:56.632354+02
777|1649648410.695415|2022-04-11 05:40:10.695415+02|11/96027D28|29|10|9536049|4489|3694080|5409645|54050|143366228|0|597262611|2022-04-11 00:24:56.632354+02
778|1649648411.717999|2022-04-11 05:40:11.717999+02|11/96027D28|29|10|9536049|4489|3694080|5409645|54050|143366228|0|597366271|2022-04-11 00:24:56.632354+02
779|1649648412.740064|2022-04-11 05:40:12.740064+02|11/96027D28|29|10|9536049|4489|3694080|5409645|54050|143366228|0|597469546|2022-04-11 00:24:56.632354+02
780|1649648413.762621|2022-04-11 05:40:13.762621+02|11/96027D28|29|10|9536049|4489|3694080|5409645|54050|143366228|0|597572697|2022-04-11 00:24:56.632354+02
781|1649648414.785985|2022-04-11 05:40:14.785985+02|11/96027D28|29|10|9536049|4489|3694080|5409645|54050|143366228|0|597676538|2022-04-11 00:24:56.632354+02
782|1649648415.807098|2022-04-11 05:40:15.807098+02|11/96027D28|29|10|9536049|4489|3694080|5409645|54050|143366228|0|597780795|2022-04-11 00:24:56.632354+02
783|1649648416.830274|2022-04-11 05:40:16.830274+02|11/96027D28|29|10|9536049|4489|3694080|5409645|54050|143366228|0|597884638|2022-04-11 00:24:56.632354+02
784|1649648417.853541|2022-04-11 05:40:17.853541+02|11/96027D28|29|10|9536049|4489|3694080|5409645|54050|143366228|0|597987928|2022-04-11 00:24:56.632354+02
785|1649648418.874851|2022-04-11 05:40:18.874851+02|11/96027D28|29|10|9536049|4489|3694080|5409645|54050|143366228|0|598091579|2022-04-11 00:24:56.632354+02
786|1649648419.897484|2022-04-11 05:40:19.897484+02|11/96027D28|29|10|9536049|4489|3694080|5409645|54050|143366228|0|598216226|2022-04-11 00:24:56.632354+02
787|1649648420.918826|2022-04-11 05:40:20.918826+02|11/96027D28|29|10|9536049|4489|3694080|5409645|54050|143366228|0|598320116|2022-04-11 00:24:56.632354+02
788|1649648421.939517|2022-04-11 05:40:21.939517+02|11/96027D28|29|10|9536049|4489|3694080|5409645|54050|143366228|0|598422670|2022-04-11 00:24:56.632354+02
789|1649648422.961347|2022-04-11 05:40:22.961347+02|11/96027D28|29|10|9536049|4489|3694080|5409645|54050|143366228|0|598526279|2022-04-11 00:24:56.632354+02
790|1649648423.982873|2022-04-11 05:40:23.982873+02|11/96027D28|29|10|9536049|4489|3694080|5409645|54050|143366228|0|598628548|2022-04-11 00:24:56.632354+02
791|1649648425.006888|2022-04-11 05:40:25.006888+02|11/96027D28|29|10|9536049|4489|3694080|5409645|54050|143366228|0|598731230|2022-04-11 00:24:56.632354+02
792|1649648426.029902|2022-04-11 05:40:26.029902+02|11/96027D28|29|10|9536049|4489|3694080|5409645|54050|143366228|0|598834173|2022-04-11 00:24:56.632354+02
793|1649648427.052075|2022-04-11 05:40:27.052075+02|11/96027D28|29|10|9536049|4489|3694080|5409645|54050|143366228|0|598937921|2022-04-11 00:24:56.632354+02
794|1649648428.073378|2022-04-11 05:40:28.073378+02|11/96027D28|29|10|9536049|4489|3694080|5409645|54050|143366228|0|599040850|2022-04-11 00:24:56.632354+02
795|1649648429.094578|2022-04-11 05:40:29.094578+02|11/96027D28|29|10|9536049|4489|3694080|5409645|54050|143366228|0|599144776|2022-04-11 00:24:56.632354+02
796|1649648430.118227|2022-04-11 05:40:30.118227+02|11/96027D28|29|10|9536049|4489|3694080|5409645|54050|143366228|0|599247942|2022-04-11 00:24:56.632354+02
797|1649648431.139426|2022-04-11 05:40:31.139426+02|11/96027D28|29|10|9536049|4489|3694080|5409645|54050|143366228|0|599351021|2022-04-11 00:24:56.632354+02
798|1649648432.161213|2022-04-11 05:40:32.161213+02|11/96027D28|29|10|9536049|4489|3694080|5409645|54050|143366228|0|599474231|2022-04-11 00:24:56.632354+02
799|1649648433.184057|2022-04-11 05:40:33.184057+02|11/96027D28|29|10|9536049|4489|3694080|5409645|54050|143366228|0|599577077|2022-04-11 00:24:56.632354+02
800|1649648434.209209|2022-04-11 05:40:34.209209+02|11/96027D28|29|10|9536049|4489|3694080|5409645|54050|143366228|0|599680468|2022-04-11 00:24:56.632354+02
801|1649648435.230794|2022-04-11 05:40:35.230794+02|11/96027D28|29|10|9536049|4489|3694080|5409645|54050|143366228|0|599784452|2022-04-11 00:24:56.632354+02
802|1649648436.255875|2022-04-11 05:40:36.255875+02|11/96027D28|29|10|9536049|4489|3694080|5409645|54050|143366228|0|599888587|2022-04-11 00:24:56.632354+02
803|1649648437.277554|2022-04-11 05:40:37.277554+02|11/96027D28|29|10|9536049|4489|3694080|5409645|54050|143366228|0|599992269|2022-04-11 00:24:56.632354+02
804|1649648438.299192|2022-04-11 05:40:38.299192+02|11/96027D28|29|10|9536049|4489|3694080|5409645|54050|143366228|0|600096841|2022-04-11 00:24:56.632354+02
805|1649648439.322739|2022-04-11 05:40:39.322739+02|11/96027D28|29|10|9536049|4489|3694080|5409645|54050|143366228|0|600199767|2022-04-11 00:24:56.632354+02
806|1649648440.344594|2022-04-11 05:40:40.344594+02|11/96027D28|29|10|9536049|4489|3694080|5409645|54050|143366228|0|600304487|2022-04-11 00:24:56.632354+02
807|1649648441.364905|2022-04-11 05:40:41.364905+02|11/96027D28|29|10|9536049|4489|3694080|5409645|54050|143366228|0|600405352|2022-04-11 00:24:56.632354+02
808|1649648442.386330|2022-04-11 05:40:42.38633+02|11/96027D28|29|10|9536049|4489|3694080|5409645|54050|143366228|0|600508477|2022-04-11 00:24:56.632354+02
809|1649648443.407482|2022-04-11 05:40:43.407482+02|11/96027D28|29|10|9536049|4489|3694080|5409645|54050|143366228|0|600611988|2022-04-11 00:24:56.632354+02
810|1649648444.427811|2022-04-11 05:40:44.427811+02|11/96027D28|29|10|9536049|4489|3694080|5409645|54050|143366228|0|600736382|2022-04-11 00:24:56.632354+02
811|1649648445.448689|2022-04-11 05:40:45.448689+02|11/96027D28|29|10|9536049|4489|3694080|5409645|54050|143366228|0|600839117|2022-04-11 00:24:56.632354+02
812|1649648446.470030|2022-04-11 05:40:46.47003+02|11/96027D28|29|10|9536049|4489|3694080|5409645|54050|143366228|0|600942157|2022-04-11 00:24:56.632354+02
813|1649648447.495996|2022-04-11 05:40:47.495996+02|11/96027D28|29|10|9536049|4489|3694080|5409645|54050|143366228|0|601045930|2022-04-11 00:24:56.632354+02
814|1649648448.517815|2022-04-11 05:40:48.517815+02|11/96027D28|29|10|9536049|4489|3694080|5409645|54050|143366228|0|601150412|2022-04-11 00:24:56.632354+02
815|1649648449.538604|2022-04-11 05:40:49.538604+02|11/96027D28|29|10|9536049|4489|3694080|5409645|54050|143366228|0|601254778|2022-04-11 00:24:56.632354+02
816|1649648450.558816|2022-04-11 05:40:50.558816+02|11/96027D28|29|10|9536049|4489|3694080|5409645|54050|143366228|0|601359253|2022-04-11 00:24:56.632354+02
817|1649648451.582416|2022-04-11 05:40:51.582416+02|11/96027D28|29|10|9536049|4489|3694080|5409645|54050|143366228|0|601462262|2022-04-11 00:24:56.632354+02
818|1649648452.603726|2022-04-11 05:40:52.603726+02|11/96027D28|29|10|9536049|4489|3694080|5409645|54050|143366228|0|601566210|2022-04-11 00:24:56.632354+02
819|1649648453.625970|2022-04-11 05:40:53.62597+02|11/96027D28|29|10|9536049|4489|3694080|5409645|54050|143366228|0|601669027|2022-04-11 00:24:56.632354+02
820|1649648454.648754|2022-04-11 05:40:54.648754+02|11/96027D28|29|10|9536049|4489|3694080|5409645|54050|143366228|0|601773142|2022-04-11 00:24:56.632354+02
821|1649648455.672577|2022-04-11 05:40:55.672577+02|11/96027D28|29|10|9536049|4489|3694080|5409645|54050|143366228|0|601876716|2022-04-11 00:24:56.632354+02
822|1649648456.693486|2022-04-11 05:40:56.693486+02|11/96027D28|29|10|9536049|4489|3694080|5409645|54050|143366228|0|602000090|2022-04-11 00:24:56.632354+02
823|1649648457.714665|2022-04-11 05:40:57.714665+02|11/96027D28|29|10|9536049|4489|3694080|5409645|54050|143366228|0|602103627|2022-04-11 00:24:56.632354+02
824|1649648458.740635|2022-04-11 05:40:58.740635+02|11/96027D28|29|10|9536049|4489|3694080|5409645|54050|143366228|0|602208301|2022-04-11 00:24:56.632354+02
825|1649648459.762276|2022-04-11 05:40:59.762276+02|11/96027D28|29|10|9536049|4489|3694080|5409645|54050|143366228|0|602311852|2022-04-11 00:24:56.632354+02
826|1649648460.783832|2022-04-11 05:41:00.783832+02|11/96027D28|29|10|9536049|4489|3694080|5409645|54050|143366228|0|602415587|2022-04-11 00:24:56.632354+02
827|1649648461.805574|2022-04-11 05:41:01.805574+02|11/96027D28|29|10|9536049|4489|3694080|5409645|54050|143366228|0|602518274|2022-04-11 00:24:56.632354+02
828|1649648462.826618|2022-04-11 05:41:02.826618+02|11/96027D28|29|10|9536049|4489|3694080|5409645|54050|143366228|0|602620780|2022-04-11 00:24:56.632354+02
829|1649648463.848071|2022-04-11 05:41:03.848071+02|11/96027D28|29|10|9536049|4489|3694080|5409645|54050|143366228|0|602723815|2022-04-11 00:24:56.632354+02
830|1649648464.870494|2022-04-11 05:41:04.870494+02|11/96027D28|29|10|9536049|4489|3694080|5409645|54050|143366228|0|602828358|2022-04-11 00:24:56.632354+02
831|1649648465.881228|2022-04-11 05:41:05.881228+02|11/96027D28|29|10|9536049|4489|3694080|5409645|54050|143366228|0|602911974|2022-04-11 00:24:56.632354+02
832|1649648466.903780|2022-04-11 05:41:06.90378+02|11/96027D28|29|10|9536049|4489|3694080|5409645|54050|143366228|0|603036226|2022-04-11 00:24:56.632354+02
833|1649648467.924935|2022-04-11 05:41:07.924935+02|11/96027D28|29|10|9536049|4489|3694080|5409645|54050|143366228|0|603139887|2022-04-11 00:24:56.632354+02
834|1649648468.946687|2022-04-11 05:41:08.946687+02|11/96027D28|29|10|9536049|4489|3694080|5409645|54050|143366228|0|603244542|2022-04-11 00:24:56.632354+02
835|1649648469.968274|2022-04-11 05:41:09.968274+02|11/96027D28|29|10|9536049|4489|3694080|5409645|54050|143366228|0|603369034|2022-04-11 00:24:56.632354+02
836|1649648470.989405|2022-04-11 05:41:10.989405+02|11/96027D28|29|10|9536049|4489|3694080|5409645|54050|143366228|0|603471748|2022-04-11 00:24:56.632354+02
837|1649648472.010881|2022-04-11 05:41:12.010881+02|11/96027D28|29|10|9536049|4489|3694080|5409645|54050|143366228|0|603576136|2022-04-11 00:24:56.632354+02
838|1649648473.031906|2022-04-11 05:41:13.031906+02|11/96027D28|29|10|9536049|4489|3694080|5409645|54050|143366228|0|603679460|2022-04-11 00:24:56.632354+02
839|1649648474.053457|2022-04-11 05:41:14.053457+02|11/96027D28|29|10|9536049|4489|3694080|5409645|54050|143366228|0|603782086|2022-04-11 00:24:56.632354+02
840|1649648475.075237|2022-04-11 05:41:15.075237+02|11/96027D28|29|10|9536049|4489|3694080|5409645|54050|143366228|0|603885871|2022-04-11 00:24:56.632354+02
841|1649648476.101535|2022-04-11 05:41:16.101535+02|11/96027D28|29|10|9536049|4489|3694080|5409645|54050|143366228|0|603990720|2022-04-11 00:24:56.632354+02
842|1649648477.124459|2022-04-11 05:41:17.124459+02|11/96027D28|29|10|9536049|4489|3694080|5409645|54050|143366228|0|604093716|2022-04-11 00:24:56.632354+02
843|1649648478.145828|2022-04-11 05:41:18.145828+02|11/96027D28|29|10|9536049|4489|3694080|5409645|54050|143366228|0|604197704|2022-04-11 00:24:56.632354+02
844|1649648479.167354|2022-04-11 05:41:19.167354+02|11/96027D28|29|10|9536049|4489|3694080|5409645|54050|143366228|0|604300368|2022-04-11 00:24:56.632354+02
845|1649648480.188897|2022-04-11 05:41:20.188897+02|11/96027D28|29|10|9536049|4489|3694080|5409645|54050|143366228|0|604403190|2022-04-11 00:24:56.632354+02
846|1649648481.211625|2022-04-11 05:41:21.211625+02|11/96027D28|29|10|9536049|4489|3694080|5409645|54050|143366228|0|604506471|2022-04-11 00:24:56.632354+02
847|1649648482.233074|2022-04-11 05:41:22.233074+02|11/96027D28|29|10|9536049|4489|3694080|5409645|54050|143366228|0|604630562|2022-04-11 00:24:56.632354+02
848|1649648483.258624|2022-04-11 05:41:23.258624+02|11/96027D28|29|10|9536049|4489|3694080|5409645|54050|143366228|0|604733761|2022-04-11 00:24:56.632354+02
849|1649648484.281941|2022-04-11 05:41:24.281941+02|11/96027D28|29|10|9536049|4489|3694080|5409645|54050|143366228|0|604836869|2022-04-11 00:24:56.632354+02
850|1649648485.303050|2022-04-11 05:41:25.30305+02|11/96027D28|29|10|9536049|4489|3694080|5409645|54050|143366228|0|604939864|2022-04-11 00:24:56.632354+02
851|1649648486.330744|2022-04-11 05:41:26.330744+02|11/96027D28|29|10|9536049|4489|3694080|5409645|54050|143366228|0|605042710|2022-04-11 00:24:56.632354+02
852|1649648487.354935|2022-04-11 05:41:27.354935+02|11/96027D28|29|10|9536049|4489|3694080|5409645|54050|143366228|0|605146804|2022-04-11 00:24:56.632354+02
853|1649648488.376577|2022-04-11 05:41:28.376577+02|11/96027D28|29|10|9536049|4489|3694080|5409645|54050|143366228|0|605251391|2022-04-11 00:24:56.632354+02
854|1649648489.397397|2022-04-11 05:41:29.397397+02|11/96027D28|29|10|9536049|4489|3694080|5409645|54050|143366228|0|605354336|2022-04-11 00:24:56.632354+02
855|1649648490.436556|2022-04-11 05:41:30.436556+02|11/96027D28|29|10|9536049|4489|3694080|5409645|54050|143366228|0|605457172|2022-04-11 00:24:56.632354+02
856|1649648491.458164|2022-04-11 05:41:31.458164+02|11/96027D28|29|10|9536049|4489|3694080|5409645|54050|143366228|0|605560997|2022-04-11 00:24:56.632354+02
857|1649648492.480972|2022-04-11 05:41:32.480972+02|11/96027D28|29|10|9536049|4489|3694080|5409645|54050|143366228|0|605684089|2022-04-11 00:24:56.632354+02
858|1649648493.501424|2022-04-11 05:41:33.501424+02|11/96027D28|29|10|9536049|4489|3694080|5409645|54050|143366228|0|605787550|2022-04-11 00:24:56.632354+02
859|1649648494.522805|2022-04-11 05:41:34.522805+02|11/96027D28|29|10|9536049|4489|3694080|5409645|54050|143366228|0|605891169|2022-04-11 00:24:56.632354+02
860|1649648495.545531|2022-04-11 05:41:35.545531+02|11/96027D28|29|10|9536049|4489|3694080|5409645|54050|143366228|0|605993737|2022-04-11 00:24:56.632354+02
861|1649648496.566973|2022-04-11 05:41:36.566973+02|11/96027D28|29|10|9536049|4489|3694080|5409645|54050|143366228|0|606096653|2022-04-11 00:24:56.632354+02
862|1649648497.588551|2022-04-11 05:41:37.588551+02|11/96027D28|29|10|9536049|4489|3694080|5409645|54050|143366228|0|606201371|2022-04-11 00:24:56.632354+02
863|1649648498.609049|2022-04-11 05:41:38.609049+02|11/96027D28|29|10|9536049|4489|3694080|5409645|54050|143366228|0|606304423|2022-04-11 00:24:56.632354+02
864|1649648499.629599|2022-04-11 05:41:39.629599+02|11/96027D28|29|10|9536049|4489|3694080|5409645|54050|143366228|0|606407416|2022-04-11 00:24:56.632354+02
865|1649648500.650676|2022-04-11 05:41:40.650676+02|11/96027D28|29|10|9536049|4489|3694080|5409645|54050|143366228|0|606509899|2022-04-11 00:24:56.632354+02
866|1649648501.672216|2022-04-11 05:41:41.672216+02|11/96027D28|29|10|9536049|4489|3694080|5409645|54050|143366228|0|606612901|2022-04-11 00:24:56.632354+02
867|1649648502.692464|2022-04-11 05:41:42.692464+02|11/96027D28|29|10|9536049|4489|3694080|5409645|54050|143366228|0|606715626|2022-04-11 00:24:56.632354+02
868|1649648503.713019|2022-04-11 05:41:43.713019+02|11/96027D28|29|10|9536049|4489|3694080|5409645|54050|143366228|0|606818435|2022-04-11 00:24:56.632354+02
869|1649648504.736684|2022-04-11 05:41:44.736684+02|11/96027D28|29|10|9536049|4489|3694080|5409645|54050|143366228|0|606921179|2022-04-11 00:24:56.632354+02
870|1649648505.757685|2022-04-11 05:41:45.757685+02|11/96027D28|29|10|9536049|4489|3694080|5409645|54050|143366228|0|607044710|2022-04-11 00:24:56.632354+02
871|1649648506.778739|2022-04-11 05:41:46.778739+02|11/96027D28|29|10|9536049|4489|3694080|5409645|54050|143366228|0|607147268|2022-04-11 00:24:56.632354+02
872|1649648507.806020|2022-04-11 05:41:47.80602+02|11/96027D28|29|10|9536049|4489|3694080|5409645|54050|143366228|0|607249796|2022-04-11 00:24:56.632354+02
873|1649648508.827736|2022-04-11 05:41:48.827736+02|11/96027D28|29|10|9536049|4489|3694080|5409645|54050|143366228|0|607352918|2022-04-11 00:24:56.632354+02
874|1649648509.849379|2022-04-11 05:41:49.849379+02|11/96027D28|29|10|9536049|4489|3694080|5409645|54050|143366228|0|607455716|2022-04-11 00:24:56.632354+02
875|1649648510.870531|2022-04-11 05:41:50.870531+02|11/96027D28|29|10|9536049|4489|3694080|5409645|54050|143366228|0|607558225|2022-04-11 00:24:56.632354+02
876|1649648511.894666|2022-04-11 05:41:51.894666+02|11/96027D28|29|10|9536049|4489|3694080|5409645|54050|143366228|0|607660787|2022-04-11 00:24:56.632354+02
877|1649648512.915915|2022-04-11 05:41:52.915915+02|11/96027D28|29|10|9536049|4489|3694080|5409645|54050|143366228|0|607763603|2022-04-11 00:24:56.632354+02
878|1649648513.936875|2022-04-11 05:41:53.936875+02|11/96027D28|29|10|9536049|4489|3694080|5409645|54050|143366228|0|607866032|2022-04-11 00:24:56.632354+02
879|1649648514.960409|2022-04-11 05:41:54.960409+02|11/96027D28|29|10|9536049|4489|3694080|5409645|54050|143366228|0|607969156|2022-04-11 00:24:56.632354+02
880|1649648515.985386|2022-04-11 05:41:55.985386+02|11/96027D28|29|10|9536049|4489|3694080|5409645|54050|143366228|0|608071085|2022-04-11 00:24:56.632354+02
881|1649648517.004907|2022-04-11 05:41:57.004907+02|11/96027D28|29|10|9536049|4489|3694080|5409645|54050|143366228|0|608148620|2022-04-11 00:24:56.632354+02
