run|epoch|ts|datid|datname|numbackends|xact_commit|xact_rollback|blks_read|blks_hit|tup_returned|tup_fetched|tup_inserted|tup_updated|tup_deleted|conflicts|temp_files|temp_bytes|deadlocks|checksum_failures|checksum_last_failure|blk_read_time|blk_write_time|session_time|active_time|idle_in_transaction_time|sessions|sessions_abandoned|sessions_fatal|sessions_killed|stats_reset
1|1650218542.620926|2022-04-17 20:02:22.620926+02|16432|test|1|163839691|0|291327608|536016687|264609624|164464230|100011095|4|0|0|2|2007998464|0|||0|0|43390549.711|32386032.693|87.861|5383|0|0|0|2022-04-17 19:11:54.616203+02
1|1650218543.641021|2022-04-17 20:02:23.641021+02|16432|test|17|163846365|0|291339671|536148696|264632276|164479277|100017664|6573|0|0|2|2007998464|0|||0|0|43402626.218|32396414.758|1100.683|5403|0|0|0|2022-04-17 19:11:54.616203+02
2|1650218544.661774|2022-04-17 20:02:24.661774+02|16432|test|17|163857358|0|291359239|536362896|264665441|164501491|100028653|17562|0|0|2|2007998464|0|||0|0|43422691.594|32413749.877|2820.574|5405|0|0|0|2022-04-17 19:11:54.616203+02
3|1650218545.681798|2022-04-17 20:02:25.681798+02|16432|test|17|163866350|0|291375310|536538163|264692583|164519703|100037641|26550|0|0|2|2007998464|0|||0|0|43438755.993|32427675.88|4141.594|5407|0|0|0|2022-04-17 19:11:54.616203+02
4|1650218546.704453|2022-04-17 20:02:26.704453+02|16432|test|17|163875206|0|291391156|536710814|264719314|164537643|100046493|35402|0|0|2|2007998464|0|||0|0|43454818.361|32441576.634|5497.347|5409|0|0|0|2022-04-17 19:11:54.616203+02
5|1650218547.725216|2022-04-17 20:02:27.725216+02|16432|test|17|163884133|0|291407133|536884140|264746233|164555725|100055416|44325|0|0|2|2007998464|0|||0|0|43470868.112|32455507.97|6830.01|5411|0|0|0|2022-04-17 19:11:54.616203+02
6|1650218548.746008|2022-04-17 20:02:28.746008+02|16432|test|17|163892864|0|291422666|537053731|264772530|164573415|100064143|53052|0|0|2|2007998464|0|||0|0|43486915.028|32469424.08|8174.171|5413|0|0|0|2022-04-17 19:11:54.616203+02
7|1650218549.766590|2022-04-17 20:02:29.76659+02|16432|test|17|163901451|0|291437908|537220199|264798375|164590817|100072726|61635|0|0|2|2007998464|0|||0|0|43502961.604|32483456.546|9436.318|5415|0|0|0|2022-04-17 19:11:54.616203+02
8|1650218550.787163|2022-04-17 20:02:30.787163+02|16432|test|17|163910268|0|291453685|537391040|264824882|164608679|100081539|70448|0|0|2|2007998464|0|||0|0|43519013.258|32497478.992|10712.816|5417|0|0|0|2022-04-17 19:11:54.616203+02
9|1650218551.807675|2022-04-17 20:02:31.807675+02|16432|test|17|163919044|0|291469362|537561030|264851239|164626459|100090311|79220|0|0|2|2007998464|0|||0|0|43535055.269|32511409.582|12030.273|5419|0|0|0|2022-04-17 19:11:54.616203+02
10|1650218552.829023|2022-04-17 20:02:32.829023+02|16432|test|17|163927674|0|291484717|537727971|264877174|164643947|100098937|87846|0|0|2|2007998464|0|||0|0|43551112.317|32525435.152|13301.439|5421|0|0|0|2022-04-17 19:11:54.616203+02
11|1650218553.849403|2022-04-17 20:02:33.849403+02|16432|test|17|163936604|0|291500644|537900656|264903946|164662035|100107863|96772|0|0|2|2007998464|0|||0|0|43567167.446|32539362.122|14642.816|5423|0|0|0|2022-04-17 19:11:54.616203+02
12|1650218554.869834|2022-04-17 20:02:34.869834+02|16432|test|17|163945446|0|291516553|538071808|264930469|164679947|100116701|105610|0|0|2|2007998464|0|||0|0|43583220.072|32553289.61|15992.958|5425|0|0|0|2022-04-17 19:11:54.616203+02
13|1650218555.890496|2022-04-17 20:02:35.890496+02|16432|test|17|163954349|0|291532387|538243215|264957117|164697981|100125600|114509|0|0|2|2007998464|0|||0|0|43599269.047|32567210.218|17343.202|5427|0|0|0|2022-04-17 19:11:54.616203+02
14|1650218556.910751|2022-04-17 20:02:36.910751+02|16432|test|17|163963141|0|291548126|538412426|264983437|164715793|100134388|123297|0|0|2|2007998464|0|||0|0|43615315.371|32581230.652|18616.059|5429|0|0|0|2022-04-17 19:11:54.616203+02
15|1650218557.931457|2022-04-17 20:02:37.931457+02|16432|test|17|163971597|0|291563235|538575106|265008712|164732933|100142840|131749|0|0|2|2007998464|0|||0|0|43631363.421|32595248.298|19888.452|5431|0|0|0|2022-04-17 19:11:54.616203+02
16|1650218558.951801|2022-04-17 20:02:38.951801+02|16432|test|17|163980427|0|291578952|538744873|265035111|164750821|100151666|140575|0|0|2|2007998464|0|||0|0|43647403.369|32609152.785|21241.958|5433|0|0|0|2022-04-17 19:11:54.616203+02
17|1650218559.972668|2022-04-17 20:02:39.972668+02|16432|test|17|163989172|0|291594513|538912913|265061207|164768539|100160407|149316|0|0|2|2007998464|0|||0|0|43663452.828|32623086.472|22577.242|5435|0|0|0|2022-04-17 19:11:54.616203+02
18|1650218560.993409|2022-04-17 20:02:40.993409+02|16432|test|17|163997932|0|291609913|539081143|265087340|164786287|100169163|158072|0|0|2|2007998464|0|||0|0|43679513.724|32637051.313|23899.509|5437|0|0|0|2022-04-17 19:11:54.616203+02
19|1650218562.014527|2022-04-17 20:02:42.014527+02|16432|test|17|164006273|0|291624770|539241083|265112188|164803197|100177500|166409|0|0|2|2007998464|0|||0|0|43695607.497|32651108.082|25171.32|5439|0|0|0|2022-04-17 19:11:54.616203+02
20|1650218563.034437|2022-04-17 20:02:43.034437+02|16432|test|17|164014799|0|291639496|539404135|265137604|164820477|100186022|174931|0|0|2|2007998464|0|||0|0|43711664.488|32665198.675|26400.305|5441|0|0|0|2022-04-17 19:11:54.616203+02
21|1650218564.056929|2022-04-17 20:02:44.056929+02|16432|test|17|164023296|0|291654315|539566865|265162854|164837699|100194515|183424|0|0|2|2007998464|0|||0|0|43727718.454|32679214.72|27667.782|5443|0|0|0|2022-04-17 19:11:54.616203+02
22|1650218565.077139|2022-04-17 20:02:45.077139+02|16432|test|17|164031876|0|291669281|539731313|265188363|164855087|100203091|192000|0|0|2|2007998464|0|||0|0|43743772.993|32693186.228|28981.778|5445|0|0|0|2022-04-17 19:11:54.616203+02
23|1650218566.097746|2022-04-17 20:02:46.097746+02|16432|test|17|164040395|0|291684100|539894042|265213693|164872353|100211606|200515|0|0|2|2007998464|0|||0|0|43759829.845|32707127.295|30312.729|5447|0|0|0|2022-04-17 19:11:54.616203+02
24|1650218567.118307|2022-04-17 20:02:47.118307+02|16432|test|17|164049023|0|291699343|540059062|265239334|164889837|100220230|209139|0|0|2|2007998464|0|||0|0|43775873.528|32721043.586|31640.702|5449|0|0|0|2022-04-17 19:11:54.616203+02
25|1650218568.139552|2022-04-17 20:02:48.139552+02|16432|test|17|164057585|0|291714340|540222170|265264744|164907189|100228788|217697|0|0|2|2007998464|0|||0|0|43791931.201|32735086.224|32906.383|5451|0|0|0|2022-04-17 19:11:54.616203+02
26|1650218569.159665|2022-04-17 20:02:49.159665+02|16432|test|17|164065089|0|291727454|540365125|265287028|164922425|100236288|225197|0|0|2|2007998464|0|||0|0|43807987.801|32749289.507|34059.268|5453|0|0|0|2022-04-17 19:11:54.616203+02
27|1650218570.180144|2022-04-17 20:02:50.180144+02|16432|test|17|164073616|0|291742478|540527697|265312296|164939707|100244811|233720|0|0|2|2007998464|0|||0|0|43824042.485|32763250.23|35377.429|5455|0|0|0|2022-04-17 19:11:54.616203+02
28|1650218571.200713|2022-04-17 20:02:51.200713+02|16432|test|17|164082601|0|291758173|540698406|265338901|164957905|100253792|242701|0|0|2|2007998464|0|||0|0|43841086.647|32778085.503|36777.439|5457|0|0|0|2022-04-17 19:11:54.616203+02
29|1650218572.221423|2022-04-17 20:02:52.221423+02|16432|test|17|164092027|0|291774821|540877429|265366777|164976985|100263214|252123|0|0|2|2007998464|0|||0|0|43861727.843|32796483.786|38153.005|5459|0|0|0|2022-04-17 19:11:54.616203+02
30|1650218573.241513|2022-04-17 20:02:53.241513+02|16432|test|17|164097929|0|291785230|540989220|265384285|164989017|100269112|258021|0|0|2|2007998464|0|||0|0|43880504.921|32813842.119|39031.344|5461|0|0|0|2022-04-17 19:11:54.616203+02
31|1650218574.262746|2022-04-17 20:02:54.262746+02|16432|test|17|164105950|0|291799513|541141137|265407975|165005287|100277129|266038|0|0|2|2007998464|0|||0|0|43896555.858|32827971.32|40236.547|5463|0|0|0|2022-04-17 19:11:54.616203+02
32|1650218575.284570|2022-04-17 20:02:55.28457+02|16432|test|17|164114480|0|291814602|541302169|265433138|165022575|100285655|274564|0|0|2|2007998464|0|||0|0|43912605.649|32842047.037|41461.24|5465|0|0|0|2022-04-17 19:11:54.616203+02
33|1650218576.304785|2022-04-17 20:02:56.304785+02|16432|test|17|164122819|0|291829366|541460552|265457805|165039481|100293990|282899|0|0|2|2007998464|0|||0|0|43928654.189|32856143.252|42699.485|5467|0|0|0|2022-04-17 19:11:54.616203+02
34|1650218577.325260|2022-04-17 20:02:57.32526+02|16432|test|17|164131158|0|291844067|541618008|265482374|165056387|100302325|291234|0|0|2|2007998464|0|||0|0|43944728.1|32870176.266|43972.501|5469|0|0|0|2022-04-17 19:11:54.616203+02
35|1650218578.345048|2022-04-17 20:02:58.345048+02|16432|test|17|164139697|0|291859164|541779427|265507526|165073693|100310860|299769|0|0|2|2007998464|0|||0|0|43960771.653|32884240.848|45234.757|5471|0|0|0|2022-04-17 19:11:54.616203+02
36|1650218579.365369|2022-04-17 20:02:59.365369+02|16432|test|17|164148209|0|291874079|541940051|265532585|165090945|100319368|308277|0|0|2|2007998464|0|||0|0|43976827.934|32898255.519|46528.209|5473|0|0|0|2022-04-17 19:11:54.616203+02
37|1650218580.386552|2022-04-17 20:03:00.386552+02|16432|test|17|164156845|0|291889307|542103185|265558021|165108445|100328000|316909|0|0|2|2007998464|0|||0|0|43992871.343|32912248.674|47832.006|5475|0|0|0|2022-04-17 19:11:54.616203+02
38|1650218581.407464|2022-04-17 20:03:01.407464+02|16432|test|17|164165571|0|291904759|542267769|265583680|165126125|100336722|325631|0|0|2|2007998464|0|||0|0|44008923.353|32926187.388|49171.161|5477|0|0|0|2022-04-17 19:11:54.616203+02
39|1650218582.427515|2022-04-17 20:03:02.427515+02|16432|test|17|164174352|0|291919979|542432969|265609458|165143915|100345499|334408|0|0|2|2007998464|0|||0|0|44024979.181|32940170.813|50462.88|5479|0|0|0|2022-04-17 19:11:54.616203+02
40|1650218583.447697|2022-04-17 20:03:03.447697+02|16432|test|17|164182875|0|291934931|542593270|265634491|165161189|100354018|342927|0|0|2|2007998464|0|||0|0|44041222.659|32954346.135|51770.902|5481|0|0|0|2022-04-17 19:11:54.616203+02
41|1650218584.467357|2022-04-17 20:03:04.467357+02|16432|test|18|164187465|0|291942904|542679832|265648039|165170585|100358605|347514|0|0|2|2007998464|0|||0|0|44057511.248|32969506.946|52484.141|5482|0|0|0|2022-04-17 19:11:54.616203+02
42|1650218585.479210|2022-04-17 20:03:05.47921+02|16432|test|17|164195951|0|291961353|542850296|265674663|165188290|100367087|355990|0|0|2|2007998464|0|||0|0|44073549.863|32983412.488|53817.371|5485|0|0|0|2022-04-17 19:11:54.616203+02
43|1650218586.500776|2022-04-17 20:03:06.500776+02|16432|test|17|164204556|0|291976491|543011969|265699916|165205728|100375688|364591|0|0|2|2007998464|0|||0|0|44089616.273|32997419.345|55121.499|5487|0|0|0|2022-04-17 19:11:54.616203+02
44|1650218587.521472|2022-04-17 20:03:07.521472+02|16432|test|17|164213193|0|291991809|543173996|265725250|165223230|100384321|373224|0|0|2|2007998464|0|||0|0|44105677.223|33011385.625|56446.426|5489|0|0|0|2022-04-17 19:11:54.616203+02
45|1650218588.542970|2022-04-17 20:03:08.54297+02|16432|test|17|164222047|0|292007477|543339394|265751118|165241166|100393171|382074|0|0|2|2007998464|0|||0|0|44121720.997|33025290.834|57789.538|5491|0|0|0|2022-04-17 19:11:54.616203+02
46|1650218589.564286|2022-04-17 20:03:09.564286+02|16432|test|17|164230872|0|292023123|543504078|265776932|165259044|100401992|390895|0|0|2|2007998464|0|||0|0|44137765.364|33039251.654|59093.943|5493|0|0|0|2022-04-17 19:11:54.616203+02
47|1650218590.584299|2022-04-17 20:03:10.584299+02|16432|test|17|164239458|0|292038351|543664578|265802017|165276444|100410574|399477|0|0|2|2007998464|0|||0|0|44153879.932|33053422.715|60323.847|5495|0|0|0|2022-04-17 19:11:54.616203+02
48|1650218591.604284|2022-04-17 20:03:11.604284+02|16432|test|17|164247545|0|292052579|543814798|265825604|165292846|100418657|407560|0|0|2|2007998464|0|||0|0|44169936.703|33067537.624|61540.31|5497|0|0|0|2022-04-17 19:11:54.616203+02
49|1650218592.624859|2022-04-17 20:03:12.624859+02|16432|test|17|164255918|0|292067445|543970223|265849999|165309820|100427026|415929|0|0|2|2007998464|0|||0|0|44185990.377|33081584.93|62807.301|5499|0|0|0|2022-04-17 19:11:54.616203+02
50|1650218593.647080|2022-04-17 20:03:13.64708+02|16432|test|17|164264807|0|292083152|544135842|265875907|165327826|100435911|424814|0|0|2|2007998464|0|||0|0|44202041.304|33095460.211|64196.109|5501|0|0|0|2022-04-17 19:11:54.616203+02
51|1650218594.668716|2022-04-17 20:03:14.668716+02|16432|test|17|164273559|0|292098440|544298547|265901398|165345558|100444659|433562|0|0|2|2007998464|0|||0|0|44218093.782|33109464.451|65482.904|5503|0|0|0|2022-04-17 19:11:54.616203+02
52|1650218595.688857|2022-04-17 20:03:15.688857+02|16432|test|17|164279979|0|292109762|544418165|265920146|165358626|100451075|439978|0|0|2|2007998464|0|||0|0|44234167.531|33124003.728|66448.083|5505|0|0|0|2022-04-17 19:11:54.616203+02
53|1650218596.709266|2022-04-17 20:03:16.709266+02|16432|test|17|164288118|0|292124182|544569652|265943855|165375132|100459210|448113|0|0|2|2007998464|0|||0|0|44250216.845|33138141.441|67648.929|5507|0|0|0|2022-04-17 19:11:54.616203+02
54|1650218597.731948|2022-04-17 20:03:17.731948+02|16432|test|17|164291956|0|292130798|544640702|265955104|165383036|100463044|451947|0|0|2|2007998464|0|||0|0|44266358.573|33153348.116|68223.987|5509|0|0|0|2022-04-17 19:11:54.616203+02
55|1650218598.752778|2022-04-17 20:03:18.752778+02|16432|test|17|164299920|0|292144728|544788367|265978248|165399192|100471004|459907|0|0|2|2007998464|0|||0|0|44282416.547|33167502.741|69424.559|5511|0|0|0|2022-04-17 19:11:54.616203+02
56|1650218599.773671|2022-04-17 20:03:19.773671+02|16432|test|17|164308779|0|292160261|544952603|266003968|165417138|100479859|468762|0|0|2|2007998464|0|||0|0|44298979.313|33181880.705|70823.828|5513|0|0|0|2022-04-17 19:11:54.616203+02
57|1650218600.793866|2022-04-17 20:03:20.793866+02|16432|test|17|164317218|0|292175360|545109114|266028441|165434244|100488294|477197|0|0|2|2007998464|0|||0|0|44315023.863|33195883.083|72110.997|5515|0|0|0|2022-04-17 19:11:54.616203+02
58|1650218601.814492|2022-04-17 20:03:21.814492+02|16432|test|17|164325675|0|292190093|545264884|266052949|165451386|100496747|485650|0|0|2|2007998464|0|||0|0|44331085.924|33209883.806|73416.874|5517|0|0|0|2022-04-17 19:11:54.616203+02
59|1650218602.834340|2022-04-17 20:03:22.83434+02|16432|test|17|164336104|0|292208369|545457405|266083098|165472472|100507172|496075|0|0|2|2007998464|0|||0|0|44350150.501|33226453.985|74999.257|5519|0|0|0|2022-04-17 19:11:54.616203+02
60|1650218603.854933|2022-04-17 20:03:23.854933+02|16432|test|17|164345262|0|292224478|545626684|266109615|165491016|100516326|505229|0|0|2|2007998464|0|||0|0|44367702.613|33241790.894|76401.05|5521|0|0|0|2022-04-17 19:11:54.616203+02
61|1650218604.875419|2022-04-17 20:03:24.875419+02|16432|test|17|164355616|0|292242740|545817267|266139475|165511952|100526676|515579|0|0|2|2007998464|0|||0|0|44386768.011|33258386.388|77970.59|5523|0|0|0|2022-04-17 19:11:54.616203+02
62|1650218605.897182|2022-04-17 20:03:25.897182+02|16432|test|17|164364445|0|292258501|545980254|266165039|165529838|100535501|524404|0|0|2|2007998464|0|||0|0|44402868.618|33272334.7|79332.23|5525|0|0|0|2022-04-17 19:11:54.616203+02
63|1650218606.919151|2022-04-17 20:03:26.919151+02|16432|test|17|164373085|0|292273785|546139185|266190016|165547346|100544137|533040|0|0|2|2007998464|0|||0|0|44418923.466|33286313.061|80643.15|5527|0|0|0|2022-04-17 19:11:54.616203+02
64|1650218607.940111|2022-04-17 20:03:27.940111+02|16432|test|17|164382092|0|292289551|546304195|266215981|165565588|100553140|542043|0|0|2|2007998464|0|||0|0|44434982.986|33300156.785|82047.357|5529|0|0|0|2022-04-17 19:11:54.616203+02
65|1650218608.961583|2022-04-17 20:03:28.961583+02|16432|test|17|164389126|0|292302043|546433861|266236353|165579884|100560170|549073|0|0|2|2007998464|0|||0|0|44451046.522|33314569.485|83086.695|5531|0|0|0|2022-04-17 19:11:54.616203+02
66|1650218609.981800|2022-04-17 20:03:29.9818+02|16432|test|17|164397550|0|292316828|546588314|266260632|165596960|100568590|557493|0|0|2|2007998464|0|||0|0|44467102.502|33328648.285|84338.093|5533|0|0|0|2022-04-17 19:11:54.616203+02
67|1650218611.002293|2022-04-17 20:03:31.002293+02|16432|test|17|164406404|0|292332439|546750558|266286112|165614896|100577440|566343|0|0|2|2007998464|0|||0|0|44483157.645|33342525.26|85725.273|5535|0|0|0|2022-04-17 19:11:54.616203+02
68|1650218612.022768|2022-04-17 20:03:32.022768+02|16432|test|17|164413785|0|292345446|546885659|266307370|165629886|100584817|573720|0|0|2|2007998464|0|||0|0|44499211.162|33356789.701|86850.608|5537|0|0|0|2022-04-17 19:11:54.616203+02
69|1650218613.044177|2022-04-17 20:03:33.044177+02|16432|test|17|164422058|0|292360044|547036769|266331183|165646660|100593086|581989|0|0|2|2007998464|0|||0|0|44515292.416|33370893.772|88103.515|5539|0|0|0|2022-04-17 19:11:54.616203+02
70|1650218614.064547|2022-04-17 20:03:34.064547+02|16432|test|17|164425661|0|292366419|547102906|266341662|165654094|100596685|585588|0|0|2|2007998464|0|||0|0|44531414.777|33386124.959|88643.96|5541|0|0|0|2022-04-17 19:11:54.616203+02
71|1650218615.086985|2022-04-17 20:03:35.086985+02|16432|test|17|164433707|0|292380531|547250207|266364812|165670414|100604727|593630|0|0|2|2007998464|0|||0|0|44547474.144|33400271.259|89847.758|5543|0|0|0|2022-04-17 19:11:54.616203+02
72|1650218616.106860|2022-04-17 20:03:36.10686+02|16432|test|17|164442158|0|292395488|547404463|266389081|165687544|100613174|602077|0|0|2|2007998464|0|||0|0|44563525.353|33414275.51|91157.791|5545|0|0|0|2022-04-17 19:11:54.616203+02
73|1650218617.127317|2022-04-17 20:03:37.127317+02|16432|test|17|164450531|0|292410281|547557361|266413131|165704518|100621543|610446|0|0|2|2007998464|0|||0|0|44579571.29|33428288.262|92448.766|5547|0|0|0|2022-04-17 19:11:54.616203+02
74|1650218618.147555|2022-04-17 20:03:38.147555+02|16432|test|17|164458952|0|292425058|547710712|266437289|165721588|100629960|618863|0|0|2|2007998464|0|||0|0|44595628.808|33442308.486|93726.951|5549|0|0|0|2022-04-17 19:11:54.616203+02
75|1650218619.168937|2022-04-17 20:03:39.168937+02|16432|test|17|164467133|0|292439543|547859469|266460726|165738178|100638137|627040|0|0|2|2007998464|0|||0|0|44611687.066|33456387.2|94974.006|5551|0|0|0|2022-04-17 19:11:54.616203+02
76|1650218620.189280|2022-04-17 20:03:40.18928+02|16432|test|17|164475499|0|292454458|548011358|266484656|165755138|100646499|635402|0|0|2|2007998464|0|||0|0|44627738.011|33470435.904|96250.542|5553|0|0|0|2022-04-17 19:11:54.616203+02
77|1650218621.210242|2022-04-17 20:03:41.210242+02|16432|test|17|164483644|0|292468814|548159590|266508031|165771656|100654640|643543|0|0|2|2007998464|0|||0|0|44643821.878|33484591.501|97463.167|5555|0|0|0|2022-04-17 19:11:54.616203+02
78|1650218622.230736|2022-04-17 20:03:42.230736+02|16432|test|17|164491489|0|292482688|548302096|266530496|165787574|100662481|651384|0|0|2|2007998464|0|||0|0|44659880.447|33498794.216|98634.606|5557|0|0|0|2022-04-17 19:11:54.616203+02
79|1650218623.251408|2022-04-17 20:03:43.251408+02|16432|test|17|164499630|0|292497135|548450333|266553827|165804084|100670618|659521|0|0|2|2007998464|0|||0|0|44675927.034|33512941.102|99828.049|5559|0|0|0|2022-04-17 19:11:54.616203+02
80|1650218624.271433|2022-04-17 20:03:44.271433+02|16432|test|17|164507842|0|292511447|548599187|266577356|165820736|100678826|667729|0|0|2|2007998464|0|||0|0|44691996.182|33526997.284|101102.644|5561|0|0|0|2022-04-17 19:11:54.616203+02
81|1650218625.292289|2022-04-17 20:03:45.292289+02|16432|test|17|164514439|0|292523133|548718406|266596202|165834158|100685419|674322|0|0|2|2007998464|0|||0|0|44708048.174|33541486.909|102087.404|5563|0|0|0|2022-04-17 19:11:54.616203+02
82|1650218626.313176|2022-04-17 20:03:46.313176+02|16432|test|17|164522393|0|292537212|548862608|266618936|165850294|100693369|682272|0|0|2|2007998464|0|||0|0|44724108.845|33555654.208|103280.37|5565|0|0|0|2022-04-17 19:11:54.616203+02
83|1650218627.334311|2022-04-17 20:03:47.334311+02|16432|test|17|164528199|0|292547394|548967705|266635563|165862134|100699171|688074|0|0|2|2007998464|0|||0|0|44740274.944|33570309.664|104245.75|5567|0|0|0|2022-04-17 19:11:54.616203+02
84|1650218628.355333|2022-04-17 20:03:48.355333+02|16432|test|17|164534305|0|292558105|549078081|266653001|165874574|100705273|694176|0|0|2|2007998464|0|||0|0|44756848.547|33585418.354|105168.385|5569|0|0|0|2022-04-17 19:11:54.616203+02
85|1650218629.377255|2022-04-17 20:03:49.377255+02|16432|test|17|164542311|0|292572253|549222661|266675838|165890814|100713275|702178|0|0|2|2007998464|0|||0|0|44772914.366|33599567.156|106380.525|5571|0|0|0|2022-04-17 19:11:54.616203+02
86|1650218630.398166|2022-04-17 20:03:50.398166+02|16432|test|17|164550510|0|292586655|549370511|266699191|165907440|100721470|710373|0|0|2|2007998464|0|||0|0|44788968.495|33613595.965|107667.71|5573|0|0|0|2022-04-17 19:11:54.616203+02
87|1650218631.418766|2022-04-17 20:03:51.418766+02|16432|test|17|164560770|0|292604742|549555678|266728359|165928188|100731726|720629|0|0|2|2007998464|0|||0|0|44808534.842|33630661.15|109263.662|5575|0|0|0|2022-04-17 19:11:54.616203+02
88|1650218632.438804|2022-04-17 20:03:52.438804+02|16432|test|17|164569704|0|292620713|549716586|266753733|165946284|100740656|729559|0|0|2|2007998464|0|||0|0|44826085.128|33646021.176|110650.623|5577|0|0|0|2022-04-17 19:11:54.616203+02
89|1650218633.460658|2022-04-17 20:03:53.460658+02|16432|test|17|164578218|0|292635633|549868860|266777863|165963540|100749166|738069|0|0|2|2007998464|0|||0|0|44842631.778|33660548.3|111938.28|5579|0|0|0|2022-04-17 19:11:54.616203+02
90|1650218634.480624|2022-04-17 20:03:54.480624+02|16432|test|17|164587604|0|292652215|550037521|266804484|165982540|100758548|747451|0|0|2|2007998464|0|||0|0|44860685.158|33676266.344|113420.07|5581|0|0|0|2022-04-17 19:11:54.616203+02
91|1650218635.502645|2022-04-17 20:03:55.502645+02|16432|test|17|164596222|0|292667393|550191918|266828900|166000004|100767162|756065|0|0|2|2007998464|0|||0|0|44876743.138|33690258.019|114720.511|5583|0|0|0|2022-04-17 19:11:54.616203+02
92|1650218636.523319|2022-04-17 20:03:56.523319+02|16432|test|17|164604523|0|292682000|550341439|266852479|166016834|100775459|764362|0|0|2|2007998464|0|||0|0|44892794.819|33704323.979|115985.387|5585|0|0|0|2022-04-17 19:11:54.616203+02
93|1650218637.545584|2022-04-17 20:03:57.545584+02|16432|test|17|164613155|0|292697188|550496006|266876929|166034326|100784087|772990|0|0|2|2007998464|0|||0|0|44908855.382|33718329.401|117276.416|5587|0|0|0|2022-04-17 19:11:54.616203+02
94|1650218638.566806|2022-04-17 20:03:58.566806+02|16432|test|17|164622063|0|292713002|550656405|266902222|166052370|100792991|781894|0|0|2|2007998464|0|||0|0|44924909.505|33732238.018|118645.474|5589|0|0|0|2022-04-17 19:11:54.616203+02
95|1650218639.586911|2022-04-17 20:03:59.586911+02|16432|test|17|164629439|0|292725992|550788586|266923122|166067350|100800363|789266|0|0|2|2007998464|0|||0|0|44940994.1|33746505.21|119787.105|5591|0|0|0|2022-04-17 19:11:54.616203+02
96|1650218640.608292|2022-04-17 20:04:00.608292+02|16432|test|17|164637991|0|292741003|550941525|266947289|166084682|100808911|797814|0|0|2|2007998464|0|||0|0|44957049.395|33760535.838|121082.776|5593|0|0|0|2022-04-17 19:11:54.616203+02
97|1650218641.628172|2022-04-17 20:04:01.628172+02|16432|test|17|164645845|0|292754983|551082207|266969552|166100618|100816761|805664|0|0|2|2007998464|0|||0|0|44973098.756|33774668.089|122309.863|5595|0|0|0|2022-04-17 19:11:54.616203+02
98|1650218642.650400|2022-04-17 20:04:02.6504+02|16432|test|17|164653936|0|292769156|551226704|266992431|166117028|100824848|813751|0|0|2|2007998464|0|||0|0|44989429.144|33788948.48|123614.497|5597|0|0|0|2022-04-17 19:11:54.616203+02
99|1650218643.672520|2022-04-17 20:04:03.67252+02|16432|test|17|164662213|0|292783784|551374464|267015826|166133810|100833121|822024|0|0|2|2007998464|0|||0|0|45005490.345|33803019.536|124876.684|5599|0|0|0|2022-04-17 19:11:54.616203+02
100|1650218644.705708|2022-04-17 20:04:04.705708+02|16432|test|18|164668186|0|292794295|551481325|267032735|166145972|100839091|827994|0|0|2|2007998464|0|||0|0|45017027.361|33813150.224|125774.287|5600|0|0|0|2022-04-17 19:11:54.616203+02
101|1650218645.715803|2022-04-17 20:04:05.715803+02|16432|test|17|164673877|0|292815638|551596303|267050656|166158066|100844772|833681|0|0|2|2007998464|0|||0|0|45037769.399|33832373.841|126719.655|5603|0|0|0|2022-04-17 19:11:54.616203+02
102|1650218646.736180|2022-04-17 20:04:06.73618+02|16432|test|17|164681994|0|292829933|551740684|267073597|166174555|100852885|841794|0|0|2|2007998464|0|||0|0|45053855.519|33846433.11|128003.075|5605|0|0|0|2022-04-17 19:11:54.616203+02
103|1650218647.758509|2022-04-17 20:04:07.758509+02|16432|test|17|164690427|0|292845006|551891102|267097403|166191649|100861314|850223|0|0|2|2007998464|0|||0|0|45069909.893|33860356.202|129369.14|5607|0|0|0|2022-04-17 19:11:54.616203+02
104|1650218648.778688|2022-04-17 20:04:08.778688+02|16432|test|17|164699274|0|292860559|552048235|267122252|166209571|100870157|859066|0|0|2|2007998464|0|||0|0|45085964.173|33874206.836|130777.013|5609|0|0|0|2022-04-17 19:11:54.616203+02
105|1650218649.799694|2022-04-17 20:04:09.799694+02|16432|test|17|164707766|0|292875612|552198657|267146158|166226783|100878645|867554|0|0|2|2007998464|0|||0|0|45102020.999|33888196.284|132073.612|5611|0|0|0|2022-04-17 19:11:54.616203+02
106|1650218650.820577|2022-04-17 20:04:10.820577+02|16432|test|17|164716337|0|292890728|552351097|267170297|166244153|100887212|876121|0|0|2|2007998464|0|||0|0|45118068.393|33902137.731|133421.902|5613|0|0|0|2022-04-17 19:11:54.616203+02
107|1650218651.841089|2022-04-17 20:04:11.841089+02|16432|test|17|164725084|0|292906127|552506340|267194883|166261875|100895955|884864|0|0|2|2007998464|0|||0|0|45134125.063|33916069.933|134786.451|5615|0|0|0|2022-04-17 19:11:54.616203+02
108|1650218652.861551|2022-04-17 20:04:12.861551+02|16432|test|17|164733574|0|292921220|552656927|267218737|166279083|100904441|893350|0|0|2|2007998464|0|||0|0|45150177.48|33930039.397|136124.606|5617|0|0|0|2022-04-17 19:11:54.616203+02
109|1650218653.883906|2022-04-17 20:04:13.883906+02|16432|test|17|164742292|0|292936690|552812246|267243317|166296747|100913155|902064|0|0|2|2007998464|0|||0|0|45166241.305|33943912.05|137531.18|5619|0|0|0|2022-04-17 19:11:54.616203+02
110|1650218654.905647|2022-04-17 20:04:14.905647+02|16432|test|17|164750991|0|292951996|552966090|267267741|166314373|100921850|910759|0|0|2|2007998464|0|||0|0|45182287.108|33957840.253|138885.265|5621|0|0|0|2022-04-17 19:11:54.616203+02
111|1650218655.928350|2022-04-17 20:04:15.92835+02|16432|test|17|164758538|0|292965312|553099986|267288956|166329695|100929393|918302|0|0|2|2007998464|0|||0|0|45198462.181|33972098.643|140103.61|5623|0|0|0|2022-04-17 19:11:54.616203+02
112|1650218656.949626|2022-04-17 20:04:16.949626+02|16432|test|17|164767086|0|292980453|553250861|267312871|166347019|100937937|926846|0|0|2|2007998464|0|||0|0|45215007.361|33986570.614|141421.994|5625|0|0|0|2022-04-17 19:11:54.616203+02
113|1650218657.969738|2022-04-17 20:04:17.969738+02|16432|test|17|164774506|0|292993481|553381488|267333642|166362087|100945353|934262|0|0|2|2007998464|0|||0|0|45231117.475|34000883.098|142559.918|5627|0|0|0|2022-04-17 19:11:54.616203+02
114|1650218658.997280|2022-04-17 20:04:18.99728+02|16432|test|17|164778632|0|293000777|553454247|267345269|166370567|100949475|938384|0|0|2|2007998464|0|||0|0|45247288.766|34016019.302|143208.885|5629|0|0|0|2022-04-17 19:11:54.616203+02
115|1650218660.017097|2022-04-17 20:04:20.017097+02|16432|test|17|164787370|0|293016168|553608196|267369659|166388271|100958209|947118|0|0|2|2007998464|0|||0|0|45263839.886|34030422.103|144572.743|5631|0|0|0|2022-04-17 19:11:54.616203+02
116|1650218661.037185|2022-04-17 20:04:21.037185+02|16432|test|17|164796374|0|293032059|553767106|267394835|166406507|100967209|956118|0|0|2|2007998464|0|||0|0|45280888.069|34045236.973|145994.964|5633|0|0|0|2022-04-17 19:11:54.616203+02
117|1650218662.058657|2022-04-17 20:04:22.058657+02|16432|test|17|164806420|0|293049829|553943407|267422843|166426827|100977251|966160|0|0|2|2007998464|0|||0|0|45300459.927|34062346.322|147576.184|5635|0|0|0|2022-04-17 19:11:54.616203+02
118|1650218663.079287|2022-04-17 20:04:23.079287+02|16432|test|17|164814915|0|293064935|554092960|267446581|166444045|100985742|974651|0|0|2|2007998464|0|||0|0|45317017.012|34076891.02|148857.572|5637|0|0|0|2022-04-17 19:11:54.616203+02
119|1650218664.100185|2022-04-17 20:04:24.100185+02|16432|test|17|164824311|0|293081307|554257985|267472807|166463065|100995134|984043|0|0|2|2007998464|0|||0|0|45335075.849|34092667.96|150309.629|5639|0|0|0|2022-04-17 19:11:54.616203+02
120|1650218665.120956|2022-04-17 20:04:25.120956+02|16432|test|17|164832944|0|293096666|554409281|267496828|166480559|101003763|992672|0|0|2|2007998464|0|||0|0|45351134.292|34106597.466|151661.365|5641|0|0|0|2022-04-17 19:11:54.616203+02
121|1650218666.142353|2022-04-17 20:04:26.142353+02|16432|test|17|164841595|0|293111951|554560821|267520969|166498089|101012410|1001319|0|0|2|2007998464|0|||0|0|45367191.326|34120576.516|152988.426|5643|0|0|0|2022-04-17 19:11:54.616203+02
122|1650218667.163923|2022-04-17 20:04:27.163923+02|16432|test|17|164850067|0|293126965|554708920|267544531|166515261|101020878|1009787|0|0|2|2007998464|0|||0|0|45383239.741|34134541.382|154319.052|5645|0|0|0|2022-04-17 19:11:54.616203+02
123|1650218668.184629|2022-04-17 20:04:28.184629+02|16432|test|17|164858535|0|293141762|554856338|267568025|166532425|101029342|1018251|0|0|2|2007998464|0|||0|0|45399285.441|34148579.786|155609.165|5647|0|0|0|2022-04-17 19:11:54.616203+02
124|1650218669.206434|2022-04-17 20:04:29.206434+02|16432|test|17|164867114|0|293156874|555006350|267591845|166549811|101037917|1026826|0|0|2|2007998464|0|||0|0|45415359.781|34162578.683|156933.209|5649|0|0|0|2022-04-17 19:11:54.616203+02
125|1650218670.226302|2022-04-17 20:04:30.226302+02|16432|test|17|164874570|0|293169991|555136004|267612544|166564951|101045369|1034278|0|0|2|2007998464|0|||0|0|45431440.214|34176822.625|158095.629|5651|0|0|0|2022-04-17 19:11:54.616203+02
126|1650218671.246943|2022-04-17 20:04:31.246943+02|16432|test|17|164882852|0|293184684|555280541|267635540|166581743|101053647|1042556|0|0|2|2007998464|0|||0|0|45447587.406|34190896.268|159419.811|5653|0|0|0|2022-04-17 19:11:54.616203+02
127|1650218672.269131|2022-04-17 20:04:32.269131+02|16432|test|17|164891091|0|293199386|555423892|267658375|166598449|101061882|1050791|0|0|2|2007998464|0|||0|0|45463638.608|34204942.478|160689.756|5655|0|0|0|2022-04-17 19:11:54.616203+02
128|1650218673.289967|2022-04-17 20:04:33.289967+02|16432|test|17|164898913|0|293213123|555559992|267680059|166614321|101069700|1058609|0|0|2|2007998464|0|||0|0|45479689.19|34219122.921|161879.752|5657|0|0|0|2022-04-17 19:11:54.616203+02
129|1650218674.310672|2022-04-17 20:04:34.310672+02|16432|test|17|164907472|0|293228257|555709155|267703808|166631667|101078255|1067164|0|0|2|2007998464|0|||0|0|45495772.802|34233120.555|163215.882|5659|0|0|0|2022-04-17 19:11:54.616203+02
130|1650218675.331011|2022-04-17 20:04:35.331011+02|16432|test|17|164910943|0|293234421|555769820|267713567|166638837|101081722|1070631|0|0|2|2007998464|0|||0|0|45511933.948|34248381.803|163783.822|5661|0|0|0|2022-04-17 19:11:54.616203+02
131|1650218676.350883|2022-04-17 20:04:36.350883+02|16432|test|17|164918996|0|293248749|555910210|267735957|166655171|101089771|1078680|0|0|2|2007998464|0|||0|0|45527979.744|34262479.241|165027.112|5663|0|0|0|2022-04-17 19:11:54.616203+02
132|1650218677.371227|2022-04-17 20:04:37.371227+02|16432|test|17|164927482|0|293263802|556057748|267759453|166672371|101098253|1087162|0|0|2|2007998464|0|||0|0|45544028.051|34276524.544|166301.163|5665|0|0|0|2022-04-17 19:11:54.616203+02
133|1650218678.393621|2022-04-17 20:04:38.393621+02|16432|test|17|164936333|0|293279365|556211323|267783934|166690301|101107100|1096009|0|0|2|2007998464|0|||0|0|45560083.578|34290401.365|167692.351|5667|0|0|0|2022-04-17 19:11:54.616203+02
134|1650218679.414682|2022-04-17 20:04:39.414682+02|16432|test|17|164944983|0|293294669|556360982|267807786|166707829|101115746|1104655|0|0|2|2007998464|0|||0|0|45576124.158|34304322.27|169057.189|5669|0|0|0|2022-04-17 19:11:54.616203+02
135|1650218680.434679|2022-04-17 20:04:40.434679+02|16432|test|17|164953514|0|293309766|556509065|267831364|166725119|101124273|1113182|0|0|2|2007998464|0|||0|0|45592171.924|34318309.342|170376.432|5671|0|0|0|2022-04-17 19:11:54.616203+02
136|1650218681.455729|2022-04-17 20:04:41.455729+02|16432|test|17|164962189|0|293325210|556659588|267855340|166742697|101132944|1121853|0|0|2|2007998464|0|||0|0|45608229.124|34332268.544|171703.536|5673|0|0|0|2022-04-17 19:11:54.616203+02
137|1650218682.477343|2022-04-17 20:04:42.477343+02|16432|test|17|164971063|0|293340740|556813521|267879861|166760673|101141814|1130723|0|0|2|2007998464|0|||0|0|45624279.732|34346079.306|173142.795|5675|0|0|0|2022-04-17 19:11:54.616203+02
138|1650218683.497580|2022-04-17 20:04:43.49758+02|16432|test|17|164979760|0|293356126|556963638|267903812|166778295|101150507|1139416|0|0|2|2007998464|0|||0|0|45640347.592|34360004.886|174516.339|5677|0|0|0|2022-04-17 19:11:54.616203+02
139|1650218684.518973|2022-04-17 20:04:44.518973+02|16432|test|17|164988390|0|293371379|557112249|267927535|166795783|101159133|1148042|0|0|2|2007998464|0|||0|0|45656402.818|34373957.804|175864.205|5679|0|0|0|2022-04-17 19:11:54.616203+02
140|1650218685.540450|2022-04-17 20:04:45.54045+02|16432|test|17|164997131|0|293386859|557262521|267951525|166813493|101167870|1156779|0|0|2|2007998464|0|||0|0|45672956.449|34388306.692|177286.879|5681|0|0|0|2022-04-17 19:11:54.616203+02
141|1650218686.561255|2022-04-17 20:04:46.561255+02|16432|test|17|165005270|0|293401292|557402645|267973905|166829999|101176005|1164914|0|0|2|2007998464|0|||0|0|45689005.735|34402312.323|178582.726|5683|0|0|0|2022-04-17 19:11:54.616203+02
142|1650218687.582052|2022-04-17 20:04:47.582052+02|16432|test|17|165014203|0|293416995|557555596|267998410|166848093|101184934|1173843|0|0|2|2007998464|0|||0|0|45705568.16|34416605.399|180040.447|5685|0|0|0|2022-04-17 19:11:54.616203+02
143|1650218688.602647|2022-04-17 20:04:48.602647+02|16432|test|17|165021722|0|293430241|557684646|268019048|166863359|101192449|1181358|0|0|2|2007998464|0|||0|0|45721626.455|34430852.741|181180.994|5687|0|0|0|2022-04-17 19:11:54.616203+02
144|1650218689.623951|2022-04-17 20:04:49.623951+02|16432|test|17|165030863|0|293446471|557841514|268044066|166881869|101201586|1190495|0|0|2|2007998464|0|||0|0|45739188.411|34446181.961|182611.425|5689|0|0|0|2022-04-17 19:11:54.616203+02
145|1650218690.645719|2022-04-17 20:04:50.645719+02|16432|test|17|165039753|0|293462122|557994476|268068473|166899877|101210472|1199381|0|0|2|2007998464|0|||0|0|45756233.854|34460988.029|184042.601|5691|0|0|0|2022-04-17 19:11:54.616203+02
146|1650218691.665613|2022-04-17 20:04:51.665613+02|16432|test|17|165046048|0|293473341|558102419|268085759|166912695|101216763|1205672|0|0|2|2007998464|0|||0|0|45772949.949|34476131.296|185032.78|5693|0|0|0|2022-04-17 19:11:54.616203+02
147|1650218692.686235|2022-04-17 20:04:52.686235+02|16432|test|17|165052196|0|293484304|558207888|268102638|166925219|101222907|1211816|0|0|2|2007998464|0|||0|0|45789025.353|34490676.726|186000.126|5695|0|0|0|2022-04-17 19:11:54.616203+02
148|1650218693.707019|2022-04-17 20:04:53.707019+02|16432|test|17|165060987|0|293499951|558358194|268126651|166943029|101231694|1220603|0|0|2|2007998464|0|||0|0|45805088.925|34504563.249|187404.095|5697|0|0|0|2022-04-17 19:11:54.616203+02
149|1650218694.727756|2022-04-17 20:04:54.727756+02|16432|test|17|165071354|0|293518174|558535518|268154997|166963991|101242057|1230966|0|0|2|2007998464|0|||0|0|45823148.7|34520025.942|189072.716|5699|0|0|0|2022-04-17 19:11:54.616203+02
150|1650218695.748462|2022-04-17 20:04:55.748462+02|16432|test|17|165081635|0|293536269|558711302|268183040|166984781|101252334|1241243|0|0|2|2007998464|0|||0|0|45841204.882|34535498.254|190731.627|5701|0|0|0|2022-04-17 19:11:54.616203+02
151|1650218696.768416|2022-04-17 20:04:56.768416+02|16432|test|17|165090702|0|293552342|558866974|268207949|167003143|101261397|1250306|0|0|2|2007998464|0|||0|0|45857757.365|34549812.525|192172.004|5703|0|0|0|2022-04-17 19:11:54.616203+02
152|1650218697.788854|2022-04-17 20:04:57.788854+02|16432|test|17|165099825|0|293568396|559022637|268232871|167021617|101270516|1259425|0|0|2|2007998464|0|||0|0|45873805.101|34563641.399|193580.639|5705|0|0|0|2022-04-17 19:11:54.616203+02
153|1650218698.808910|2022-04-17 20:04:58.80891+02|16432|test|17|165108660|0|293583991|559173328|268256962|167039515|101279347|1268256|0|0|2|2007998464|0|||0|0|45889853.683|34577456.366|195014.175|5707|0|0|0|2022-04-17 19:11:54.616203+02
154|1650218699.829416|2022-04-17 20:04:59.829416+02|16432|test|17|165117314|0|293599182|559321521|268280636|167057051|101287997|1276906|0|0|2|2007998464|0|||0|0|45905910.211|34591362.117|196391.213|5709|0|0|0|2022-04-17 19:11:54.616203+02
155|1650218700.850858|2022-04-17 20:05:00.850858+02|16432|test|17|165126421|0|293615242|559476338|268305434|167075493|101297100|1286009|0|0|2|2007998464|0|||0|0|45921965.902|34605068.818|197910.316|5711|0|0|0|2022-04-17 19:11:54.616203+02
156|1650218701.871019|2022-04-17 20:05:01.871019+02|16432|test|17|165135813|0|293631859|559636288|268330980|167094505|101306488|1295397|0|0|2|2007998464|0|||0|0|45938014.093|34618720.825|199451.906|5713|0|0|0|2022-04-17 19:11:54.616203+02
157|1650218702.891975|2022-04-17 20:05:02.891975+02|16432|test|17|165143757|0|293645953|559771953|268352698|167110621|101314428|1303337|0|0|2|2007998464|0|||0|0|45954072.617|34632743.955|200747.692|5715|0|0|0|2022-04-17 19:11:54.616203+02
158|1650218703.913245|2022-04-17 20:05:03.913245+02|16432|test|17|165152410|0|293661274|559918380|268376180|167128155|101323077|1311986|0|0|2|2007998464|0|||0|0|45970137.957|34646584.227|202186.502|5717|0|0|0|2022-04-17 19:11:54.616203+02
159|1650218704.934078|2022-04-17 20:05:04.934078+02|16432|test|18|165156358|0|293668283|559985623|268387004|167136267|101327022|1315931|0|0|2|2007998464|0|||0|0|45978165.46|34653604.819|202806.545|5718|0|0|0|2022-04-17 19:11:54.616203+02
160|1650218705.945470|2022-04-17 20:05:05.94547+02|16432|test|17|165168487|0|293706972|560204253|268421621|167161264|101339141|1328056|0|0|2|2007998464|0|||0|0|46002260.288|34674361.422|204927.027|5721|0|0|0|2022-04-17 19:11:54.616203+02
161|1650218706.964898|2022-04-17 20:05:06.964898+02|16432|test|17|165176276|0|293720720|560335870|268442750|167177070|101346926|1335841|0|0|2|2007998464|0|||0|0|46018318.845|34688442.9|206172.348|5723|0|0|0|2022-04-17 19:11:54.616203+02
162|1650218707.984949|2022-04-17 20:05:07.984949+02|16432|test|17|165185276|0|293736632|560488704|268467193|167195298|101355922|1344837|0|0|2|2007998464|0|||0|0|46034371.313|34702217.089|207638.212|5725|0|0|0|2022-04-17 19:11:54.616203+02
163|1650218709.005610|2022-04-17 20:05:09.00561+02|16432|test|17|165190650|0|293746159|560579844|268481875|167206274|101361292|1350207|0|0|2|2007998464|0|||0|0|46050582.878|34717074.846|208483.681|5727|0|0|0|2022-04-17 19:11:54.616203+02
164|1650218710.025724|2022-04-17 20:05:10.025724+02|16432|test|17|165197001|0|293757606|560687391|268499114|167219204|101367639|1356554|0|0|2|2007998464|0|||0|0|46066638.662|34731570.177|209473.691|5729|0|0|0|2022-04-17 19:11:54.616203+02
165|1650218711.046761|2022-04-17 20:05:11.046761+02|16432|test|17|165205467|0|293772461|560829859|268522046|167236364|101376101|1365016|0|0|2|2007998464|0|||0|0|46082702.566|34745566.676|210799.456|5731|0|0|0|2022-04-17 19:11:54.616203+02
166|1650218712.066992|2022-04-17 20:05:12.066992+02|16432|test|17|165214016|0|293787586|560974881|268545271|167253690|101384646|1373561|0|0|2|2007998464|0|||0|0|46098769.094|34759569.455|212125.721|5733|0|0|0|2022-04-17 19:11:54.616203+02
167|1650218713.089178|2022-04-17 20:05:13.089178+02|16432|test|17|165222581|0|293802704|561119267|268568466|167271048|101393207|1382122|0|0|2|2007998464|0|||0|0|46114827.536|34773455.81|213525.24|5735|0|0|0|2022-04-17 19:11:54.616203+02
168|1650218714.110271|2022-04-17 20:05:14.110271+02|16432|test|17|165231764|0|293819035|561273342|268593265|167289642|101402386|1391301|0|0|2|2007998464|0|||0|0|46130889.763|34787338.356|214942.583|5737|0|0|0|2022-04-17 19:11:54.616203+02
169|1650218715.131573|2022-04-17 20:05:15.131573+02|16432|test|17|165240518|0|293834508|561419999|268616893|167307378|101411136|1400051|0|0|2|2007998464|0|||0|0|46146946.887|34801213.125|216356.947|5739|0|0|0|2022-04-17 19:11:54.616203+02
170|1650218716.153429|2022-04-17 20:05:16.153429+02|16432|test|17|165249511|0|293850418|561571082|268641200|167325592|101420125|1409040|0|0|2|2007998464|0|||0|0|46163506.365|34815554.762|217771.548|5741|0|0|0|2022-04-17 19:11:54.616203+02
171|1650218717.173698|2022-04-17 20:05:17.173698+02|16432|test|17|165258560|0|293866472|561723542|268665678|167343918|101429170|1418085|0|0|2|2007998464|0|||0|0|46180075.347|34829887.945|219199.168|5743|0|0|0|2022-04-17 19:11:54.616203+02
172|1650218718.195263|2022-04-17 20:05:18.195263+02|16432|test|17|165267358|0|293882037|561871832|268689470|167361742|101437964|1426879|0|0|2|2007998464|0|||0|0|46196154.849|34843804.228|220593.179|5745|0|0|0|2022-04-17 19:11:54.616203+02
173|1650218719.215569|2022-04-17 20:05:19.215569+02|16432|test|17|165277423|0|293899733|562040571|268716566|167382100|101448025|1436940|0|0|2|2007998464|0|||0|0|46214216.862|34859416.856|222164.434|5747|0|0|0|2022-04-17 19:11:54.616203+02
174|1650218720.236422|2022-04-17 20:05:20.236422+02|16432|test|17|165286322|0|293915527|562189751|268740538|167400126|101456920|1445835|0|0|2|2007998464|0|||0|0|46230773.164|34873748.766|223584.324|5749|0|0|0|2022-04-17 19:11:54.616203+02
175|1650218721.258178|2022-04-17 20:05:21.258178+02|16432|test|17|165294596|0|293930185|562328649|268762870|167416902|101465190|1454105|0|0|2|2007998464|0|||0|0|46246833.859|34887799.849|224865.27|5751|0|0|0|2022-04-17 19:11:54.616203+02
176|1650218722.278989|2022-04-17 20:05:22.278989+02|16432|test|17|165303294|0|293945482|562474820|268786340|167434526|101473884|1462799|0|0|2|2007998464|0|||0|0|46262882.05|34901668.533|226257.79|5753|0|0|0|2022-04-17 19:11:54.616203+02
177|1650218723.299609|2022-04-17 20:05:23.299609+02|16432|test|17|165311808|0|293960730|562617091|268809250|167451782|101482394|1471309|0|0|2|2007998464|0|||0|0|46279443.742|34916129.882|227598.18|5755|0|0|0|2022-04-17 19:11:54.616203+02
178|1650218724.320333|2022-04-17 20:05:24.320333+02|16432|test|17|165321303|0|293977501|562775702|268834754|167471000|101491885|1480800|0|0|2|2007998464|0|||0|0|46298002.625|34932305.024|229118.472|5757|0|0|0|2022-04-17 19:11:54.616203+02
179|1650218725.342787|2022-04-17 20:05:25.342787+02|16432|test|17|165328596|0|293990228|562897133|268854370|167485814|101499174|1488089|0|0|2|2007998464|0|||0|0|46311049.427|34943492.312|230326.664|5759|0|0|0|2022-04-17 19:11:54.616203+02
180|1650218726.363931|2022-04-17 20:05:26.363931+02|16432|test|17|165333357|0|293998697|562976201|268867213|167495564|101503931|1492846|0|0|2|2007998464|0|||0|0|46328189.272|34959406.146|231105.547|5761|0|0|0|2022-04-17 19:11:54.616203+02
181|1650218727.384705|2022-04-17 20:05:27.384705+02|16432|test|17|165341377|0|294012974|563110538|268888799|167511832|101511947|1500862|0|0|2|2007998464|0|||0|0|46344256.855|34973556.549|232319.967|5763|0|0|0|2022-04-17 19:11:54.616203+02
182|1650218728.404288|2022-04-17 20:05:28.404288+02|16432|test|17|165351632|0|294031170|563281610|268916314|167532570|101522198|1511113|0|0|2|2007998464|0|||0|0|46362850.677|34989596.128|233963.098|5765|0|0|0|2022-04-17 19:11:54.616203+02
183|1650218729.424065|2022-04-17 20:05:29.424065+02|16432|test|17|165360929|0|294047642|563436289|268941234|167551392|101531491|1520406|0|0|2|2007998464|0|||0|0|46379907.772|35004343.136|235452.361|5767|0|0|0|2022-04-17 19:11:54.616203+02
184|1650218730.446160|2022-04-17 20:05:30.44616+02|16432|test|17|165370271|0|294064163|563591958|268966287|167570304|101540829|1529744|0|0|2|2007998464|0|||0|0|46395953.586|35017962.954|237039.185|5769|0|0|0|2022-04-17 19:11:54.616203+02
185|1650218731.468355|2022-04-17 20:05:31.468355+02|16432|test|17|165379724|0|294080917|563749084|268991566|167589438|101550278|1539193|0|0|2|2007998464|0|||0|0|46412504.978|35032078.592|238610.738|5771|0|0|0|2022-04-17 19:11:54.616203+02
186|1650218732.489014|2022-04-17 20:05:32.489014+02|16432|test|17|165388900|0|294097138|563901247|269016096|167608018|101559450|1548365|0|0|2|2007998464|0|||0|0|46428542.907|35045787.583|240100.486|5773|0|0|0|2022-04-17 19:11:54.616203+02
187|1650218733.509235|2022-04-17 20:05:33.509235+02|16432|test|17|165398169|0|294113575|564055067|269040838|167626784|101568715|1557630|0|0|2|2007998464|0|||0|0|46444600.275|35059492.954|241618.289|5775|0|0|0|2022-04-17 19:11:54.616203+02
188|1650218734.529573|2022-04-17 20:05:34.529573+02|16432|test|17|165407038|0|294129188|564201528|269064499|167644750|101577580|1566495|0|0|2|2007998464|0|||0|0|46460658.958|35073307.255|243079.689|5777|0|0|0|2022-04-17 19:11:54.616203+02
189|1650218735.550462|2022-04-17 20:05:35.550462+02|16432|test|17|165416188|0|294145573|564353546|269089028|167663278|101586726|1575641|0|0|2|2007998464|0|||0|0|46476715.175|35087187.073|244468.383|5779|0|0|0|2022-04-17 19:11:54.616203+02
190|1650218736.570848|2022-04-17 20:05:36.570848+02|16432|test|17|165425088|0|294161255|564501536|269112858|167681306|101595622|1584537|0|0|2|2007998464|0|||0|0|46492824.932|35101113.104|245868.514|5781|0|0|0|2022-04-17 19:11:54.616203+02
191|1650218737.591654|2022-04-17 20:05:37.591654+02|16432|test|17|165434099|0|294177239|564649945|269136867|167699556|101604629|1593544|0|0|2|2007998464|0|||0|0|46508886.081|35114851.835|247356.604|5783|0|0|0|2022-04-17 19:11:54.616203+02
192|1650218738.611702|2022-04-17 20:05:38.611702+02|16432|test|17|165442678|0|294192377|564791549|269159682|167716942|101613204|1602119|0|0|2|2007998464|0|||0|0|46524934.499|35128745.061|248742.035|5785|0|0|0|2022-04-17 19:11:54.616203+02
193|1650218739.633232|2022-04-17 20:05:39.633232+02|16432|test|17|165451588|0|294208119|564938142|269183357|167734990|101622110|1611025|0|0|2|2007998464|0|||0|0|46540996.515|35142565.978|250190.262|5787|0|0|0|2022-04-17 19:11:54.616203+02
194|1650218740.653656|2022-04-17 20:05:40.653656+02|16432|test|17|165459703|0|294222474|565071720|269204937|167751448|101630221|1619136|0|0|2|2007998464|0|||0|0|46557062.184|35156521.524|251537.173|5789|0|0|0|2022-04-17 19:11:54.616203+02
195|1650218741.674913|2022-04-17 20:05:41.674913+02|16432|test|17|165468725|0|294238383|565220329|269228929|167769720|101639239|1628154|0|0|2|2007998464|0|||0|0|46573145.758|35170285.142|253039.239|5791|0|0|0|2022-04-17 19:11:54.616203+02
196|1650218742.695371|2022-04-17 20:05:42.695371+02|16432|test|17|165477204|0|294253349|565359451|269251464|167786906|101647714|1636629|0|0|2|2007998464|0|||0|0|46589192.057|35184200.501|254401.938|5793|0|0|0|2022-04-17 19:11:54.616203+02
197|1650218743.716997|2022-04-17 20:05:43.716997+02|16432|test|17|165486063|0|294269032|565505570|269275062|167804852|101656569|1645484|0|0|2|2007998464|0|||0|0|46605270.075|35198037.555|255844.97|5795|0|0|0|2022-04-17 19:11:54.616203+02
198|1650218744.737420|2022-04-17 20:05:44.73742+02|16432|test|17|165492454|0|294280211|565611350|269292172|167817862|101662956|1651871|0|0|2|2007998464|0|||0|0|46621592.989|35212783.171|256847.804|5797|0|0|0|2022-04-17 19:11:54.616203+02
199|1650218745.759968|2022-04-17 20:05:45.759968+02|16432|test|17|165499077|0|294291917|565720523|269309809|167831336|101669575|1658490|0|0|2|2007998464|0|||0|0|46637645.832|35227178.382|257896.744|5799|0|0|0|2022-04-17 19:11:54.616203+02
200|1650218746.780613|2022-04-17 20:05:46.780613+02|16432|test|17|165508695|0|294308896|565878796|269335389|167850800|101679189|1668104|0|0|2|2007998464|0|||0|0|46655204.493|35242317.147|259440.053|5801|0|0|0|2022-04-17 19:11:54.616203+02
201|1650218747.800849|2022-04-17 20:05:47.800849+02|16432|test|17|165517360|0|294324309|566020948|269358375|167868358|101687850|1676765|0|0|2|2007998464|0|||0|0|46671259.643|35256225.238|260819.31|5803|0|0|0|2022-04-17 19:11:54.616203+02
202|1650218748.822022|2022-04-17 20:05:48.822022+02|16432|test|17|165526173|0|294339941|566165511|269381764|167886212|101696659|1685574|0|0|2|2007998464|0|||0|0|46687316.332|35270040.153|262254.443|5805|0|0|0|2022-04-17 19:11:54.616203+02
203|1650218749.843163|2022-04-17 20:05:49.843163+02|16432|test|17|165535338|0|294356068|566315868|269406081|167904770|101705820|1694735|0|0|2|2007998464|0|||0|0|46703867.056|35284344.665|263697.044|5807|0|0|0|2022-04-17 19:11:54.616203+02
204|1650218750.863488|2022-04-17 20:05:50.863488+02|16432|test|17|165545000|0|294373176|566474139|269431674|167924322|101715478|1704393|0|0|2|2007998464|0|||0|0|46721436.116|35299547.035|265206.989|5809|0|0|0|2022-04-17 19:11:54.616203+02
205|1650218751.885538|2022-04-17 20:05:51.885538+02|16432|test|17|165554219|0|294389550|566624915|269456047|167942988|101724693|1713608|0|0|2|2007998464|0|||0|0|46737479.872|35313273.982|266698.61|5811|0|0|0|2022-04-17 19:11:54.616203+02
206|1650218752.906255|2022-04-17 20:05:52.906255+02|16432|test|17|165563190|0|294405491|566771625|269479774|167961158|101733660|1722575|0|0|2|2007998464|0|||0|0|46753530.714|35327055.208|268165.043|5813|0|0|0|2022-04-17 19:11:54.616203+02
207|1650218753.926811|2022-04-17 20:05:53.926811+02|16432|test|17|165572105|0|294421216|566916925|269503311|167979216|101742571|1731486|0|0|2|2007998464|0|||0|0|46770084.473|35341346.031|269618.996|5815|0|0|0|2022-04-17 19:11:54.616203+02
208|1650218754.947059|2022-04-17 20:05:54.947059+02|16432|test|17|165580654|0|294436347|567056716|269525969|167996542|101751116|1740031|0|0|2|2007998464|0|||0|0|46786156.463|35355225.684|271026.953|5817|0|0|0|2022-04-17 19:11:54.616203+02
209|1650218755.967791|2022-04-17 20:05:55.967791+02|16432|test|17|165589184|0|294451357|567195996|269548500|168013830|101759642|1748557|0|0|2|2007998464|0|||0|0|46802289.477|35369161.45|272445.594|5819|0|0|0|2022-04-17 19:11:54.616203+02
210|1650218756.987205|2022-04-17 20:05:56.987205+02|16432|test|17|165598441|0|294467695|567346984|269572923|168032572|101768895|1757810|0|0|2|2007998464|0|||0|0|46820883.253|35385443.608|273915.803|5821|0|0|0|2022-04-17 19:11:54.616203+02
211|1650218758.007236|2022-04-17 20:05:58.007236+02|16432|test|17|165607153|0|294483152|567488753|269595893|168050224|101777603|1766518|0|0|2|2007998464|0|||0|0|46837629.964|35400045.181|275307.279|5823|0|0|0|2022-04-17 19:11:54.616203+02
212|1650218759.029350|2022-04-17 20:05:59.02935+02|16432|test|17|165615054|0|294497159|567617333|269616744|168066254|101785500|1774415|0|0|2|2007998464|0|||0|0|46854182.155|35414577.876|276613.171|5825|0|0|0|2022-04-17 19:11:54.616203+02
213|1650218760.050467|2022-04-17 20:06:00.050467+02|16432|test|17|165623992|0|294512957|567762937|269640328|168084358|101794434|1783349|0|0|2|2007998464|0|||0|0|46870732.903|35428896.12|278033.158|5827|0|0|0|2022-04-17 19:11:54.616203+02
214|1650218761.070641|2022-04-17 20:06:01.070641+02|16432|test|17|165632498|0|294528066|567901726|269662806|168101598|101802936|1791851|0|0|2|2007998464|0|||0|0|46886794.57|35442739.777|279456.158|5829|0|0|0|2022-04-17 19:11:54.616203+02
215|1650218762.090960|2022-04-17 20:06:02.09096+02|16432|test|17|165638342|0|294538633|567997016|269678303|168113514|101808776|1797691|0|0|2|2007998464|0|||0|0|46902961.31|35457351.426|280419.319|5831|0|0|0|2022-04-17 19:11:54.616203+02
216|1650218763.110296|2022-04-17 20:06:03.110296+02|16432|test|17|165644693|0|294549776|568100895|269695186|168126444|101815123|1804038|0|0|2|2007998464|0|||0|0|46919037.34|35471815.714|281450.626|5833|0|0|0|2022-04-17 19:11:54.616203+02
217|1650218764.131216|2022-04-17 20:06:04.131216+02|16432|test|17|165653096|0|294564580|568237241|269717306|168143478|101823522|1812437|0|0|2|2007998464|0|||0|0|46935095.371|35485764.182|282793.385|5835|0|0|0|2022-04-17 19:11:54.616203+02
218|1650218765.151534|2022-04-17 20:06:05.151534+02|16432|test|18|165661237|0|294578992|568369330|269738775|168160078|101831659|1820574|0|0|2|2007998464|0|||0|0|46951164.82|35499821.556|284073.425|5837|0|0|0|2022-04-17 19:11:54.616203+02
219|1650218766.171909|2022-04-17 20:06:06.171909+02|16432|test|17|165669027|0|294616492|568508866|269760923|168176295|101839440|1828361|0|0|2|2007998464|0|||0|0|46967223.458|35513811.949|285360.977|5839|0|0|0|2022-04-17 19:11:54.616203+02
220|1650218767.191255|2022-04-17 20:06:07.191255+02|16432|test|17|165677763|0|294632140|568650724|269783899|168193995|101848172|1837093|0|0|2|2007998464|0|||0|0|46983287.103|35527659.115|286787.825|5841|0|0|0|2022-04-17 19:11:54.616203+02
221|1650218768.211435|2022-04-17 20:06:08.211435+02|16432|test|17|165686545|0|294647609|568792276|269806916|168211787|101856950|1845871|0|0|2|2007998464|0|||0|0|46999338|35541530.048|288185.281|5843|0|0|0|2022-04-17 19:11:54.616203+02
222|1650218769.232777|2022-04-17 20:06:09.232777+02|16432|test|17|165695313|0|294663114|568933787|269829903|168229551|101865714|1854635|0|0|2|2007998464|0|||0|0|47015388.393|35555356.305|289623.917|5845|0|0|0|2022-04-17 19:11:54.616203+02
223|1650218770.252467|2022-04-17 20:06:10.252467+02|16432|test|17|165704425|0|294679198|569080850|269853775|168248003|101874822|1863743|0|0|2|2007998464|0|||0|0|47031463.862|35569203.993|291062.583|5847|0|0|0|2022-04-17 19:11:54.616203+02
224|1650218771.274078|2022-04-17 20:06:11.274078+02|16432|test|17|165713440|0|294695048|569226466|269877387|168266261|101883833|1872754|0|0|2|2007998464|0|||0|0|47047514.447|35583011.583|292497.677|5849|0|0|0|2022-04-17 19:11:54.616203+02
225|1650218772.296150|2022-04-17 20:06:12.29615+02|16432|test|17|165722258|0|294710674|569368556|269900431|168284125|101892647|1881568|0|0|2|2007998464|0|||0|0|47063561.788|35596823.987|293937.493|5851|0|0|0|2022-04-17 19:11:54.616203+02
226|1650218773.318426|2022-04-17 20:06:13.318426+02|16432|test|17|165730463|0|294725167|569500412|269921862|168300763|101900848|1889769|0|0|2|2007998464|0|||0|0|47079618.238|35610769.79|295300.834|5853|0|0|0|2022-04-17 19:11:54.616203+02
227|1650218774.338509|2022-04-17 20:06:14.338509+02|16432|test|17|165739715|0|294741530|569650132|269946138|168319495|101910096|1899017|0|0|2|2007998464|0|||0|0|47095683.789|35624539.799|296772.919|5855|0|0|0|2022-04-17 19:11:54.616203+02
228|1650218775.359716|2022-04-17 20:06:15.359716+02|16432|test|17|165747032|0|294754447|569768279|269965328|168334357|101917409|1906330|0|0|2|2007998464|0|||0|0|47112755.866|35639744.884|297960.592|5857|0|0|0|2022-04-17 19:11:54.616203+02
229|1650218776.379764|2022-04-17 20:06:16.379764+02|16432|test|17|165756035|0|294770399|569913132|269988884|168352591|101926408|1915329|0|0|2|2007998464|0|||0|0|47129315.96|35654109.558|299365.843|5859|0|0|0|2022-04-17 19:11:54.616203+02
230|1650218777.399745|2022-04-17 20:06:17.399745+02|16432|test|17|165764715|0|294785733|570053149|270011609|168370179|101935084|1924005|0|0|2|2007998464|0|||0|0|47145369.03|35668051.137|300726.767|5861|0|0|0|2022-04-17 19:11:54.616203+02
231|1650218778.422413|2022-04-17 20:06:18.422413+02|16432|test|17|165773539|0|294801584|570194401|270034574|168388055|101943904|1932825|0|0|2|2007998464|0|||0|0|47161455.624|35681892.398|302177.328|5863|0|0|0|2022-04-17 19:11:54.616203+02
232|1650218779.455955|2022-04-17 20:06:19.455955+02|16432|test|17|165777187|0|294807952|570253213|270044241|168395579|101947548|1936469|0|0|2|2007998464|0|||0|0|47177873.301|35697373.492|302761.609|5865|0|0|0|2022-04-17 19:11:54.616203+02
233|1650218780.476830|2022-04-17 20:06:20.47683+02|16432|test|17|165785505|0|294822680|570386706|270065976|168412443|101955862|1944783|0|0|2|2007998464|0|||0|0|47193928.893|35711305.219|304124.149|5867|0|0|0|2022-04-17 19:11:54.616203+02
234|1650218781.497239|2022-04-17 20:06:21.497239+02|16432|test|17|165794177|0|294838085|570525884|270088616|168430015|101964530|1953451|0|0|2|2007998464|0|||0|0|47210475.451|35725618.594|305560.096|5869|0|0|0|2022-04-17 19:11:54.616203+02
235|1650218782.517977|2022-04-17 20:06:22.517977+02|16432|test|17|165803240|0|294853996|570670804|270112169|168448369|101973589|1962510|0|0|2|2007998464|0|||0|0|47227530.213|35740422.067|307017.327|5871|0|0|0|2022-04-17 19:11:54.616203+02
236|1650218783.538493|2022-04-17 20:06:23.538493+02|16432|test|17|165811871|0|294869223|570809345|270134711|168465859|101982216|1971137|0|0|2|2007998464|0|||0|0|47244079.171|35754808.449|308395.415|5873|0|0|0|2022-04-17 19:11:54.616203+02
237|1650218784.558931|2022-04-17 20:06:24.558931+02|16432|test|17|165820787|0|294885012|570952460|270157947|168483919|101991128|1980049|0|0|2|2007998464|0|||0|0|47260643.93|35769199.134|309788.27|5875|0|0|0|2022-04-17 19:11:54.616203+02
238|1650218785.579368|2022-04-17 20:06:25.579368+02|16432|test|17|165829456|0|294900456|571090960|270180477|168501485|101999793|1988714|0|0|2|2007998464|0|||0|0|47276695.806|35783054.428|311204.963|5877|0|0|0|2022-04-17 19:11:54.616203+02
239|1650218786.600214|2022-04-17 20:06:26.600214+02|16432|test|17|165839519|0|294918150|571251875|270206636|168521839|102009852|1998773|0|0|2|2007998464|0|||0|0|47294757.424|35798552.006|312852.507|5879|0|0|0|2022-04-17 19:11:54.616203+02
240|1650218787.621121|2022-04-17 20:06:27.621121+02|16432|test|17|165848759|0|294934622|571399559|270230634|168540547|102019088|2008009|0|0|2|2007998464|0|||0|0|47312316.312|35813771.306|314359.463|5881|0|0|0|2022-04-17 19:11:54.616203+02
241|1650218788.641068|2022-04-17 20:06:28.641068+02|16432|test|17|165857452|0|294950008|571538234|270253243|168558161|102027777|2016698|0|0|2|2007998464|0|||0|0|47328369.399|35827690.655|315728.705|5883|0|0|0|2022-04-17 19:11:54.616203+02
242|1650218789.661516|2022-04-17 20:06:29.661516+02|16432|test|17|165866035|0|294965282|571675319|270275582|168575555|102036356|2025277|0|0|2|2007998464|0|||0|0|47344414.673|35841670.241|317061.496|5885|0|0|0|2022-04-17 19:11:54.616203+02
243|1650218790.681057|2022-04-17 20:06:30.681057+02|16432|test|17|165873202|0|294977997|571789159|270294176|168590117|102043519|2032440|0|0|2|2007998464|0|||0|0|47360978.534|35856414.945|318231.176|5887|0|0|0|2022-04-17 19:11:54.616203+02
244|1650218791.701370|2022-04-17 20:06:31.70137+02|16432|test|17|165881851|0|294993287|571926994|270316665|168607643|102052164|2041085|0|0|2|2007998464|0|||0|0|47377033.766|35870342.912|319598.791|5889|0|0|0|2022-04-17 19:11:54.616203+02
245|1650218792.722139|2022-04-17 20:06:32.722139+02|16432|test|17|165890337|0|295008261|572061986|270338667|168624843|102060646|2049567|0|0|2|2007998464|0|||0|0|47393093.084|35884362.301|320901.563|5891|0|0|0|2022-04-17 19:11:54.616203+02
246|1650218793.743660|2022-04-17 20:06:33.74366+02|16432|test|17|165898372|0|295022470|572190421|270359554|168641141|102068677|2057598|0|0|2|2007998464|0|||0|0|47409151.317|35898408.558|322176.61|5893|0|0|0|2022-04-17 19:11:54.616203+02
247|1650218794.764377|2022-04-17 20:06:34.764377+02|16432|test|17|165906617|0|295037113|572321532|270380930|168657859|102076918|2065839|0|0|2|2007998464|0|||0|0|47425270.119|35912555.756|323424.581|5895|0|0|0|2022-04-17 19:11:54.616203+02
248|1650218795.785759|2022-04-17 20:06:35.785759+02|16432|test|17|165914007|0|295050200|572438873|270400106|168672867|102084304|2073225|0|0|2|2007998464|0|||0|0|47441343.834|35926796.521|324581.067|5897|0|0|0|2022-04-17 19:11:54.616203+02
249|1650218796.806536|2022-04-17 20:06:36.806536+02|16432|test|17|165922038|0|295064384|572566444|270420944|168689157|102092331|2081252|0|0|2|2007998464|0|||0|0|47457398.282|35940826.697|325867.852|5899|0|0|0|2022-04-17 19:11:54.616203+02
250|1650218797.826994|2022-04-17 20:06:37.826994+02|16432|test|17|165930327|0|295079213|572698295|270442450|168705963|102100616|2089537|0|0|2|2007998464|0|||0|0|47473452.993|35954860.935|327167.856|5901|0|0|0|2022-04-17 19:11:54.616203+02
251|1650218798.847876|2022-04-17 20:06:38.847876+02|16432|test|17|165935072|0|295087735|572774257|270454861|168715681|102105357|2094278|0|0|2|2007998464|0|||0|0|47489850.141|35970025.155|327925.315|5903|0|0|0|2022-04-17 19:11:54.616203+02
252|1650218799.872769|2022-04-17 20:06:39.872769+02|16432|test|17|165940846|0|295097852|572865785|270469893|168727457|102111127|2100048|0|0|2|2007998464|0|||0|0|47505916.496|35984635.886|328841.98|5905|0|0|0|2022-04-17 19:11:54.616203+02
253|1650218800.893455|2022-04-17 20:06:40.893455+02|16432|test|17|165949086|0|295112429|572996544|270491236|168744165|102119363|2108284|0|0|2|2007998464|0|||0|0|47521974.057|35998628.668|330148.695|5907|0|0|0|2022-04-17 19:11:54.616203+02
254|1650218801.913789|2022-04-17 20:06:41.913789+02|16432|test|17|165957719|0|295127681|573133681|270513589|168761659|102127992|2116913|0|0|2|2007998464|0|||0|0|47538015.175|36012508.502|331515.067|5909|0|0|0|2022-04-17 19:11:54.616203+02
255|1650218802.935154|2022-04-17 20:06:42.935154+02|16432|test|17|165965759|0|295141990|573260946|270534394|168777967|102136028|2124949|0|0|2|2007998464|0|||0|0|47554066.475|36026602.41|332766.88|5911|0|0|0|2022-04-17 19:11:54.616203+02
256|1650218803.956316|2022-04-17 20:06:43.956316+02|16432|test|17|165975077|0|295158487|573408153|270558408|168796831|102145342|2134263|0|0|2|2007998464|0|||0|0|47571636.798|36041838.573|334272.307|5913|0|0|0|2022-04-17 19:11:54.616203+02
257|1650218804.978425|2022-04-17 20:06:44.978425+02|16432|test|17|165983481|0|295173414|573540822|270580096|168813867|102153742|2142663|0|0|2|2007998464|0|||0|0|47587695.804|36055837.85|335584.732|5915|0|0|0|2022-04-17 19:11:54.616203+02
258|1650218805.999270|2022-04-17 20:06:45.99927+02|16432|test|17|165991811|0|295188009|573671656|270601560|168830755|102162068|2150989|0|0|2|2007998464|0|||0|0|47603769.756|36069865.791|336896.901|5917|0|0|0|2022-04-17 19:11:54.616203+02
259|1650218807.020047|2022-04-17 20:06:47.020047+02|16432|test|17|165999949|0|295202491|573800283|270622595|168847259|102170202|2159123|0|0|2|2007998464|0|||0|0|47619854.093|36083899.892|338224.259|5919|0|0|0|2022-04-17 19:11:54.616203+02
260|1650218808.040464|2022-04-17 20:06:48.040464+02|16432|test|17|166008484|0|295217629|573934568|270644550|168864557|102178733|2167654|0|0|2|2007998464|0|||0|0|47635902.989|36097764.809|339620.888|5921|0|0|0|2022-04-17 19:11:54.616203+02
261|1650218809.060321|2022-04-17 20:06:49.060321+02|16432|test|17|166016782|0|295232396|574064825|270665882|168881381|102187027|2175948|0|0|2|2007998464|0|||0|0|47651947.786|36111729.982|340940.108|5923|0|0|0|2022-04-17 19:11:54.616203+02
262|1650218810.080662|2022-04-17 20:06:50.080662+02|16432|test|17|166024175|0|295245446|574180788|270684868|168896395|102194416|2183337|0|0|2|2007998464|0|||0|0|47668563.705|36126538.431|342091.078|5925|0|0|0|2022-04-17 19:11:54.616203+02
263|1650218811.100128|2022-04-17 20:06:51.100128+02|16432|test|17|166032369|0|295260083|574310298|270705991|168913011|102202606|2191527|0|0|2|2007998464|0|||0|0|47684636.384|36140544.31|343405.639|5927|0|0|0|2022-04-17 19:11:54.616203+02
264|1650218812.119920|2022-04-17 20:06:52.11992+02|16432|test|17|166041090|0|295275383|574446082|270728267|168930681|102211323|2200244|0|0|2|2007998464|0|||0|0|47701692.691|36155384.111|344827.631|5929|0|0|0|2022-04-17 19:11:54.616203+02
265|1650218813.140690|2022-04-17 20:06:53.14069+02|16432|test|17|166049736|0|295290832|574581941|270750449|168948201|102219965|2208886|0|0|2|2007998464|0|||0|0|47718239.468|36169771.367|346211.044|5931|0|0|0|2022-04-17 19:11:54.616203+02
266|1650218814.161102|2022-04-17 20:06:54.161102+02|16432|test|17|166058202|0|295305926|574714929|270772234|168965361|102228427|2217348|0|0|2|2007998464|0|||0|0|47734300.967|36183730.537|347550.269|5933|0|0|0|2022-04-17 19:11:54.616203+02
267|1650218815.180749|2022-04-17 20:06:55.180749+02|16432|test|17|166065607|0|295318907|574830873|270791263|168980399|102235828|2224749|0|0|2|2007998464|0|||0|0|47750628.193|36198192.386|348733.859|5935|0|0|0|2022-04-17 19:11:54.616203+02
268|1650218816.200306|2022-04-17 20:06:56.200306+02|16432|test|17|166073771|0|295333239|574958337|270812149|168996955|102243988|2232909|0|0|2|2007998464|0|||0|0|47766692.863|36212229.098|350040.185|5937|0|0|0|2022-04-17 19:11:54.616203+02
269|1650218817.220513|2022-04-17 20:06:57.220513+02|16432|test|17|166083140|0|295350044|575105413|270836178|169015921|102253353|2242274|0|0|2|2007998464|0|||0|0|47785265.555|36228502|351476.154|5939|0|0|0|2022-04-17 19:11:54.616203+02
270|1650218818.241388|2022-04-17 20:06:58.241388+02|16432|test|17|166091649|0|295365017|575238494|270858009|169033167|102261858|2250779|0|0|2|2007998464|0|||0|0|47801825.75|36242933.159|352836.23|5941|0|0|0|2022-04-17 19:11:54.616203+02
271|1650218819.262586|2022-04-17 20:06:59.262586+02|16432|test|17|166099691|0|295379220|575364480|270878651|169049479|102269896|2258817|0|0|2|2007998464|0|||0|0|47817881.497|36257010.785|354090.867|5943|0|0|0|2022-04-17 19:11:54.616203+02
272|1650218820.283261|2022-04-17 20:07:00.283261+02|16432|test|17|166108229|0|295394310|575497819|270900469|169066783|102278430|2267351|0|0|2|2007998464|0|||0|0|47833947.523|36270953.101|355453.665|5945|0|0|0|2022-04-17 19:11:54.616203+02
273|1650218821.302836|2022-04-17 20:07:01.302836+02|16432|test|17|166114921|0|295406164|575602225|270917643|169080395|102285118|2274039|0|0|2|2007998464|0|||0|0|47850116.953|36285458.581|356503.233|5947|0|0|0|2022-04-17 19:11:54.616203+02
274|1650218822.322989|2022-04-17 20:07:02.322989+02|16432|test|17|166120364|0|295415737|575686941|270931606|169091509|102290557|2279478|0|0|2|2007998464|0|||0|0|47866690.695|36300755.184|357301.346|5949|0|0|0|2022-04-17 19:11:54.616203+02
275|1650218823.343579|2022-04-17 20:07:03.343579+02|16432|test|17|166129069|0|295431151|575822819|270953857|169109147|102299258|2288179|0|0|2|2007998464|0|||0|0|47883255.032|36315170.542|358671.944|5951|0|0|0|2022-04-17 19:11:54.616203+02
276|1650218824.363641|2022-04-17 20:07:04.363641+02|16432|test|17|166137573|0|295446215|575955595|270975608|169126383|102307758|2296679|0|0|2|2007998464|0|||0|0|47899823.847|36329653.905|360004.165|5953|0|0|0|2022-04-17 19:11:54.616203+02
277|1650218825.383642|2022-04-17 20:07:05.383642+02|16432|test|18|166145745|0|295460737|576083619|270996650|169143099|102315926|2304847|0|0|2|2007998464|0|||0|0|47915912.682|36343660.522|361306.426|5955|0|0|0|2022-04-17 19:11:54.616203+02
278|1650218826.404488|2022-04-17 20:07:06.404488+02|16432|test|17|166153879|0|295504829|576223582|271019108|169159950|102324051|2312978|0|0|2|2007998464|0|||0|0|47931968.072|36357723.103|362565.637|5957|0|0|0|2022-04-17 19:11:54.616203+02
279|1650218827.424624|2022-04-17 20:07:07.424624+02|16432|test|17|166162079|0|295519283|576351408|271040069|169176578|102332247|2321174|0|0|2|2007998464|0|||0|0|47948024.106|36371826.782|363775.162|5959|0|0|0|2022-04-17 19:11:54.616203+02
280|1650218828.444615|2022-04-17 20:07:08.444615+02|16432|test|17|166170853|0|295534837|576487033|271062378|169194354|102341017|2329944|0|0|2|2007998464|0|||0|0|47964073.882|36385725.662|365156.769|5961|0|0|0|2022-04-17 19:11:54.616203+02
281|1650218829.466423|2022-04-17 20:07:09.466423+02|16432|test|17|166179324|0|295549919|576617918|271083937|169211524|102349484|2338411|0|0|2|2007998464|0|||0|0|47980131.165|36399720.788|366473.187|5963|0|0|0|2022-04-17 19:11:54.616203+02
282|1650218830.486913|2022-04-17 20:07:10.486913+02|16432|test|17|166187795|0|295564894|576749673|271105598|169228694|102357951|2346878|0|0|2|2007998464|0|||0|0|47996191.122|36413705.868|367787.848|5965|0|0|0|2022-04-17 19:11:54.616203+02
283|1650218831.507048|2022-04-17 20:07:11.507048+02|16432|test|17|166196471|0|295580286|576884100|271127692|169246274|102366623|2355550|0|0|2|2007998464|0|||0|0|48012244.068|36427618.959|369159.168|5967|0|0|0|2022-04-17 19:11:54.616203+02
284|1650218832.528671|2022-04-17 20:07:12.528671+02|16432|test|17|166204483|0|295594404|577007712|271148061|169262526|102374631|2363558|0|0|2|2007998464|0|||0|0|48028340.713|36441832.422|370364.758|5969|0|0|0|2022-04-17 19:11:54.616203+02
285|1650218833.548779|2022-04-17 20:07:13.548779+02|16432|test|17|166212705|0|295608968|577135562|271169068|169279198|102382849|2371776|0|0|2|2007998464|0|||0|0|48044913.74|36456492.406|371565.61|5971|0|0|0|2022-04-17 19:11:54.616203+02
286|1650218834.569165|2022-04-17 20:07:14.569165+02|16432|test|17|166221397|0|295624369|577269407|271191117|169296810|102391537|2380464|0|0|2|2007998464|0|||0|0|48061468.152|36470945.926|372908.924|5973|0|0|0|2022-04-17 19:11:54.616203+02
287|1650218835.589032|2022-04-17 20:07:15.589032+02|16432|test|17|166229207|0|295638302|577390538|271211061|169312658|102399343|2388270|0|0|2|2007998464|0|||0|0|48077559.663|36485155.898|374098.405|5975|0|0|0|2022-04-17 19:11:54.616203+02
288|1650218836.609307|2022-04-17 20:07:16.609307+02|16432|test|17|166237433|0|295653011|577518788|271232123|169329338|102407565|2396492|0|0|2|2007998464|0|||0|0|48093627.014|36499258.314|375347.34|5977|0|0|0|2022-04-17 19:11:54.616203+02
289|1650218837.629267|2022-04-17 20:07:17.629267+02|16432|test|17|166245480|0|295667173|577643481|271252627|169345660|102415608|2404535|0|0|2|2007998464|0|||0|0|48110185.375|36513847.979|376583.638|5979|0|0|0|2022-04-17 19:11:54.616203+02
290|1650218838.650425|2022-04-17 20:07:18.650425+02|16432|test|17|166254553|0|295683537|577783754|271275650|169364034|102424677|2413604|0|0|2|2007998464|0|||0|0|48126237.082|36527749.941|377957.671|5981|0|0|0|2022-04-17 19:11:54.616203+02
291|1650218839.670615|2022-04-17 20:07:19.670615+02|16432|test|17|166259477|0|295692235|577859869|271288245|169374110|102429597|2418524|0|0|2|2007998464|0|||0|0|48142901.332|36543227.835|378690.661|5983|0|0|0|2022-04-17 19:11:54.616203+02
292|1650218840.692283|2022-04-17 20:07:20.692283+02|16432|test|17|166265379|0|295702575|577950831|271303303|169386142|102435495|2424422|0|0|2|2007998464|0|||0|0|48158967.864|36557806.597|379634.496|5985|0|0|0|2022-04-17 19:11:54.616203+02
293|1650218841.711930|2022-04-17 20:07:21.71193+02|16432|test|17|166273798|0|295717555|578080368|271324643|169403208|102443910|2432837|0|0|2|2007998464|0|||0|0|48175034.6|36571922.84|380867.999|5987|0|0|0|2022-04-17 19:11:54.616203+02
294|1650218842.731789|2022-04-17 20:07:22.731789+02|16432|test|17|166283143|0|295733977|578223709|271348250|169422126|102453251|2442178|0|0|2|2007998464|0|||0|0|48192615.791|36587243.255|382312.455|5989|0|0|0|2022-04-17 19:11:54.616203+02
295|1650218843.752788|2022-04-17 20:07:23.752788+02|16432|test|17|166291797|0|295749404|578357955|271370290|169439662|102461901|2450828|0|0|2|2007998464|0|||0|0|48208676.438|36601158.686|383673.465|5991|0|0|0|2022-04-17 19:11:54.616203+02
296|1650218844.773959|2022-04-17 20:07:24.773959+02|16432|test|17|166300551|0|295764905|578492570|271392478|169457398|102470651|2459578|0|0|2|2007998464|0|||0|0|48224728.841|36615078.542|385035.143|5993|0|0|0|2022-04-17 19:11:54.616203+02
297|1650218845.794549|2022-04-17 20:07:25.794549+02|16432|test|17|166309402|0|295780666|578629181|271414933|169475328|102479498|2468425|0|0|2|2007998464|0|||0|0|48240785.377|36628980.763|386412.708|5995|0|0|0|2022-04-17 19:11:54.616203+02
298|1650218846.814801|2022-04-17 20:07:26.814801+02|16432|test|17|166319660|0|295798881|578786819|271440863|169496072|102489752|2478679|0|0|2|2007998464|0|||0|0|48259343.329|36645013.967|388041.411|5997|0|0|0|2022-04-17 19:11:54.616203+02
299|1650218847.835551|2022-04-17 20:07:27.835551+02|16432|test|17|166329041|0|295815543|578930482|271464507|169515062|102499129|2488056|0|0|2|2007998464|0|||0|0|48275899.102|36659250.538|389522.961|5999|0|0|0|2022-04-17 19:11:54.616203+02
300|1650218848.856720|2022-04-17 20:07:28.85672+02|16432|test|17|166338093|0|295831600|579069298|271487372|169533394|102508177|2497104|0|0|2|2007998464|0|||0|0|48291948.967|36673047.189|390957.285|6001|0|0|0|2022-04-17 19:11:54.616203+02
301|1650218849.877338|2022-04-17 20:07:29.877338+02|16432|test|17|166346785|0|295846989|579202224|271509270|169551006|102516865|2505792|0|0|2|2007998464|0|||0|0|48308001.038|36686999.647|392316.638|6003|0|0|0|2022-04-17 19:11:54.616203+02
302|1650218850.897406|2022-04-17 20:07:30.897406+02|16432|test|17|166356125|0|295863673|579345285|271532836|169569914|102526201|2515128|0|0|2|2007998464|0|||0|0|48324051.108|36700847.536|393722.192|6005|0|0|0|2022-04-17 19:11:54.616203+02
303|1650218851.918020|2022-04-17 20:07:31.91802+02|16432|test|17|166365670|0|295880668|579491083|271556863|169589232|102535742|2524669|0|0|2|2007998464|0|||0|0|48340627.145|36715112.385|395223.31|6007|0|0|0|2022-04-17 19:11:54.616203+02
304|1650218852.937866|2022-04-17 20:07:32.937866+02|16432|test|17|166375048|0|295897278|579634780|271580534|169608216|102545116|2534043|0|0|2|2007998464|0|||0|0|48357675.341|36729814.913|396745.829|6009|0|0|0|2022-04-17 19:11:54.616203+02
305|1650218853.958426|2022-04-17 20:07:33.958426+02|16432|test|17|166383530|0|295912306|579763785|271601901|169625408|102553594|2542521|0|0|2|2007998464|0|||0|0|48373737.785|36743806.226|398054.621|6011|0|0|0|2022-04-17 19:11:54.616203+02
306|1650218854.979041|2022-04-17 20:07:34.979041+02|16432|test|17|166392571|0|295928374|579901138|271624603|169643718|102562631|2551558|0|0|2|2007998464|0|||0|0|48389789.81|36757706.218|399435.464|6013|0|0|0|2022-04-17 19:11:54.616203+02
307|1650218856.000106|2022-04-17 20:07:36.000106+02|16432|test|17|166401045|0|295943279|580030253|271645891|169660894|102571101|2560028|0|0|2|2007998464|0|||0|0|48405983.715|36771899.406|400720.069|6015|0|0|0|2022-04-17 19:11:54.616203+02
308|1650218857.021324|2022-04-17 20:07:37.021324+02|16432|test|17|166405256|0|295950680|580094575|271656595|169669544|102575308|2564235|0|0|2|2007998464|0|||0|0|48422253.956|36787122.601|401363.821|6017|0|0|0|2022-04-17 19:11:54.616203+02
309|1650218858.041829|2022-04-17 20:07:38.041829+02|16432|test|17|166414232|0|295966576|580231404|271679192|169687724|102584280|2573207|0|0|2|2007998464|0|||0|0|48438309.174|36801056.084|402726.162|6019|0|0|0|2022-04-17 19:11:54.616203+02
310|1650218859.063504|2022-04-17 20:07:39.063504+02|16432|test|17|166423115|0|295982384|580367154|271701590|169705718|102593159|2582086|0|0|2|2007998464|0|||0|0|48454360.617|36814978.727|404075.245|6021|0|0|0|2022-04-17 19:11:54.616203+02
311|1650218860.083559|2022-04-17 20:07:40.083559+02|16432|test|17|166432127|0|295998445|580505397|271724314|169723970|102602167|2591094|0|0|2|2007998464|0|||0|0|48470410.56|36828904.5|405438.834|6023|0|0|0|2022-04-17 19:11:54.616203+02
312|1650218861.104369|2022-04-17 20:07:41.104369+02|16432|test|17|166441060|0|296014206|580641771|271746795|169742064|102611096|2600023|0|0|2|2007998464|0|||0|0|48486464.733|36842845.13|406781.056|6025|0|0|0|2022-04-17 19:11:54.616203+02
313|1650218862.124638|2022-04-17 20:07:42.124638+02|16432|test|17|166449450|0|296028997|580769819|271767899|169759072|102619482|2608409|0|0|2|2007998464|0|||0|0|48503022.22|36857365.028|408081.642|6027|0|0|0|2022-04-17 19:11:54.616203+02
314|1650218863.144489|2022-04-17 20:07:43.144489+02|16432|test|17|166458795|0|296045628|580912250|271791443|169777990|102628823|2617750|0|0|2|2007998464|0|||0|0|48519583.795|36871602.283|409579.612|6029|0|0|0|2022-04-17 19:11:54.616203+02
315|1650218864.163950|2022-04-17 20:07:44.16395+02|16432|test|17|166467808|0|296061579|581049672|271814086|169796244|102637832|2626759|0|0|2|2007998464|0|||0|0|48535639.156|36885499.447|410968.78|6031|0|0|0|2022-04-17 19:11:54.616203+02
316|1650218865.184467|2022-04-17 20:07:45.184467+02|16432|test|17|166477073|0|296077979|581190595|271837339|169815002|102647093|2636020|0|0|2|2007998464|0|||0|0|48551702.801|36899306.878|412422.124|6033|0|0|0|2022-04-17 19:11:54.616203+02
317|1650218866.204460|2022-04-17 20:07:46.20446+02|16432|test|17|166486254|0|296094406|581330136|271860382|169833592|102656270|2645197|0|0|2|2007998464|0|||0|0|48567757.572|36913133.016|413841.546|6035|0|0|0|2022-04-17 19:11:54.616203+02
318|1650218867.224554|2022-04-17 20:07:47.224554+02|16432|test|17|166495597|0|296110854|581470986|271883761|169852506|102665609|2654536|0|0|2|2007998464|0|||0|0|48584813.331|36927943.988|415279.505|6037|0|0|0|2022-04-17 19:11:54.616203+02
319|1650218868.244332|2022-04-17 20:07:48.244332+02|16432|test|17|166504141|0|296126071|581600987|271905205|169869822|102674149|2663076|0|0|2|2007998464|0|||0|0|48600869.834|36941930.557|416604.894|6039|0|0|0|2022-04-17 19:11:54.616203+02
320|1650218869.263798|2022-04-17 20:07:49.263798+02|16432|test|17|166513326|0|296142390|581741186|271928305|169888420|102683330|2672257|0|0|2|2007998464|0|||0|0|48616929.547|36955772.983|418017.897|6041|0|0|0|2022-04-17 19:11:54.616203+02
321|1650218870.283949|2022-04-17 20:07:50.283949+02|16432|test|17|166521953|0|296157755|581872946|271950015|169905902|102691953|2680880|0|0|2|2007998464|0|||0|0|48633004.369|36969809.529|419306.507|6043|0|0|0|2022-04-17 19:11:54.616203+02
322|1650218871.304810|2022-04-17 20:07:51.30481+02|16432|test|17|166530207|0|296172311|581997750|271970640|169922638|102700203|2689130|0|0|2|2007998464|0|||0|0|48649111.635|36983889.321|420603.12|6045|0|0|0|2022-04-17 19:11:54.616203+02
323|1650218872.325787|2022-04-17 20:07:52.325787+02|16432|test|17|166538798|0|296187583|582127269|271992075|169940048|102708790|2697717|0|0|2|2007998464|0|||0|0|48665666.539|36998451.817|421868.736|6047|0|0|0|2022-04-17 19:11:54.616203+02
324|1650218873.346630|2022-04-17 20:07:53.34663+02|16432|test|17|166548106|0|296204004|582268660|272015384|169958892|102718094|2707021|0|0|2|2007998464|0|||0|0|48682713.492|37013301.745|423294.449|6049|0|0|0|2022-04-17 19:11:54.616203+02
325|1650218874.366711|2022-04-17 20:07:54.366711+02|16432|test|17|166552265|0|296211313|582331973|272025919|169967438|102722249|2711176|0|0|2|2007998464|0|||0|0|48699240.327|37028814.443|423927.85|6051|0|0|0|2022-04-17 19:11:54.616203+02
326|1650218875.387730|2022-04-17 20:07:55.38773+02|16432|test|17|166559477|0|296224115|582441178|272043978|169982090|102729457|2718384|0|0|2|2007998464|0|||0|0|48715293.664|37043189.808|424987.474|6053|0|0|0|2022-04-17 19:11:54.616203+02
327|1650218876.409275|2022-04-17 20:07:56.409275+02|16432|test|17|166568267|0|296239591|582573917|272065938|169999898|102738243|2727170|0|0|2|2007998464|0|||0|0|48731343.913|37057152.863|426325.994|6055|0|0|0|2022-04-17 19:11:54.616203+02
328|1650218877.430700|2022-04-17 20:07:57.4307+02|16432|test|17|166578178|0|296257207|582723521|272090662|170019948|102748150|2737077|0|0|2|2007998464|0|||0|0|48749396.939|37072921.521|427765.225|6057|0|0|0|2022-04-17 19:11:54.616203+02
329|1650218878.451605|2022-04-17 20:07:58.451605+02|16432|test|17|166587178|0|296273193|582859174|272113100|170038176|102757146|2746073|0|0|2|2007998464|0|||0|0|48765956.86|37087322.688|429148.656|6059|0|0|0|2022-04-17 19:11:54.616203+02
330|1650218879.472944|2022-04-17 20:07:59.472944+02|16432|test|17|166596191|0|296289125|582995404|272135660|170056430|102766155|2755082|0|0|2|2007998464|0|||0|0|48782024.676|37101251.8|430507.545|6061|0|0|0|2022-04-17 19:11:54.616203+02
331|1650218880.492482|2022-04-17 20:08:00.492482+02|16432|test|17|166605735|0|296306064|583139326|272159429|170075746|102775695|2764622|0|0|2|2007998464|0|||0|0|48799080.173|37116040.059|431961.407|6063|0|0|0|2022-04-17 19:11:54.616203+02
332|1650218881.512680|2022-04-17 20:08:01.51268+02|16432|test|17|166614672|0|296321756|583273232|272181638|170093848|102784628|2773555|0|0|2|2007998464|0|||0|0|48815133.994|37129943.394|433341.818|6065|0|0|0|2022-04-17 19:11:54.616203+02
333|1650218882.533922|2022-04-17 20:08:02.533922+02|16432|test|17|166623597|0|296337458|583408035|272203936|170111926|102793549|2782476|0|0|2|2007998464|0|||0|0|48831186.845|37143847.266|434710.621|6067|0|0|0|2022-04-17 19:11:54.616203+02
334|1650218883.554449|2022-04-17 20:08:03.554449+02|16432|test|17|166633156|0|296354496|583552734|272227819|170131272|102803104|2792031|0|0|2|2007998464|0|||0|0|48848261.754|37158668.179|436148.73|6069|0|0|0|2022-04-17 19:11:54.616203+02
335|1650218884.576246|2022-04-17 20:08:04.576246+02|16432|test|18|166641452|0|296369138|583677877|272248575|170148080|102811397|2800324|0|0|2|2007998464|0|||0|0|48863314.677|37171848.708|437346.232|6070|0|0|0|2022-04-17 19:11:54.616203+02
336|1650218885.586045|2022-04-17 20:08:05.586045+02|16432|test|17|166649687|0|296414745|583814516|272270684|170165145|102819622|2808555|0|0|2|2007998464|0|||0|0|48880369.27|37186818.062|438632.889|6073|0|0|0|2022-04-17 19:11:54.616203+02
337|1650218886.606545|2022-04-17 20:08:06.606545+02|16432|test|17|166658328|0|296429960|583944592|272292324|170182799|102828259|2817192|0|0|2|2007998464|0|||0|0|48896481.931|37200766.68|440011.285|6075|0|0|0|2022-04-17 19:11:54.616203+02
338|1650218887.626078|2022-04-17 20:08:07.626078+02|16432|test|17|166667139|0|296445624|584076830|272314248|170200649|102837066|2825999|0|0|2|2007998464|0|||0|0|48912529.627|37214708.064|441357.119|6077|0|0|0|2022-04-17 19:11:54.616203+02
339|1650218888.646335|2022-04-17 20:08:08.646335+02|16432|test|17|166675158|0|296459929|584197267|272334250|170216915|102845081|2834014|0|0|2|2007998464|0|||0|0|48928597.703|37228861.232|442581.483|6079|0|0|0|2022-04-17 19:11:54.616203+02
340|1650218889.667384|2022-04-17 20:08:09.667384+02|16432|test|17|166684286|0|296476044|584333250|272356826|170235399|102854205|2843138|0|0|2|2007998464|0|||0|0|48944653.353|37242703.817|443999.88|6081|0|0|0|2022-04-17 19:11:54.616203+02
341|1650218890.689312|2022-04-17 20:08:10.689312+02|16432|test|17|166692195|0|296490081|584451312|272376439|170251445|102862110|2851043|0|0|2|2007998464|0|||0|0|48960706.707|37256888.879|445197.742|6083|0|0|0|2022-04-17 19:11:54.616203+02
342|1650218891.709919|2022-04-17 20:08:11.709919+02|16432|test|17|166701004|0|296505732|584583324|272398309|170269291|102870915|2859848|0|0|2|2007998464|0|||0|0|48976812.28|37270929.426|446510.192|6085|0|0|0|2022-04-17 19:11:54.616203+02
343|1650218892.741922|2022-04-17 20:08:12.741922+02|16432|test|17|166704082|0|296511157|584629190|272406048|170275675|102873989|2862922|0|0|2|2007998464|0|||0|0|48993075.93|37286477.344|446947.262|6087|0|0|0|2022-04-17 19:11:54.616203+02
344|1650218893.762594|2022-04-17 20:08:13.762594+02|16432|test|17|166712363|0|296526067|584753286|272426572|170292465|102882266|2871199|0|0|2|2007998464|0|||0|0|49009126.061|37300603.192|448179.345|6089|0|0|0|2022-04-17 19:11:54.616203+02
345|1650218894.783420|2022-04-17 20:08:14.78342+02|16432|test|17|166720396|0|296540119|584872476|272446437|170308759|102890295|2879228|0|0|2|2007998464|0|||0|0|49025199.713|37314720.936|449425.635|6091|0|0|0|2022-04-17 19:11:54.616203+02
346|1650218895.803792|2022-04-17 20:08:15.803792+02|16432|test|17|166729227|0|296555813|585004216|272468309|170326649|102899122|2888055|0|0|2|2007998464|0|||0|0|49041252.709|37328681.437|450768.207|6093|0|0|0|2022-04-17 19:11:54.616203+02
347|1650218896.825197|2022-04-17 20:08:16.825197+02|16432|test|17|166738828|0|296572902|585147992|272492123|170346079|102908719|2897652|0|0|2|2007998464|0|||0|0|49058310.276|37343431.253|452249.397|6095|0|0|0|2022-04-17 19:11:54.616203+02
348|1650218897.845614|2022-04-17 20:08:17.845614+02|16432|test|17|166747687|0|296588722|585281207|272514137|170364025|102917574|2906507|0|0|2|2007998464|0|||0|0|49074377.084|37357384.899|453605.536|6097|0|0|0|2022-04-17 19:11:54.616203+02
349|1650218898.865718|2022-04-17 20:08:18.865718+02|16432|test|17|166756826|0|296604867|585417369|272536740|170382531|102926709|2915642|0|0|2|2007998464|0|||0|0|49090956.308|37371718.691|455053.052|6099|0|0|0|2022-04-17 19:11:54.616203+02
350|1650218899.886490|2022-04-17 20:08:19.88649+02|16432|test|17|166765997|0|296621105|585553437|272559392|170401101|102935876|2924809|0|0|2|2007998464|0|||0|0|49107025.429|37385556.804|456483.213|6101|0|0|0|2022-04-17 19:11:54.616203+02
351|1650218900.909752|2022-04-17 20:08:20.909752+02|16432|test|17|166775099|0|296637246|585688952|272581883|170419533|102944974|2933907|0|0|2|2007998464|0|||0|0|49123085.603|37399453.174|457891.094|6103|0|0|0|2022-04-17 19:11:54.616203+02
352|1650218901.929979|2022-04-17 20:08:21.929979+02|16432|test|17|166785212|0|296655130|585839548|272606846|170439987|102955083|2944016|0|0|2|2007998464|0|||0|0|49140132.445|37414043.43|459491.759|6105|0|0|0|2022-04-17 19:11:54.616203+02
353|1650218902.950465|2022-04-17 20:08:22.950465+02|16432|test|17|166795226|0|296672939|585988354|272631519|170460243|102965093|2954026|0|0|2|2007998464|0|||0|0|49156178.747|37427719.637|461033.63|6107|0|0|0|2022-04-17 19:11:54.616203+02
354|1650218903.972465|2022-04-17 20:08:23.972465+02|16432|test|17|166805516|0|296691153|586140737|272656879|170481051|102975379|2964312|0|0|2|2007998464|0|||0|0|49173226.989|37442247.685|462676.757|6109|0|0|0|2022-04-17 19:11:54.616203+02
355|1650218904.993871|2022-04-17 20:08:24.993871+02|16432|test|17|166814500|0|296707102|586274676|272679124|170499247|102984359|2973292|0|0|2|2007998464|0|||0|0|49189296.043|37456089.479|464101.72|6111|0|0|0|2022-04-17 19:11:54.616203+02
356|1650218906.014399|2022-04-17 20:08:26.014399+02|16432|test|17|166823882|0|296723828|586413549|272702218|170518239|102993737|2982670|0|0|2|2007998464|0|||0|0|49205358.391|37469901.54|465540.69|6113|0|0|0|2022-04-17 19:11:54.616203+02
357|1650218907.036055|2022-04-17 20:08:27.036055+02|16432|test|17|166833289|0|296740459|586552959|272725376|170537281|103003140|2992073|0|0|2|2007998464|0|||0|0|49222938.53|37485210.21|466994.819|6115|0|0|0|2022-04-17 19:11:54.616203+02
358|1650218908.056401|2022-04-17 20:08:28.056401+02|16432|test|17|166842497|0|296756754|586689736|272748126|170555925|103012344|3001277|0|0|2|2007998464|0|||0|0|49238985.809|37499103.263|468373.225|6117|0|0|0|2022-04-17 19:11:54.616203+02
359|1650218909.077597|2022-04-17 20:08:29.077597+02|16432|test|17|166850144|0|296770303|586802205|272766918|170571447|103019987|3008920|0|0|2|2007998464|0|||0|0|49257124.247|37515379.659|469555.018|6119|0|0|0|2022-04-17 19:11:54.616203+02
360|1650218910.097731|2022-04-17 20:08:30.097731+02|16432|test|17|166856731|0|296781976|586900550|272783265|170584849|103026570|3015503|0|0|2|2007998464|0|||0|0|49273208.834|37529872.146|470569.074|6121|0|0|0|2022-04-17 19:11:54.616203+02
361|1650218911.119337|2022-04-17 20:08:31.119337+02|16432|test|17|166865866|0|296798214|587035115|272805688|170603347|103035701|3024634|0|0|2|2007998464|0|||0|0|49289255.752|37543674.246|472013.762|6123|0|0|0|2022-04-17 19:11:54.616203+02
362|1650218912.140489|2022-04-17 20:08:32.140489+02|16432|test|17|166875324|0|296814937|587175266|272828996|170622491|103045155|3034088|0|0|2|2007998464|0|||0|0|49305323.962|37557488.566|473467.206|6125|0|0|0|2022-04-17 19:11:54.616203+02
363|1650218913.161057|2022-04-17 20:08:33.161057+02|16432|test|17|166884624|0|296831506|587313390|272851942|170641319|103054451|3043384|0|0|2|2007998464|0|||0|0|49321873.466|37571743.253|474937.263|6127|0|0|0|2022-04-17 19:11:54.616203+02
364|1650218914.181276|2022-04-17 20:08:34.181276+02|16432|test|17|166893730|0|296847654|587448029|272874310|170659759|103063553|3052486|0|0|2|2007998464|0|||0|0|49337926.06|37585570.251|476372.298|6129|0|0|0|2022-04-17 19:11:54.616203+02
365|1650218915.202408|2022-04-17 20:08:35.202408+02|16432|test|17|166902929|0|296863976|587583494|272896863|170678385|103072748|3061681|0|0|2|2007998464|0|||0|0|49353984.748|37599401.869|477797.769|6131|0|0|0|2022-04-17 19:11:54.616203+02
366|1650218916.222552|2022-04-17 20:08:36.222552+02|16432|test|17|166912887|0|296881635|587729808|272921250|170698529|103082702|3071635|0|0|2|2007998464|0|||0|0|49370536.26|37613545.072|479339.89|6133|0|0|0|2022-04-17 19:11:54.616203+02
367|1650218917.242921|2022-04-17 20:08:37.242921+02|16432|test|17|166922467|0|296898644|587871254|272944797|170717917|103092278|3081211|0|0|2|2007998464|0|||0|0|49386591.722|37627303.39|480826.19|6135|0|0|0|2022-04-17 19:11:54.616203+02
368|1650218918.263585|2022-04-17 20:08:38.263585+02|16432|test|17|166931465|0|296914636|588004957|272967008|170736141|103101272|3090205|0|0|2|2007998464|0|||0|0|49402646.838|37641133.632|482262.311|6137|0|0|0|2022-04-17 19:11:54.616203+02
369|1650218919.283460|2022-04-17 20:08:39.28346+02|16432|test|17|166940761|0|296931144|588142259|272989866|170754961|103110564|3099497|0|0|2|2007998464|0|||0|0|49418697.684|37654966.945|483697.521|6139|0|0|0|2022-04-17 19:11:54.616203+02
370|1650218920.303674|2022-04-17 20:08:40.303674+02|16432|test|17|166949485|0|296946704|588271039|273011315|170772637|103119284|3108217|0|0|2|2007998464|0|||0|0|49434748.427|37668870.115|485079.343|6141|0|0|0|2022-04-17 19:11:54.616203+02
371|1650218921.324144|2022-04-17 20:08:41.324144+02|16432|test|17|166959009|0|296963605|588410726|273034579|170791913|103128804|3117737|0|0|2|2007998464|0|||0|0|49450804.133|37682581.206|486586.946|6143|0|0|0|2022-04-17 19:11:54.616203+02
372|1650218922.345224|2022-04-17 20:08:42.345224+02|16432|test|17|166968482|0|296980221|588550153|273057782|170811087|103138273|3127206|0|0|2|2007998464|0|||0|0|49466857.719|37696282.058|488109.8|6145|0|0|0|2022-04-17 19:11:54.616203+02
373|1650218923.364714|2022-04-17 20:08:43.364714+02|16432|test|17|166976794|0|296995030|588672299|273078142|170827939|103146581|3135514|0|0|2|2007998464|0|||0|0|49482914.533|37710335.979|489378.977|6147|0|0|0|2022-04-17 19:11:54.616203+02
374|1650218924.384325|2022-04-17 20:08:44.384325+02|16432|test|17|166986371|0|297011925|588812730|273101530|170847321|103156154|3145087|0|0|2|2007998464|0|||0|0|49498976.428|37724111.988|490842.078|6149|0|0|0|2022-04-17 19:11:54.616203+02
375|1650218925.411835|2022-04-17 20:08:45.411835+02|16432|test|17|166994975|0|297027314|588939409|273122633|170864757|103164754|3153687|0|0|2|2007998464|0|||0|0|49516116.195|37739176.888|492178.301|6151|0|0|0|2022-04-17 19:11:54.616203+02
376|1650218926.431923|2022-04-17 20:08:46.431923+02|16432|test|17|167004166|0|297043616|589074998|273145167|170883367|103173941|3162874|0|0|2|2007998464|0|||0|0|49532174.327|37752940.577|493651.834|6153|0|0|0|2022-04-17 19:11:54.616203+02
377|1650218927.451940|2022-04-17 20:08:47.45194+02|16432|test|17|167012957|0|297059157|589204048|273166648|170901177|103182728|3171661|0|0|2|2007998464|0|||0|0|49548241.884|37766810.049|495082.796|6155|0|0|0|2022-04-17 19:11:54.616203+02
378|1650218928.471652|2022-04-17 20:08:48.471652+02|16432|test|17|167016918|0|297066223|589262370|273176453|170909327|103186685|3175618|0|0|2|2007998464|0|||0|0|49564557.263|37782186.652|495659.229|6157|0|0|0|2022-04-17 19:11:54.616203+02
379|1650218929.495892|2022-04-17 20:08:49.495892+02|16432|test|17|167026293|0|297082955|589399103|273199254|170928305|103196056|3184989|0|0|2|2007998464|0|||0|0|49582119.291|37797562.483|497067.702|6159|0|0|0|2022-04-17 19:11:54.616203+02
380|1650218930.516364|2022-04-17 20:08:50.516364+02|16432|test|17|167035182|0|297098636|589529553|273221018|170946311|103204941|3193874|0|0|2|2007998464|0|||0|0|49598171.38|37811463.342|498436.093|6161|0|0|0|2022-04-17 19:11:54.616203+02
381|1650218931.536486|2022-04-17 20:08:51.536486+02|16432|test|17|167043802|0|297113931|589655644|273242045|170963779|103213557|3202490|0|0|2|2007998464|0|||0|0|49614226.372|37825504.747|499705.483|6163|0|0|0|2022-04-17 19:11:54.616203+02
382|1650218932.556760|2022-04-17 20:08:52.55676+02|16432|test|17|167052841|0|297129925|589788417|273264189|170982085|103222592|3211525|0|0|2|2007998464|0|||0|0|49630778.176|37839901.679|501084.615|6165|0|0|0|2022-04-17 19:11:54.616203+02
383|1650218933.577181|2022-04-17 20:08:53.577181+02|16432|test|17|167062271|0|297146624|589925529|273287124|171001173|103232018|3220951|0|0|2|2007998464|0|||0|0|49647331.69|37854165.709|502538.043|6167|0|0|0|2022-04-17 19:11:54.616203+02
384|1650218934.596811|2022-04-17 20:08:54.596811+02|16432|test|17|167070922|0|297162137|590052056|273308286|171018703|103240665|3229598|0|0|2|2007998464|0|||0|0|49663381.104|37868136.958|503866.424|6169|0|0|0|2022-04-17 19:11:54.616203+02
385|1650218935.616765|2022-04-17 20:08:55.616765+02|16432|test|17|167079653|0|297177602|590179662|273329620|171036393|103249392|3238325|0|0|2|2007998464|0|||0|0|49679425.453|37882105.346|505199.445|6171|0|0|0|2022-04-17 19:11:54.616203+02
386|1650218936.637518|2022-04-17 20:08:56.637518+02|16432|test|17|167089851|0|297195775|590327746|273354421|171057017|103259586|3248519|0|0|2|2007998464|0|||0|0|49696978.321|37897229.503|506770.155|6173|0|0|0|2022-04-17 19:11:54.616203+02
387|1650218937.658877|2022-04-17 20:08:57.658877+02|16432|test|17|167099698|0|297213163|590471063|273378354|171076939|103269429|3258362|0|0|2|2007998464|0|||0|0|49714024.586|37911928.164|508261.48|6175|0|0|0|2022-04-17 19:11:54.616203+02
388|1650218938.678918|2022-04-17 20:08:58.678918+02|16432|test|17|167108596|0|297228925|590600769|273400017|171094963|103278323|3267256|0|0|2|2007998464|0|||0|0|49730090.855|37925774.234|509678.047|6177|0|0|0|2022-04-17 19:11:54.616203+02
389|1650218939.698925|2022-04-17 20:08:59.698925+02|16432|test|17|167117797|0|297245235|590734405|273422323|171113593|103287520|3276453|0|0|2|2007998464|0|||0|0|49746154.836|37939644.23|511092.925|6179|0|0|0|2022-04-17 19:11:54.616203+02
390|1650218940.719654|2022-04-17 20:09:00.719654+02|16432|test|17|167127103|0|297261701|590869488|273444911|171132433|103296822|3285755|0|0|2|2007998464|0|||0|0|49763214.037|37954433.7|512553.772|6181|0|0|0|2022-04-17 19:11:54.616203+02
391|1650218941.742550|2022-04-17 20:09:01.74255+02|16432|test|17|167136868|0|297279011|591011494|273468645|171152191|103306583|3295516|0|0|2|2007998464|0|||0|0|49779765.74|37968588.999|514096.422|6183|0|0|0|2022-04-17 19:11:54.616203+02
392|1650218942.763981|2022-04-17 20:09:02.763981+02|16432|test|17|167145124|0|297293678|591131936|273488768|171168931|103314835|3303768|0|0|2|2007998464|0|||0|0|49795841.341|37982715.235|515341.047|6185|0|0|0|2022-04-17 19:11:54.616203+02
393|1650218943.784322|2022-04-17 20:09:03.784322+02|16432|test|17|167154114|0|297309627|591261891|273510548|171187139|103323821|3312754|0|0|2|2007998464|0|||0|0|49811917.762|37996646.114|516724.182|6187|0|0|0|2022-04-17 19:11:54.616203+02
394|1650218944.805781|2022-04-17 20:09:04.805781+02|16432|test|18|167155594|0|297312247|591283860|273514322|171190315|103325298|3314231|0|0|2|2007998464|0|||0|0|49821893.983|38006226.058|516966.212|6188|0|0|0|2022-04-17 19:11:54.616203+02
395|1650218945.815626|2022-04-17 20:09:05.815626+02|16432|test|17|167165530|0|297357804|591430927|273540057|171210749|103335225|3324164|0|0|2|2007998464|0|||0|0|49844460.079|38026250.926|518578.279|6191|0|0|0|2022-04-17 19:11:54.616203+02
396|1650218946.835504|2022-04-17 20:09:06.835504+02|16432|test|17|167174128|0|297373091|591555791|273560996|171228200|103343819|3332758|0|0|2|2007998464|0|||0|0|49860517.97|38040316.063|519856.998|6193|0|0|0|2022-04-17 19:11:54.616203+02
397|1650218947.855888|2022-04-17 20:09:07.855888+02|16432|test|17|167183340|0|297389288|591689975|273583413|171246852|103353027|3341966|0|0|2|2007998464|0|||0|0|49877080.262|38054715.141|521226.286|6195|0|0|0|2022-04-17 19:11:54.616203+02
398|1650218948.876759|2022-04-17 20:09:08.876759+02|16432|test|17|167192378|0|297405377|591820839|273605330|171265156|103362061|3351000|0|0|2|2007998464|0|||0|0|49893137.162|38068663.794|522584.041|6197|0|0|0|2022-04-17 19:11:54.616203+02
399|1650218949.897046|2022-04-17 20:09:09.897046+02|16432|test|17|167201392|0|297421339|591951010|273627092|171283412|103371071|3360010|0|0|2|2007998464|0|||0|0|49909188.257|38082607.682|523940.163|6199|0|0|0|2022-04-17 19:11:54.616203+02
400|1650218950.918005|2022-04-17 20:09:10.918005+02|16432|test|17|167210256|0|297437011|592079307|273648568|171301368|103379931|3368870|0|0|2|2007998464|0|||0|0|49925235.848|38096497.519|525326.509|6201|0|0|0|2022-04-17 19:11:54.616203+02
401|1650218951.938420|2022-04-17 20:09:11.93842+02|16432|test|17|167219669|0|297453707|592215108|273671314|171320422|103389340|3378279|0|0|2|2007998464|0|||0|0|49941283.113|38110289.227|526774.971|6203|0|0|0|2022-04-17 19:11:54.616203+02
402|1650218952.959010|2022-04-17 20:09:12.95901+02|16432|test|17|167229244|0|297470814|592353511|273694439|171339800|103398911|3387850|0|0|2|2007998464|0|||0|0|49957334.742|38124038.015|528260.5|6205|0|0|0|2022-04-17 19:11:54.616203+02
403|1650218953.979986|2022-04-17 20:09:13.979986+02|16432|test|17|167238506|0|297487190|592487297|273716877|171358552|103408169|3397108|0|0|2|2007998464|0|||0|0|49973888.744|38138374.407|529692.727|6207|0|0|0|2022-04-17 19:11:54.616203+02
404|1650218955.000864|2022-04-17 20:09:15.000864+02|16432|test|17|167248596|0|297505152|592632731|273741223|171378960|103418255|3407194|0|0|2|2007998464|0|||0|0|49990446.74|38152536.076|531235.971|6209|0|0|0|2022-04-17 19:11:54.616203+02
405|1650218956.022317|2022-04-17 20:09:16.022317+02|16432|test|17|167257296|0|297520591|592758481|273762312|171396588|103426951|3415890|0|0|2|2007998464|0|||0|0|50006500.056|38166528.689|532564.404|6211|0|0|0|2022-04-17 19:11:54.616203+02
406|1650218957.041863|2022-04-17 20:09:17.041863+02|16432|test|17|167266542|0|297537132|592891640|273784669|171415308|103436193|3425132|0|0|2|2007998464|0|||0|0|50022563.797|38180460.11|533944.718|6213|0|0|0|2022-04-17 19:11:54.616203+02
407|1650218958.062829|2022-04-17 20:09:18.062829+02|16432|test|17|167275768|0|297553501|593024817|273806945|171433988|103445415|3434354|0|0|2|2007998464|0|||0|0|50038619.863|38194201.833|535430.423|6215|0|0|0|2022-04-17 19:11:54.616203+02
408|1650218959.084316|2022-04-17 20:09:19.084316+02|16432|test|17|167284305|0|297568693|593148043|273827559|171451290|103453948|3442887|0|0|2|2007998464|0|||0|0|50054797.795|38208361.566|536715.422|6217|0|0|0|2022-04-17 19:11:54.616203+02
409|1650218960.104334|2022-04-17 20:09:20.104334+02|16432|test|17|167293849|0|297585476|593284784|273850512|171470606|103463488|3452427|0|0|2|2007998464|0|||0|0|50071347.528|38222652.681|538172.41|6219|0|0|0|2022-04-17 19:11:54.616203+02
410|1650218961.124532|2022-04-17 20:09:21.124532+02|16432|test|17|167303363|0|297602468|593422434|273873556|171489862|103472998|3461937|0|0|2|2007998464|0|||0|0|50087418.72|38236427.4|539661.888|6221|0|0|0|2022-04-17 19:11:54.616203+02
411|1650218962.146061|2022-04-17 20:09:22.146061+02|16432|test|17|167308495|0|297611631|593496401|273886011|171500354|103478126|3467065|0|0|2|2007998464|0|||0|0|50104107.452|38251875.102|540422.427|6223|0|0|0|2022-04-17 19:11:54.616203+02
412|1650218963.168076|2022-04-17 20:09:23.168076+02|16432|test|17|167317318|0|297627380|593623613|273907353|171518228|103486945|3475884|0|0|2|2007998464|0|||0|0|50121667.272|38267382.942|541721.117|6225|0|0|0|2022-04-17 19:11:54.616203+02
413|1650218964.189192|2022-04-17 20:09:24.189192+02|16432|test|17|167326564|0|297643789|593756154|273929651|171536948|103496187|3485126|0|0|2|2007998464|0|||0|0|50137733.104|38281218.109|543144.596|6227|0|0|0|2022-04-17 19:11:54.616203+02
414|1650218965.210210|2022-04-17 20:09:25.21021+02|16432|test|17|167335685|0|297660093|593887363|273951719|171555418|103505304|3494243|0|0|2|2007998464|0|||0|0|50153787.15|38295060.171|544568.531|6229|0|0|0|2022-04-17 19:11:54.616203+02
415|1650218966.230065|2022-04-17 20:09:26.230065+02|16432|test|17|167345067|0|297676665|594022235|273974348|171574410|103514682|3503621|0|0|2|2007998464|0|||0|0|50169855.757|38308916.543|545986.21|6231|0|0|0|2022-04-17 19:11:54.616203+02
416|1650218967.250347|2022-04-17 20:09:27.250347+02|16432|test|17|167354696|0|297693846|594159623|273997421|171593896|103524307|3513246|0|0|2|2007998464|0|||0|0|50186912.652|38323606.726|547509.292|6233|0|0|0|2022-04-17 19:11:54.616203+02
417|1650218968.271204|2022-04-17 20:09:28.271204+02|16432|test|17|167364887|0|297711868|594305838|274021989|171614506|103534494|3523433|0|0|2|2007998464|0|||0|0|50203962.502|38338229.298|549077.238|6235|0|0|0|2022-04-17 19:11:54.616203+02
418|1650218969.292045|2022-04-17 20:09:29.292045+02|16432|test|17|167374511|0|297729041|594443478|274045072|171633982|103544114|3533053|0|0|2|2007998464|0|||0|0|50220011.774|38351876.234|550632.855|6237|0|0|0|2022-04-17 19:11:54.616203+02
419|1650218970.312140|2022-04-17 20:09:30.31214+02|16432|test|17|167384070|0|297745924|594580414|274068078|171653328|103553669|3542608|0|0|2|2007998464|0|||0|0|50236568.448|38366034.789|552191.666|6239|0|0|0|2022-04-17 19:11:54.616203+02
420|1650218971.332177|2022-04-17 20:09:31.332177+02|16432|test|17|167393808|0|297763320|594719314|274091433|171673032|103563403|3552342|0|0|2|2007998464|0|||0|0|50252612.7|38379695.848|553729.362|6241|0|0|0|2022-04-17 19:11:54.616203+02
421|1650218972.352028|2022-04-17 20:09:32.352028+02|16432|test|17|167403225|0|297780023|594853691|274114055|171692094|103572816|3561755|0|0|2|2007998464|0|||0|0|50268662.118|38393444.974|555215.744|6243|0|0|0|2022-04-17 19:11:54.616203+02
422|1650218973.371802|2022-04-17 20:09:33.371802+02|16432|test|17|167413513|0|297798444|595000569|274138764|171712898|103583100|3572039|0|0|2|2007998464|0|||0|0|50286221.396|38408521.663|556825.2|6245|0|0|0|2022-04-17 19:11:54.616203+02
423|1650218974.392244|2022-04-17 20:09:34.392244+02|16432|test|17|167422862|0|297815001|595134228|274161235|171731824|103592445|3581384|0|0|2|2007998464|0|||0|0|50302290.01|38422280|558325.107|6247|0|0|0|2022-04-17 19:11:54.616203+02
424|1650218975.412092|2022-04-17 20:09:35.412092+02|16432|test|17|167430897|0|297829357|595249074|274180555|171748122|103600476|3589415|0|0|2|2007998464|0|||0|0|50318354.046|38436404.121|559577.645|6249|0|0|0|2022-04-17 19:11:54.616203+02
425|1650218976.432288|2022-04-17 20:09:36.432288+02|16432|test|17|167440638|0|297846665|595388470|274203989|171767832|103610213|3599152|0|0|2|2007998464|0|||0|0|50334900.104|38450548.705|561131.817|6251|0|0|0|2022-04-17 19:11:54.616203+02
426|1650218977.452459|2022-04-17 20:09:37.452459+02|16432|test|17|167449523|0|297862582|595514581|274225201|171785830|103619094|3608033|0|0|2|2007998464|0|||0|0|50350992.478|38464548.211|562467.515|6253|0|0|0|2022-04-17 19:11:54.616203+02
427|1650218978.471638|2022-04-17 20:09:38.471638+02|16432|test|17|167458272|0|297877961|595638943|274246175|171803556|103627839|3616778|0|0|2|2007998464|0|||0|0|50367043.755|38478499.153|563809.732|6255|0|0|0|2022-04-17 19:11:54.616203+02
428|1650218979.491596|2022-04-17 20:09:39.491596+02|16432|test|17|167462827|0|297886064|595704090|274257217|171812894|103632390|3621329|0|0|2|2007998464|0|||0|0|50383383.955|38493727.38|564497.845|6257|0|0|0|2022-04-17 19:11:54.616203+02
429|1650218980.512244|2022-04-17 20:09:40.512244+02|16432|test|17|167470438|0|297899628|595812216|274275457|171828344|103639997|3628936|0|0|2|2007998464|0|||0|0|50399457.994|38507947.497|565673.231|6259|0|0|0|2022-04-17 19:11:54.616203+02
430|1650218981.532102|2022-04-17 20:09:41.532102+02|16432|test|17|167478791|0|297914440|595931495|274295574|171845278|103648346|3637285|0|0|2|2007998464|0|||0|0|50415526.271|38521915.529|567019.384|6261|0|0|0|2022-04-17 19:11:54.616203+02
431|1650218982.551975|2022-04-17 20:09:42.551975+02|16432|test|17|167487574|0|297930087|596056145|274316552|171863072|103657125|3646064|0|0|2|2007998464|0|||0|0|50431573.727|38535893.652|568351.398|6263|0|0|0|2022-04-17 19:11:54.616203+02
432|1650218983.571520|2022-04-17 20:09:43.57152+02|16432|test|17|167496643|0|297946291|596185982|274338318|171881438|103666190|3655129|0|0|2|2007998464|0|||0|0|50447622.71|38549767.112|569740.008|6265|0|0|0|2022-04-17 19:11:54.616203+02
433|1650218984.591711|2022-04-17 20:09:44.591711+02|16432|test|17|167506406|0|297963559|596324795|274361684|171901192|103675949|3664888|0|0|2|2007998464|0|||0|0|50464671.175|38564586.968|571169.812|6267|0|0|0|2022-04-17 19:11:54.616203+02
434|1650218985.612506|2022-04-17 20:09:45.612506+02|16432|test|17|167515428|0|297979626|596452712|274383264|171919464|103684967|3673906|0|0|2|2007998464|0|||0|0|50480714.676|38578496.155|572545.893|6269|0|0|0|2022-04-17 19:11:54.616203+02
435|1650218986.632712|2022-04-17 20:09:46.632712+02|16432|test|17|167524232|0|297995094|596577186|274404279|171937300|103693767|3682706|0|0|2|2007998464|0|||0|0|50496776.857|38592462.416|573892.75|6271|0|0|0|2022-04-17 19:11:54.616203+02
436|1650218987.653542|2022-04-17 20:09:47.653542+02|16432|test|17|167533356|0|298011334|596706380|274426059|171955776|103702887|3691826|0|0|2|2007998464|0|||0|0|50512844.411|38606343.097|575297.99|6273|0|0|0|2022-04-17 19:11:54.616203+02
437|1650218988.675041|2022-04-17 20:09:48.675041+02|16432|test|17|167542503|0|298027555|596836609|274447954|171974298|103712030|3700969|0|0|2|2007998464|0|||0|0|50528898.513|38620219.311|576712.536|6275|0|0|0|2022-04-17 19:11:54.616203+02
438|1650218989.696375|2022-04-17 20:09:49.696375+02|16432|test|17|167552836|0|298046016|596982564|274472544|171995192|103722359|3711298|0|0|2|2007998464|0|||0|0|50545445.085|38634269.376|578342.333|6277|0|0|0|2022-04-17 19:11:54.616203+02
439|1650218990.716632|2022-04-17 20:09:50.716632+02|16432|test|17|167562771|0|298063670|597124159|274496301|172015290|103732290|3721229|0|0|2|2007998464|0|||0|0|50561505.849|38647930.683|579894.445|6279|0|0|0|2022-04-17 19:11:54.616203+02
440|1650218991.736776|2022-04-17 20:09:51.736776+02|16432|test|17|167572681|0|298081256|597264770|274519931|172035338|103742196|3731135|0|0|2|2007998464|0|||0|0|50577549.991|38661518.177|581488.266|6281|0|0|0|2022-04-17 19:11:54.616203+02
441|1650218992.757822|2022-04-17 20:09:52.757822+02|16432|test|17|167582357|0|298098320|597402146|274543046|172054918|103751868|3740807|0|0|2|2007998464|0|||0|0|50594116.237|38675682.522|583056.344|6283|0|0|0|2022-04-17 19:11:54.616203+02
442|1650218993.778403|2022-04-17 20:09:53.778403+02|16432|test|17|167592185|0|298115786|597541453|274566469|172074802|103761692|3750631|0|0|2|2007998464|0|||0|0|50611673.614|38690816.844|584626.409|6285|0|0|0|2022-04-17 19:11:54.616203+02
443|1650218994.799010|2022-04-17 20:09:54.79901+02|16432|test|17|167601600|0|298132540|597674985|274588933|172093860|103771103|3760042|0|0|2|2007998464|0|||0|0|50627732.435|38704564.582|586111.015|6287|0|0|0|2022-04-17 19:11:54.616203+02
444|1650218995.819344|2022-04-17 20:09:55.819344+02|16432|test|17|167607055|0|298142199|597752397|274602017|172104998|103776554|3765493|0|0|2|2007998464|0|||0|0|50643924.336|38719472.445|586910.64|6289|0|0|0|2022-04-17 19:11:54.616203+02
445|1650218996.840888|2022-04-17 20:09:56.840888+02|16432|test|17|167614429|0|298155345|597856623|274619637|172119974|103783924|3772863|0|0|2|2007998464|0|||0|0|50660483.097|38734256.537|588031.776|6291|0|0|0|2022-04-17 19:11:54.616203+02
446|1650218997.862387|2022-04-17 20:09:57.862387+02|16432|test|17|167623775|0|298171811|597988201|274641832|172138894|103793266|3782205|0|0|2|2007998464|0|||0|0|50677036.487|38748588.577|589468.18|6293|0|0|0|2022-04-17 19:11:54.616203+02
447|1650218998.882712|2022-04-17 20:09:58.882712+02|16432|test|17|167632596|0|298187514|598113193|274662920|172156764|103802083|3791022|0|0|2|2007998464|0|||0|0|50693085.402|38762560.943|590805.438|6295|0|0|0|2022-04-17 19:11:54.616203+02
448|1650218999.902928|2022-04-17 20:09:59.902928+02|16432|test|17|167642767|0|298205595|598256430|274687089|172177334|103812250|3801189|0|0|2|2007998464|0|||0|0|50710640.618|38777662.272|592396.661|6297|0|0|0|2022-04-17 19:11:54.616203+02
449|1650219000.924447|2022-04-17 20:10:00.924447+02|16432|test|17|167652142|0|298222251|598388602|274709397|172196312|103821621|3810560|0|0|2|2007998464|0|||0|0|50726694.893|38791500|593810.641|6299|0|0|0|2022-04-17 19:11:54.616203+02
450|1650219001.945498|2022-04-17 20:10:01.945498+02|16432|test|17|167662225|0|298240200|598531182|274733456|172216706|103831700|3820639|0|0|2|2007998464|0|||0|0|50744242.547|38806615.205|595359.176|6301|0|0|0|2022-04-17 19:11:54.616203+02
451|1650219002.966067|2022-04-17 20:10:02.966067+02|16432|test|17|167671837|0|298257272|598666844|274756371|172236158|103841308|3830247|0|0|2|2007998464|0|||0|0|50760293.143|38820452.819|596793.824|6303|0|0|0|2022-04-17 19:11:54.616203+02
452|1650219003.986545|2022-04-17 20:10:03.986545+02|16432|test|17|167681087|0|298273706|598796953|274778353|172254886|103850554|3839493|0|0|2|2007998464|0|||0|0|50776352.208|38834271.924|598240.617|6305|0|0|0|2022-04-17 19:11:54.616203+02
453|1650219005.006766|2022-04-17 20:10:05.006766+02|16432|test|18|167686154|0|298282718|598868712|274790523|172265236|103855618|3844557|0|0|2|2007998464|0|||0|0|50784895.819|38841643.266|598987.16|6306|0|0|0|2022-04-17 19:11:54.616203+02
454|1650219006.017031|2022-04-17 20:10:06.017031+02|16432|test|18|167699463|0|298306409|599056534|274822244|172292202|103868922|3857861|0|0|2|2007998464|0|||0|0|50808987.504|38862341.844|601174.608|6309|0|0|0|2022-04-17 19:11:54.616203+02
455|1650219007.037254|2022-04-17 20:10:07.037254+02|16432|test|17|167708536|0|298361295|599203288|274845435|172310967|103877986|3866931|0|0|2|2007998464|0|||0|0|50825039.611|38875996.937|602715.24|6311|0|0|0|2022-04-17 19:11:54.616203+02
456|1650219008.057032|2022-04-17 20:10:08.057032+02|16432|test|17|167718063|0|298378115|599336845|274868015|172330249|103887509|3876454|0|0|2|2007998464|0|||0|0|50841089.953|38889798.929|604168.818|6313|0|0|0|2022-04-17 19:11:54.616203+02
457|1650219009.077873|2022-04-17 20:10:09.077873+02|16432|test|17|167726150|0|298392548|599450778|274887278|172346651|103895592|3884537|0|0|2|2007998464|0|||0|0|50857145.736|38903897.926|605421.348|6315|0|0|0|2022-04-17 19:11:54.616203+02
458|1650219010.098993|2022-04-17 20:10:10.098993+02|16432|test|17|167735291|0|298408830|599579079|274908986|172365161|103904729|3893674|0|0|2|2007998464|0|||0|0|50873197.104|38917788.573|606814.292|6317|0|0|0|2022-04-17 19:11:54.616203+02
459|1650219011.119629|2022-04-17 20:10:11.119629+02|16432|test|17|167743103|0|298422721|599688184|274927492|172381013|103912537|3901482|0|0|2|2007998464|0|||0|0|50889298.598|38932053.692|607981.782|6319|0|0|0|2022-04-17 19:11:54.616203+02
460|1650219012.140147|2022-04-17 20:10:12.140147+02|16432|test|17|167751888|0|298438361|599811551|274948356|172398811|103921318|3910263|0|0|2|2007998464|0|||0|0|50905347.822|38946022.913|609316.975|6321|0|0|0|2022-04-17 19:11:54.616203+02
461|1650219013.165775|2022-04-17 20:10:13.165775+02|16432|test|17|167758632|0|298450366|599905875|274964371|172412527|103928058|3917003|0|0|2|2007998464|0|||0|0|50921722.736|38960690.139|610398.258|6323|0|0|0|2022-04-17 19:11:54.616203+02
462|1650219014.188581|2022-04-17 20:10:14.188581+02|16432|test|17|167764179|0|298460228|599984045|274977642|172423849|103933601|3922546|0|0|2|2007998464|0|||0|0|50939015.717|38976706.831|611199.647|6325|0|0|0|2022-04-17 19:11:54.616203+02
463|1650219015.208863|2022-04-17 20:10:15.208863+02|16432|test|17|167773038|0|298475961|600108333|274998635|172441795|103942456|3931401|0|0|2|2007998464|0|||0|0|50955077.524|38990662.915|612565.132|6327|0|0|0|2022-04-17 19:11:54.616203+02
464|1650219016.229297|2022-04-17 20:10:16.229297+02|16432|test|17|167782488|0|298492611|600240157|275020939|172460923|103951902|3940847|0|0|2|2007998464|0|||0|0|50971129.18|39004455.373|614019.692|6329|0|0|0|2022-04-17 19:11:54.616203+02
465|1650219017.249339|2022-04-17 20:10:17.249339+02|16432|test|17|167791968|0|298509416|600372934|275043405|172480111|103961378|3950323|0|0|2|2007998464|0|||0|0|50987189.635|39018182.779|615516.76|6331|0|0|0|2022-04-17 19:11:54.616203+02
466|1650219018.268782|2022-04-17 20:10:18.268782+02|16432|test|17|167801306|0|298526067|600503999|275065582|172499015|103970712|3959657|0|0|2|2007998464|0|||0|0|51003237.471|39032016.407|616956.48|6333|0|0|0|2022-04-17 19:11:54.616203+02
467|1650219019.290102|2022-04-17 20:10:19.290102+02|16432|test|17|167810870|0|298543033|600637398|275088192|172518371|103980272|3969217|0|0|2|2007998464|0|||0|0|51019302.758|39045723.917|618484.712|6335|0|0|0|2022-04-17 19:11:54.616203+02
468|1650219020.313374|2022-04-17 20:10:20.313374+02|16432|test|17|167820663|0|298560535|600774955|275111420|172538185|103990061|3979006|0|0|2|2007998464|0|||0|0|51035360.823|39059368.942|620053.289|6337|0|0|0|2022-04-17 19:11:54.616203+02
469|1650219021.334757|2022-04-17 20:10:21.334757+02|16432|test|17|167830583|0|298578138|600913451|275134914|172558253|103999977|3988922|0|0|2|2007998464|0|||0|0|51051912.349|39073516.621|621624.495|6339|0|0|0|2022-04-17 19:11:54.616203+02
470|1650219022.356291|2022-04-17 20:10:22.356291+02|16432|test|17|167840193|0|298595210|601047119|275157580|172577701|104009583|3998528|0|0|2|2007998464|0|||0|0|51067965.175|39087210.872|623159.983|6341|0|0|0|2022-04-17 19:11:54.616203+02
471|1650219023.378036|2022-04-17 20:10:23.378036+02|16432|test|17|167849540|0|298611754|601176396|275179511|172596623|104018926|4007871|0|0|2|2007998464|0|||0|0|51084013.91|39101010.365|624616.574|6343|0|0|0|2022-04-17 19:11:54.616203+02
472|1650219024.397997|2022-04-17 20:10:24.397997+02|16432|test|17|167858529|0|298627739|601301694|275200720|172614829|104027911|4016856|0|0|2|2007998464|0|||0|0|51100066.857|39114871.544|626026.191|6345|0|0|0|2022-04-17 19:11:54.616203+02
473|1650219025.418224|2022-04-17 20:10:25.418224+02|16432|test|17|167867647|0|298643921|601428955|275222248|172633293|104037025|4025970|0|0|2|2007998464|0|||0|0|51116120.359|39128684.664|627459.926|6347|0|0|0|2022-04-17 19:11:54.616203+02
474|1650219026.437677|2022-04-17 20:10:26.437677+02|16432|test|17|167877773|0|298662058|601570527|275246173|172653773|104047147|4036092|0|0|2|2007998464|0|||0|0|51134191.93|39144243.874|629092.858|6349|0|0|0|2022-04-17 19:11:54.616203+02
475|1650219027.457959|2022-04-17 20:10:27.457959+02|16432|test|17|167886113|0|298676738|601686406|275265792|172670681|104055483|4044428|0|0|2|2007998464|0|||0|0|51150280.64|39158331.268|630373.257|6351|0|0|0|2022-04-17 19:11:54.616203+02
476|1650219028.478340|2022-04-17 20:10:28.47834+02|16432|test|17|167896332|0|298694809|601828346|275289829|172691347|104065698|4054643|0|0|2|2007998464|0|||0|0|51167837.268|39173412.138|631983.183|6353|0|0|0|2022-04-17 19:11:54.616203+02
477|1650219029.498322|2022-04-17 20:10:29.498322+02|16432|test|17|167902627|0|298705955|601916306|275304765|172704165|104071989|4060934|0|0|2|2007998464|0|||0|0|51184095.269|39188079.124|632991.097|6355|0|0|0|2022-04-17 19:11:54.616203+02
478|1650219030.518133|2022-04-17 20:10:30.518133+02|16432|test|17|167908674|0|298716764|602000670|275319124|172716487|104078032|4066977|0|0|2|2007998464|0|||0|0|51200202.706|39202748.923|633911.321|6357|0|0|0|2022-04-17 19:11:54.616203+02
479|1650219031.538019|2022-04-17 20:10:31.538019+02|16432|test|17|167918340|0|298733959|602134533|275341858|172736047|104087694|4076639|0|0|2|2007998464|0|||0|0|51218260.678|39218541.724|635364.086|6359|0|0|0|2022-04-17 19:11:54.616203+02
480|1650219032.558584|2022-04-17 20:10:32.558584+02|16432|test|17|167927587|0|298750320|602262992|275363648|172754769|104096937|4085882|0|0|2|2007998464|0|||0|0|51234305.973|39232292.171|636825.655|6361|0|0|0|2022-04-17 19:11:54.616203+02
481|1650219033.580388|2022-04-17 20:10:33.580388+02|16432|test|17|167937078|0|298767264|602395308|275386063|172773979|104106424|4095369|0|0|2|2007998464|0|||0|0|51251370.367|39247055.196|638304.615|6363|0|0|0|2022-04-17 19:11:54.616203+02
482|1650219034.601615|2022-04-17 20:10:34.601615+02|16432|test|17|167946126|0|298783310|602521467|275407415|172792303|104115468|4104413|0|0|2|2007998464|0|||0|0|51267415.806|39260890.057|639721.083|6365|0|0|0|2022-04-17 19:11:54.616203+02
483|1650219035.621707|2022-04-17 20:10:35.621707+02|16432|test|17|167955113|0|298799244|602646482|275428598|172810505|104124451|4113396|0|0|2|2007998464|0|||0|0|51283467.179|39274720.257|641149.218|6367|0|0|0|2022-04-17 19:11:54.616203+02
484|1650219036.641856|2022-04-17 20:10:36.641856+02|16432|test|17|167964986|0|298816808|602783600|275451786|172830479|104134320|4123265|0|0|2|2007998464|0|||0|0|51299513.645|39288316.8|642746.348|6369|0|0|0|2022-04-17 19:11:54.616203+02
485|1650219037.661975|2022-04-17 20:10:37.661975+02|16432|test|17|167975052|0|298834670|602922183|275475349|172850839|104144382|4133327|0|0|2|2007998464|0|||0|0|51315550.956|39301813.321|644412.545|6371|0|0|0|2022-04-17 19:11:54.616203+02
486|1650219038.681722|2022-04-17 20:10:38.681722+02|16432|test|17|167985150|0|298852662|603061515|275499016|172871263|104154476|4143421|0|0|2|2007998464|0|||0|0|51331595.424|39315334.462|646063.869|6373|0|0|0|2022-04-17 19:11:54.616203+02
487|1650219039.702040|2022-04-17 20:10:39.70204+02|16432|test|17|167995117|0|298870555|603199641|275522437|172891425|104164439|4153384|0|0|2|2007998464|0|||0|0|51347648.152|39328957.927|647655.637|6375|0|0|0|2022-04-17 19:11:54.616203+02
488|1650219040.722052|2022-04-17 20:10:40.722052+02|16432|test|17|168004393|0|298886922|603327270|275544186|172910205|104173711|4162656|0|0|2|2007998464|0|||0|0|51363740.042|39342775.028|649109.374|6377|0|0|0|2022-04-17 19:11:54.616203+02
489|1650219041.742296|2022-04-17 20:10:41.742296+02|16432|test|17|168013916|0|298903829|603459230|275566566|172929479|104183230|4172175|0|0|2|2007998464|0|||0|0|51379806.844|39356524.838|650621.7|6379|0|0|0|2022-04-17 19:11:54.616203+02
490|1650219042.763086|2022-04-17 20:10:42.763086+02|16432|test|17|168023661|0|298921077|603594155|275589422|172949197|104192971|4181916|0|0|2|2007998464|0|||0|0|51395856.282|39370185.146|652158.521|6381|0|0|0|2022-04-17 19:11:54.616203+02
491|1650219043.783230|2022-04-17 20:10:43.78323+02|16432|test|17|168032782|0|298937288|603720850|275610864|172967667|104202088|4191033|0|0|2|2007998464|0|||0|0|51412926.122|39385014.4|653593.969|6383|0|0|0|2022-04-17 19:11:54.616203+02
492|1650219044.805125|2022-04-17 20:10:44.805125+02|16432|test|17|168041576|0|298952828|603842149|275631446|172985483|104210878|4199823|0|0|2|2007998464|0|||0|0|51428989.417|39398976.417|654948.062|6385|0|0|0|2022-04-17 19:11:54.616203+02
493|1650219045.825665|2022-04-17 20:10:45.825665+02|16432|test|17|168048631|0|298965418|603939305|275648026|172999821|104217929|4206874|0|0|2|2007998464|0|||0|0|51445193.378|39413476.382|656041.858|6387|0|0|0|2022-04-17 19:11:54.616203+02
494|1650219046.845778|2022-04-17 20:10:46.845778+02|16432|test|17|168053824|0|298974663|604011132|275660284|173010435|104223118|4212063|0|0|2|2007998464|0|||0|0|51461335.053|39428392.234|656815.762|6389|0|0|0|2022-04-17 19:11:54.616203+02
495|1650219047.865923|2022-04-17 20:10:47.865923+02|16432|test|17|168062231|0|298989678|604126999|275679988|173027477|104231521|4220466|0|0|2|2007998464|0|||0|0|51477378.367|39442459.828|658084.543|6391|0|0|0|2022-04-17 19:11:54.616203+02
496|1650219048.885908|2022-04-17 20:10:48.885908+02|16432|test|17|168071095|0|299005355|604249127|275700741|173045433|104240381|4229326|0|0|2|2007998464|0|||0|0|51493429.504|39456406.122|659442.379|6393|0|0|0|2022-04-17 19:11:54.616203+02
497|1650219049.906290|2022-04-17 20:10:49.90629+02|16432|test|17|168080162|0|299021530|604373822|275721937|173063795|104249444|4238389|0|0|2|2007998464|0|||0|0|51509477.318|39470229.793|660880.919|6395|0|0|0|2022-04-17 19:11:54.616203+02
498|1650219050.926909|2022-04-17 20:10:50.926909+02|16432|test|17|168089344|0|299037812|604499723|275743387|173082387|104258622|4247567|0|0|2|2007998464|0|||0|0|51525534.472|39484158.536|662258.52|6397|0|0|0|2022-04-17 19:11:54.616203+02
499|1650219051.947789|2022-04-17 20:10:51.947789+02|16432|test|17|168098411|0|299053911|604624525|275764554|173100749|104267685|4256630|0|0|2|2007998464|0|||0|0|51541574.217|39497990.874|663678.536|6399|0|0|0|2022-04-17 19:11:54.616203+02
500|1650219052.968063|2022-04-17 20:10:52.968063+02|16432|test|17|168108077|0|299071081|604758038|275787255|173120309|104277347|4266292|0|0|2|2007998464|0|||0|0|51558132.437|39512267.154|665156.876|6401|0|0|0|2022-04-17 19:11:54.616203+02
501|1650219053.988982|2022-04-17 20:10:53.988982+02|16432|test|17|168117457|0|299087686|604887538|275809190|173139297|104286723|4275668|0|0|2|2007998464|0|||0|0|51574179.955|39525999.011|666670.318|6403|0|0|0|2022-04-17 19:11:54.616203+02
502|1650219055.009050|2022-04-17 20:10:55.00905+02|16432|test|17|168126561|0|299103886|605013225|275830498|173157733|104295823|4284768|0|0|2|2007998464|0|||0|0|51590232.066|39539858.369|668078.664|6405|0|0|0|2022-04-17 19:11:54.616203+02
503|1650219056.029271|2022-04-17 20:10:56.029271+02|16432|test|17|168135397|0|299119484|605134605|275851138|173175633|104304655|4293600|0|0|2|2007998464|0|||0|0|51606297.669|39553805.857|669427.035|6407|0|0|0|2022-04-17 19:11:54.616203+02
504|1650219057.050940|2022-04-17 20:10:57.05094+02|16432|test|17|168145021|0|299136604|605267049|275873669|173195109|104314275|4303220|0|0|2|2007998464|0|||0|0|51623362.656|39568500.498|670959.975|6409|0|0|0|2022-04-17 19:11:54.616203+02
505|1650219058.071958|2022-04-17 20:10:58.071958+02|16432|test|17|168155055|0|299154504|605405026|275897132|173215405|104324305|4313250|0|0|2|2007998464|0|||0|0|51641426.79|39584187.446|672473.503|6411|0|0|0|2022-04-17 19:11:54.616203+02
506|1650219059.093441|2022-04-17 20:10:59.093441+02|16432|test|17|168164375|0|299171072|605532227|275918802|173234273|104333621|4322566|0|0|2|2007998464|0|||0|0|51657981.702|39598428.55|673971.397|6413|0|0|0|2022-04-17 19:11:54.616203+02
507|1650219060.114435|2022-04-17 20:11:00.114435+02|16432|test|17|168173765|0|299187842|605661536|275940762|173253281|104343007|4331952|0|0|2|2007998464|0|||0|0|51675569.517|39613741.74|675426.415|6415|0|0|0|2022-04-17 19:11:54.616203+02
508|1650219061.134948|2022-04-17 20:11:01.134948+02|16432|test|17|168182696|0|299203550|605784021|275961617|173271371|104351934|4340879|0|0|2|2007998464|0|||0|0|51692175.049|39628235.418|676780.561|6417|0|0|0|2022-04-17 19:11:54.616203+02
509|1650219062.155744|2022-04-17 20:11:02.155744+02|16432|test|17|168192094|0|299220286|605913206|275983591|173290395|104361328|4350273|0|0|2|2007998464|0|||0|0|51708720.614|39642543.227|678213.722|6419|0|0|0|2022-04-17 19:11:54.616203+02
510|1650219063.176159|2022-04-17 20:11:03.176159+02|16432|test|17|168197930|0|299230684|605993360|275997287|173302295|104367160|4356105|0|0|2|2007998464|0|||0|0|51721872.793|39654314.061|679095.403|6421|0|0|0|2022-04-17 19:11:54.616203+02
511|1650219064.204906|2022-04-17 20:11:04.204906+02|16432|test|17|168204667|0|299242641|606086030|276013067|173315997|104373893|4362838|0|0|2|2007998464|0|||0|0|51741625.842|39672421.738|680143.96|6423|0|0|0|2022-04-17 19:11:54.616203+02
512|1650219065.224854|2022-04-17 20:11:05.224854+02|16432|test|18|168213309|0|299257977|606204176|276033213|173333509|104382531|4371476|0|0|2|2007998464|0|||0|0|51757687.421|39686478.583|681421.116|6425|0|0|0|2022-04-17 19:11:54.616203+02
513|1650219066.245077|2022-04-17 20:11:06.245077+02|16432|test|17|168221785|0|299301596|606322322|276054603|173351038|104390999|4379950|0|0|2|2007998464|0|||0|0|51773741.063|39700284.288|682855.972|6427|0|0|0|2022-04-17 19:11:54.616203+02
514|1650219067.265415|2022-04-17 20:11:07.265415+02|16432|test|17|168230426|0|299316936|606440335|276074730|173368548|104399636|4388587|0|0|2|2007998464|0|||0|0|51789787.595|39714231.823|684203.844|6429|0|0|0|2022-04-17 19:11:54.616203+02
515|1650219068.286273|2022-04-17 20:11:08.286273+02|16432|test|17|168239099|0|299332421|606558884|276094944|173386122|104408305|4397256|0|0|2|2007998464|0|||0|0|51805865.557|39728208.191|685575.866|6431|0|0|0|2022-04-17 19:11:54.616203+02
516|1650219069.307474|2022-04-17 20:11:09.307474+02|16432|test|17|168248622|0|299349369|606688438|276117030|173405396|104417824|4406775|0|0|2|2007998464|0|||0|0|51821906.833|39741915.352|687094.166|6433|0|0|0|2022-04-17 19:11:54.616203+02
517|1650219070.328128|2022-04-17 20:11:10.328128+02|16432|test|17|168257724|0|299365440|606812765|276138251|173423828|104426922|4415873|0|0|2|2007998464|0|||0|0|51837947.307|39755730.439|688535.132|6435|0|0|0|2022-04-17 19:11:54.616203+02
518|1650219071.348935|2022-04-17 20:11:11.348935+02|16432|test|17|168266717|0|299381448|606934946|276159083|173442042|104435911|4424862|0|0|2|2007998464|0|||0|0|51854008.827|39769639.108|689922.547|6437|0|0|0|2022-04-17 19:11:54.616203+02
519|1650219072.368982|2022-04-17 20:11:12.368982+02|16432|test|17|168275827|0|299397596|607058898|276180245|173460490|104445017|4433968|0|0|2|2007998464|0|||0|0|51870055.84|39783494.165|691338.282|6439|0|0|0|2022-04-17 19:11:54.616203+02
520|1650219073.389563|2022-04-17 20:11:13.389563+02|16432|test|17|168285532|0|299414795|607190533|276202681|173480128|104454718|4443669|0|0|2|2007998464|0|||0|0|51887119.417|39798196.289|692853.872|6441|0|0|0|2022-04-17 19:11:54.616203+02
521|1650219074.410367|2022-04-17 20:11:14.410367+02|16432|test|17|168294613|0|299430895|607314525|276223817|173498518|104463795|4452746|0|0|2|2007998464|0|||0|0|51903182.11|39811997.891|694325.693|6443|0|0|0|2022-04-17 19:11:54.616203+02
522|1650219075.430183|2022-04-17 20:11:15.430183+02|16432|test|17|168303303|0|299446374|607433479|276244062|173516126|104472481|4461432|0|0|2|2007998464|0|||0|0|51919273.173|39825898.021|695747.287|6445|0|0|0|2022-04-17 19:11:54.616203+02
523|1650219076.451005|2022-04-17 20:11:16.451005+02|16432|test|17|168312592|0|299462784|607559347|276265564|173534932|104481766|4470717|0|0|2|2007998464|0|||0|0|51935343.452|39839806.609|697144.752|6447|0|0|0|2022-04-17 19:11:54.616203+02
524|1650219077.471855|2022-04-17 20:11:17.471855+02|16432|test|17|168321961|0|299479486|607687224|276287352|173553898|104491131|4480082|0|0|2|2007998464|0|||0|0|51951406.58|39853577.376|698621.036|6449|0|0|0|2022-04-17 19:11:54.616203+02
525|1650219078.492375|2022-04-17 20:11:18.492375+02|16432|test|17|168330491|0|299494712|607803061|276307153|173571186|104499657|4488608|0|0|2|2007998464|0|||0|0|51967462.906|39867629.626|699899.453|6451|0|0|0|2022-04-17 19:11:54.616203+02
526|1650219079.512400|2022-04-17 20:11:19.5124+02|16432|test|17|168337038|0|299506326|607891710|276322359|173584508|104506200|4495151|0|0|2|2007998464|0|||0|0|51983966.143|39882508.673|700930.369|6453|0|0|0|2022-04-17 19:11:54.616203+02
527|1650219080.535534|2022-04-17 20:11:20.535534+02|16432|test|17|168341597|0|299514465|607953515|276333007|173593854|104510755|4499706|0|0|2|2007998464|0|||0|0|52000051.209|39897519.37|701598.59|6455|0|0|0|2022-04-17 19:11:54.616203+02
528|1650219081.555588|2022-04-17 20:11:21.555588+02|16432|test|17|168349716|0|299528939|608064152|276351885|173610320|104518870|4507821|0|0|2|2007998464|0|||0|0|52016168.099|39911651.863|702860.441|6457|0|0|0|2022-04-17 19:11:54.616203+02
529|1650219082.576168|2022-04-17 20:11:22.576168+02|16432|test|17|168358453|0|299544503|608182690|276372166|173628022|104527603|4516554|0|0|2|2007998464|0|||0|0|52032224.853|39925597.495|704207.063|6459|0|0|0|2022-04-17 19:11:54.616203+02
530|1650219083.595933|2022-04-17 20:11:23.595933+02|16432|test|17|168366385|0|299558588|608290641|276390593|173644114|104535531|4524482|0|0|2|2007998464|0|||0|0|52048284.718|39939686.512|705469.092|6461|0|0|0|2022-04-17 19:11:54.616203+02
531|1650219084.615313|2022-04-17 20:11:24.615313+02|16432|test|17|168374687|0|299573393|608403360|276409831|173660946|104543829|4532780|0|0|2|2007998464|0|||0|0|52064363.772|39953776.823|706755.551|6463|0|0|0|2022-04-17 19:11:54.616203+02
532|1650219085.634851|2022-04-17 20:11:25.634851+02|16432|test|17|168383166|0|299588487|608518812|276429551|173678132|104552304|4541255|0|0|2|2007998464|0|||0|0|52080412.168|39967734.953|708088.123|6465|0|0|0|2022-04-17 19:11:54.616203+02
533|1650219086.655205|2022-04-17 20:11:26.655205+02|16432|test|17|168393207|0|299606328|608654950|276452764|173698442|104562341|4551292|0|0|2|2007998464|0|||0|0|52098019.638|39982840.621|709714.541|6467|0|0|0|2022-04-17 19:11:54.616203+02
534|1650219087.674702|2022-04-17 20:11:27.674702+02|16432|test|17|168401806|0|299621436|608771851|276472709|173715868|104570936|4559887|0|0|2|2007998464|0|||0|0|52114073.667|39996814.592|711054.91|6469|0|0|0|2022-04-17 19:11:54.616203+02
535|1650219088.694548|2022-04-17 20:11:28.694548+02|16432|test|17|168410896|0|299637694|608895548|276493778|173734276|104580022|4568973|0|0|2|2007998464|0|||0|0|52130124.471|40010622.194|712494.009|6471|0|0|0|2022-04-17 19:11:54.616203+02
536|1650219089.714047|2022-04-17 20:11:29.714047+02|16432|test|17|168420420|0|299654465|609024231|276515782|173753552|104589542|4578493|0|0|2|2007998464|0|||0|0|52147170.7|40025339.823|713990.483|6473|0|0|0|2022-04-17 19:11:54.616203+02
537|1650219090.735136|2022-04-17 20:11:30.735136+02|16432|test|17|168430369|0|299672136|609158402|276538742|173773678|104599487|4588438|0|0|2|2007998464|0|||0|0|52165263.341|40041029.37|715539.612|6475|0|0|0|2022-04-17 19:11:54.616203+02
538|1650219091.755601|2022-04-17 20:11:31.755601+02|16432|test|17|168439467|0|299688218|609281445|276559758|173792102|104608581|4597532|0|0|2|2007998464|0|||0|0|52181313.203|40054802.501|717017.882|6477|0|0|0|2022-04-17 19:11:54.616203+02
539|1650219092.775942|2022-04-17 20:11:32.775942+02|16432|test|17|168449657|0|299706386|609418868|276583254|173812710|104618767|4607718|0|0|2|2007998464|0|||0|0|52199362.769|40070286.59|718686.06|6479|0|0|0|2022-04-17 19:11:54.616203+02
540|1650219093.797022|2022-04-17 20:11:33.797022+02|16432|test|17|168458982|0|299722927|609544852|276604785|173831588|104628088|4617039|0|0|2|2007998464|0|||0|0|52215926.969|40084665.503|720112.268|6481|0|0|0|2022-04-17 19:11:54.616203+02
541|1650219094.817372|2022-04-17 20:11:34.817372+02|16432|test|17|168467884|0|299738731|609666050|276625468|173849620|104636986|4625937|0|0|2|2007998464|0|||0|0|52231979.276|40098556.175|721496.813|6483|0|0|0|2022-04-17 19:11:54.616203+02
542|1650219095.838678|2022-04-17 20:11:35.838678+02|16432|test|17|168476665|0|299754297|609785445|276645837|173867410|104645763|4634714|0|0|2|2007998464|0|||0|0|52248190.327|40112584.35|722902.623|6485|0|0|0|2022-04-17 19:11:54.616203+02
543|1650219096.859393|2022-04-17 20:11:36.859393+02|16432|test|17|168485080|0|299769293|609899011|276665270|173884468|104654174|4643125|0|0|2|2007998464|0|||0|0|52264241.944|40126610.227|724208.277|6487|0|0|0|2022-04-17 19:11:54.616203+02
544|1650219097.879538|2022-04-17 20:11:37.879538+02|16432|test|17|168493078|0|299783565|610007222|276683749|173900692|104662168|4651119|0|0|2|2007998464|0|||0|0|52280363.712|40140898.172|725372.613|6489|0|0|0|2022-04-17 19:11:54.616203+02
545|1650219098.901386|2022-04-17 20:11:38.901386+02|16432|test|17|168502090|0|299799571|610128529|276704529|173918944|104671176|4660127|0|0|2|2007998464|0|||0|0|52296433.468|40154824.721|726766.898|6491|0|0|0|2022-04-17 19:11:54.616203+02
546|1650219099.922794|2022-04-17 20:11:39.922794+02|16432|test|17|168510653|0|299814933|610244509|276724330|173936298|104679735|4668686|0|0|2|2007998464|0|||0|0|52312515.124|40168814.022|728110.743|6493|0|0|0|2022-04-17 19:11:54.616203+02
547|1650219100.948206|2022-04-17 20:11:40.948206+02|16432|test|17|168518456|0|299828784|610349427|276742369|173952132|104687534|4676485|0|0|2|2007998464|0|||0|0|52328569.48|40183018.936|729292.206|6495|0|0|0|2022-04-17 19:11:54.616203+02
548|1650219101.969049|2022-04-17 20:11:41.969049+02|16432|test|17|168527428|0|299844640|610471091|276763198|173970304|104696502|4685453|0|0|2|2007998464|0|||0|0|52344624.805|40196854.151|730725.523|6497|0|0|0|2022-04-17 19:11:54.616203+02
549|1650219102.990200|2022-04-17 20:11:42.9902+02|16432|test|17|168536456|0|299860637|610593045|276784042|173988588|104705526|4694477|0|0|2|2007998464|0|||0|0|52361690.87|40211681.508|732184.696|6499|0|0|0|2022-04-17 19:11:54.616203+02
550|1650219104.010511|2022-04-17 20:11:44.010511+02|16432|test|17|168539692|0|299866438|610637158|276791665|173995288|104708758|4697709|0|0|2|2007998464|0|||0|0|52378107.906|40227340.233|732655.171|6501|0|0|0|2022-04-17 19:11:54.616203+02
551|1650219105.031184|2022-04-17 20:11:45.031184+02|16432|test|17|168547331|0|299880052|610740471|276809364|174010794|104716393|4705344|0|0|2|2007998464|0|||0|0|52394183.948|40241540.338|733852.24|6503|0|0|0|2022-04-17 19:11:54.616203+02
552|1650219106.050959|2022-04-17 20:11:46.050959+02|16432|test|17|168555213|0|299894110|610846606|276827593|174026786|104724271|4713222|0|0|2|2007998464|0|||0|0|52410265.745|40255819.096|735004.641|6505|0|0|0|2022-04-17 19:11:54.616203+02
553|1650219107.072126|2022-04-17 20:11:47.072126+02|16432|test|17|168563905|0|299909562|610963281|276847612|174044398|104732959|4721910|0|0|2|2007998464|0|||0|0|52426321.268|40269803.57|736336.214|6507|0|0|0|2022-04-17 19:11:54.616203+02
554|1650219108.093383|2022-04-17 20:11:48.093383+02|16432|test|17|168572032|0|299923971|611072663|276866331|174060880|104741082|4730033|0|0|2|2007998464|0|||0|0|52442422.652|40283977.807|737556.837|6509|0|0|0|2022-04-17 19:11:54.616203+02
555|1650219109.113668|2022-04-17 20:11:49.113668+02|16432|test|17|168580202|0|299938402|611182353|276885138|174077448|104749248|4738199|0|0|2|2007998464|0|||0|0|52458466|40298004.511|738838.19|6511|0|0|0|2022-04-17 19:11:54.616203+02
556|1650219110.146106|2022-04-17 20:11:50.146106+02|16432|test|17|168588131|0|299952443|611289212|276903411|174093534|104757173|4746124|0|0|2|2007998464|0|||0|0|52474524.508|40312183.586|740026.212|6513|0|0|0|2022-04-17 19:11:54.616203+02
557|1650219111.166027|2022-04-17 20:11:51.166027+02|16432|test|17|168596366|0|299967235|611400372|276922472|174110232|104765404|4754355|0|0|2|2007998464|0|||0|0|52490591.598|40326277.32|741277.401|6515|0|0|0|2022-04-17 19:11:54.616203+02
558|1650219112.186799|2022-04-17 20:11:52.186799+02|16432|test|17|168605471|0|299983344|611522654|276943404|174128670|104774505|4763456|0|0|2|2007998464|0|||0|0|52506644.38|40340126.338|742710.052|6517|0|0|0|2022-04-17 19:11:54.616203+02
559|1650219113.207096|2022-04-17 20:11:53.207096+02|16432|test|17|168614121|0|299998768|611638637|276963292|174146198|104783151|4772102|0|0|2|2007998464|0|||0|0|52522704.7|40354061.107|744085.364|6519|0|0|0|2022-04-17 19:11:54.616203+02
560|1650219114.228416|2022-04-17 20:11:54.228416+02|16432|test|17|168623045|0|300014571|611758873|276983933|174164274|104792071|4781022|0|0|2|2007998464|0|||0|0|52538766.092|40367992.693|745462.662|6521|0|0|0|2022-04-17 19:11:54.616203+02
561|1650219115.248641|2022-04-17 20:11:55.248641+02|16432|test|17|168632047|0|300030568|611879499|277004609|174182506|104801069|4790020|0|0|2|2007998464|0|||0|0|52554831.32|40381995.934|746784.967|6523|0|0|0|2022-04-17 19:11:54.616203+02
562|1650219116.268777|2022-04-17 20:11:56.268777+02|16432|test|17|168640787|0|300046146|611997113|277024738|174200214|104809805|4798756|0|0|2|2007998464|0|||0|0|52570893.492|40395911.257|748168.28|6525|0|0|0|2022-04-17 19:11:54.616203+02
563|1650219117.289437|2022-04-17 20:11:57.289437+02|16432|test|17|168651116|0|300064592|612135917|277048474|174221100|104820130|4809081|0|0|2|2007998464|0|||0|0|52587951.212|40410416.874|749816.842|6527|0|0|0|2022-04-17 19:11:54.616203+02
564|1650219118.309960|2022-04-17 20:11:58.30996+02|16432|test|17|168660422|0|300081078|612260645|277069855|174239940|104829432|4818383|0|0|2|2007998464|0|||0|0|52605504.805|40425773.394|751206.565|6529|0|0|0|2022-04-17 19:11:54.616203+02
565|1650219119.330347|2022-04-17 20:11:59.330347+02|16432|test|17|168669445|0|300097113|612381634|277090576|174258214|104838451|4827402|0|0|2|2007998464|0|||0|0|52621564.413|40439642.061|752607.395|6531|0|0|0|2022-04-17 19:11:54.616203+02
566|1650219120.350324|2022-04-17 20:12:00.350324+02|16432|test|17|168677802|0|300111921|612493768|277109797|174275156|104846804|4835755|0|0|2|2007998464|0|||0|0|52637633.775|40453714.854|753878.596|6533|0|0|0|2022-04-17 19:11:54.616203+02
567|1650219121.369651|2022-04-17 20:12:01.369651+02|16432|test|17|168681247|0|300118086|612540216|277117848|174282274|104850245|4839196|0|0|2|2007998464|0|||0|0|52653950.97|40469213.868|754372.278|6535|0|0|0|2022-04-17 19:11:54.616203+02
568|1650219122.390268|2022-04-17 20:12:02.390268+02|16432|test|17|168689059|0|300132042|612645364|277135873|174298126|104858053|4847004|0|0|2|2007998464|0|||0|0|52670025.451|40483405.387|755577.003|6537|0|0|0|2022-04-17 19:11:54.616203+02
569|1650219123.413062|2022-04-17 20:12:03.413062+02|16432|test|17|168699773|0|300151057|612788369|277160415|174319782|104868763|4857714|0|0|2|2007998464|0|||0|0|52690091.921|40500908.891|757239.441|6539|0|0|0|2022-04-17 19:11:54.616203+02
570|1650219124.433299|2022-04-17 20:12:04.433299+02|16432|test|17|168708304|0|300166267|612903123|277180077|174337072|104877290|4866241|0|0|2|2007998464|0|||0|0|52706153.925|40514890.966|758562.554|6541|0|0|0|2022-04-17 19:11:54.616203+02
571|1650219125.455236|2022-04-17 20:12:05.455236+02|16432|test|18|168716314|0|300180432|613009879|277198420|174353320|104885296|4874247|0|0|2|2007998464|0|||0|0|52722212.779|40529063.737|759769.027|6543|0|0|0|2022-04-17 19:11:54.616203+02
572|1650219126.476405|2022-04-17 20:12:06.476405+02|16432|test|18|168724167|0|300194398|613114920|277216574|174369398|104893145|4882096|0|0|2|2007998464|0|||0|0|52738767.101|40543678.298|760987.798|6545|0|0|0|2022-04-17 19:11:54.616203+02
573|1650219127.496786|2022-04-17 20:12:07.496786+02|16432|test|17|168732504|0|300247866|613244959|277237320|174386655|104901473|4890430|0|0|2|2007998464|0|||0|0|52754831.262|40557712.633|762284.703|6547|0|0|0|2022-04-17 19:11:54.616203+02
574|1650219128.517661|2022-04-17 20:12:08.517661+02|16432|test|17|168741306|0|300263495|613362465|277257482|174404487|104910271|4899228|0|0|2|2007998464|0|||0|0|52770915.355|40571619.588|763692.286|6549|0|0|0|2022-04-17 19:11:54.616203+02
575|1650219129.538951|2022-04-17 20:12:09.538951+02|16432|test|17|168749946|0|300278845|613478488|277277375|174421995|104918907|4907864|0|0|2|2007998464|0|||0|0|52786971.407|40585545.655|765065.616|6551|0|0|0|2022-04-17 19:11:54.616203+02
576|1650219130.559767|2022-04-17 20:12:10.559767+02|16432|test|17|168758587|0|300294329|613594124|277297199|174439505|104927544|4916501|0|0|2|2007998464|0|||0|0|52803025.968|40599483.105|766430.157|6553|0|0|0|2022-04-17 19:11:54.616203+02
577|1650219131.582199|2022-04-17 20:12:11.582199+02|16432|test|17|168767931|0|300310880|613718811|277318672|174458421|104936884|4925841|0|0|2|2007998464|0|||0|0|52820071.927|40614270.482|767885.779|6555|0|0|0|2022-04-17 19:11:54.616203+02
578|1650219132.601995|2022-04-17 20:12:12.601995+02|16432|test|17|168776669|0|300326473|613835932|277338741|174476125|104945618|4934575|0|0|2|2007998464|0|||0|0|52836123.436|40628230.515|769240.593|6557|0|0|0|2022-04-17 19:11:54.616203+02
579|1650219133.622334|2022-04-17 20:12:13.622334+02|16432|test|17|168785515|0|300342232|613953789|277359007|174494045|104954460|4943417|0|0|2|2007998464|0|||0|0|52852180.714|40642028.974|770690.571|6559|0|0|0|2022-04-17 19:11:54.616203+02
580|1650219134.642285|2022-04-17 20:12:14.642285+02|16432|test|17|168794601|0|300358441|614074653|277379754|174512445|104963542|4952499|0|0|2|2007998464|0|||0|0|52868224.95|40655825.254|772143.153|6561|0|0|0|2022-04-17 19:11:54.616203+02
581|1650219135.663719|2022-04-17 20:12:15.663719+02|16432|test|17|168803638|0|300374459|614195019|277400424|174530747|104972575|4961532|0|0|2|2007998464|0|||0|0|52884333.073|40669626.393|773645.96|6563|0|0|0|2022-04-17 19:11:54.616203+02
582|1650219136.684031|2022-04-17 20:12:16.684031+02|16432|test|17|168812211|0|300389748|614309280|277420078|174548121|104981144|4970101|0|0|2|2007998464|0|||0|0|52900424.047|40683631.883|774988.015|6565|0|0|0|2022-04-17 19:11:54.616203+02
583|1650219137.704113|2022-04-17 20:12:17.704113+02|16432|test|17|168821331|0|300406067|614431352|277441038|174566589|104990260|4979217|0|0|2|2007998464|0|||0|0|52916486.931|40697483.908|776417.31|6567|0|0|0|2022-04-17 19:11:54.616203+02
584|1650219138.724440|2022-04-17 20:12:18.72444+02|16432|test|17|168829470|0|300420559|614539623|277459639|174583095|104998395|4987352|0|0|2|2007998464|0|||0|0|52932618.405|40711659.224|777657.722|6569|0|0|0|2022-04-17 19:11:54.616203+02
585|1650219139.744182|2022-04-17 20:12:19.744182+02|16432|test|17|168838727|0|300436907|614662231|277480737|174601837|105007648|4996605|0|0|2|2007998464|0|||0|0|52948671.151|40725468.678|779104.155|6571|0|0|0|2022-04-17 19:11:54.616203+02
586|1650219140.763977|2022-04-17 20:12:20.763977+02|16432|test|17|168847536|0|300452549|614779880|277500942|174619683|105016453|5005410|0|0|2|2007998464|0|||0|0|52964746.718|40739378.76|780476.011|6573|0|0|0|2022-04-17 19:11:54.616203+02
587|1650219141.785228|2022-04-17 20:12:21.785228+02|16432|test|17|168855396|0|300466484|614884710|277518937|174635631|105024309|5013266|0|0|2|2007998464|0|||0|0|52980819.265|40753543.426|781676.711|6575|0|0|0|2022-04-17 19:11:54.616203+02
588|1650219142.805243|2022-04-17 20:12:22.805243+02|16432|test|17|168864135|0|300481971|615001264|277538951|174653337|105033044|5022001|0|0|2|2007998464|0|||0|0|52996883.952|40767467.879|783053.436|6577|0|0|0|2022-04-17 19:11:54.616203+02
589|1650219143.824965|2022-04-17 20:12:23.824965+02|16432|test|17|168871433|0|300495005|615098120|277555638|174668161|105040338|5029295|0|0|2|2007998464|0|||0|0|53013109.238|40781967.894|784144.332|6579|0|0|0|2022-04-17 19:11:54.616203+02
590|1650219144.848545|2022-04-17 20:12:24.848545+02|16432|test|17|168875447|0|300502100|615151725|277564925|174676417|105044348|5033305|0|0|2|2007998464|0|||0|0|53030070.158|40798139.393|784622.654|6581|0|0|0|2022-04-17 19:11:54.616203+02
591|1650219145.868029|2022-04-17 20:12:25.868029+02|16432|test|17|168882877|0|300515283|615250975|277581993|174691505|105051774|5040731|0|0|2|2007998464|0|||0|0|53046112.366|40812580.615|785602.798|6583|0|0|0|2022-04-17 19:11:54.616203+02
592|1650219146.889148|2022-04-17 20:12:26.889148+02|16432|test|17|168890507|0|300528865|615352746|277599486|174706993|105059400|5048357|0|0|2|2007998464|0|||0|0|53062180.468|40827036.038|786592.615|6585|0|0|0|2022-04-17 19:11:54.616203+02
593|1650219147.909694|2022-04-17 20:12:27.909694+02|16432|test|17|168897928|0|300542005|615451276|277616446|174722063|105066817|5055774|0|0|2|2007998464|0|||0|0|53078331.211|40841615.136|787549.267|6587|0|0|0|2022-04-17 19:11:54.616203+02
594|1650219148.929266|2022-04-17 20:12:28.929266+02|16432|test|17|168905804|0|300556140|615555880|277634467|174738043|105074689|5063646|0|0|2|2007998464|0|||0|0|53094897.245|40856502.636|788594.484|6589|0|0|0|2022-04-17 19:11:54.616203+02
595|1650219149.950374|2022-04-17 20:12:29.950374+02|16432|test|17|168913368|0|300569482|615656161|277651769|174753399|105082249|5071206|0|0|2|2007998464|0|||0|0|53110994.291|40871006.902|789568.918|6591|0|0|0|2022-04-17 19:11:54.616203+02
596|1650219150.970683|2022-04-17 20:12:30.970683+02|16432|test|17|168921092|0|300583286|615758826|277669448|174769075|105089969|5078926|0|0|2|2007998464|0|||0|0|53127159.984|40885557.775|790559.846|6593|0|0|0|2022-04-17 19:11:54.616203+02
597|1650219151.990967|2022-04-17 20:12:31.990967+02|16432|test|17|168929284|0|300597983|615867576|277688177|174785687|105098157|5087114|0|0|2|2007998464|0|||0|0|53143723.028|40900507.068|791546.461|6595|0|0|0|2022-04-17 19:11:54.616203+02
598|1650219153.012623|2022-04-17 20:12:33.012623+02|16432|test|17|168937770|0|300612950|615979698|277707508|174802887|105106639|5095596|0|0|2|2007998464|0|||0|0|53160877.147|40915851.169|792659.331|6597|0|0|0|2022-04-17 19:11:54.616203+02
599|1650219154.033427|2022-04-17 20:12:34.033427+02|16432|test|17|168945531|0|300626742|616082652|277725242|174818637|105114396|5103353|0|0|2|2007998464|0|||0|0|53176933.571|40930308.568|793642.447|6599|0|0|0|2022-04-17 19:11:54.616203+02
600|1650219155.054408|2022-04-17 20:12:35.054408+02|16432|test|17|168953190|0|300640470|616184271|277742754|174834183|105122051|5111008|0|0|2|2007998464|0|||0|0|53192995.965|40944729.593|794658.551|6601|0|0|0|2022-04-17 19:11:54.616203+02
601|1650219156.075725|2022-04-17 20:12:36.075725+02|16432|test|17|168960608|0|300653604|616282273|277759673|174849247|105129465|5118422|0|0|2|2007998464|0|||0|0|53209049.879|40959225.735|795606.661|6603|0|0|0|2022-04-17 19:11:54.616203+02
602|1650219157.096504|2022-04-17 20:12:37.096504+02|16432|test|17|168968748|0|300668124|616390403|277778242|174865755|105137601|5126558|0|0|2|2007998464|0|||0|0|53227190.248|40975654.431|796645.034|6605|0|0|0|2022-04-17 19:11:54.616203+02
603|1650219158.117092|2022-04-17 20:12:38.117092+02|16432|test|17|168976015|0|300681027|616486942|277794832|174880517|105144864|5133821|0|0|2|2007998464|0|||0|0|53243800.984|40990753.254|797573.347|6607|0|0|0|2022-04-17 19:11:54.616203+02
604|1650219159.137392|2022-04-17 20:12:39.137392+02|16432|test|17|168984926|0|300697011|616605175|277815132|174898567|105153771|5142728|0|0|2|2007998464|0|||0|0|53262368.688|41007495.338|798688.666|6609|0|0|0|2022-04-17 19:11:54.616203+02
605|1650219160.157684|2022-04-17 20:12:40.157684+02|16432|test|17|168992622|0|300710601|616707255|277832742|174914187|105161463|5150420|0|0|2|2007998464|0|||0|0|53278425.73|41022029.998|799615.367|6611|0|0|0|2022-04-17 19:11:54.616203+02
606|1650219161.178153|2022-04-17 20:12:41.178153+02|16432|test|17|169000063|0|300723833|616805523|277849709|174929297|105168900|5157857|0|0|2|2007998464|0|||0|0|53294555.29|41036620.955|800567.273|6613|0|0|0|2022-04-17 19:11:54.616203+02
607|1650219162.198776|2022-04-17 20:12:42.198776+02|16432|test|17|169006720|0|300735724|616893137|277864886|174942839|105175553|5164510|0|0|2|2007998464|0|||0|0|53310690.792|41051362.753|801396.863|6615|0|0|0|2022-04-17 19:11:54.616203+02
608|1650219163.222299|2022-04-17 20:12:43.222299+02|16432|test|17|169014426|0|300749492|616994122|277882387|174958479|105183255|5172212|0|0|2|2007998464|0|||0|0|53327746.542|41066779.729|802391.15|6617|0|0|0|2022-04-17 19:11:54.616203+02
609|1650219164.243206|2022-04-17 20:12:44.243206+02|16432|test|17|169021133|0|300761396|617082155|277897643|174972121|105189958|5178915|0|0|2|2007998464|0|||0|0|53344063.68|41081735.613|803219.827|6619|0|0|0|2022-04-17 19:11:54.616203+02
610|1650219165.264253|2022-04-17 20:12:45.264253+02|16432|test|17|169027925|0|300773455|617171804|277913177|174985933|105196746|5185703|0|0|2|2007998464|0|||0|0|53360130.803|41096376.744|804093.021|6621|0|0|0|2022-04-17 19:11:54.616203+02
611|1650219166.284982|2022-04-17 20:12:46.284982+02|16432|test|17|169034901|0|300785875|617263304|277929031|175000113|105203718|5192675|0|0|2|2007998464|0|||0|0|53376297.099|41111059.458|804995.176|6623|0|0|0|2022-04-17 19:11:54.616203+02
612|1650219167.305566|2022-04-17 20:12:47.305566+02|16432|test|17|169041931|0|300798517|617355541|277945027|175014401|105210744|5199701|0|0|2|2007998464|0|||0|0|53392348.001|41125679.463|805850.649|6625|0|0|0|2022-04-17 19:11:54.616203+02
613|1650219168.325614|2022-04-17 20:12:48.325614+02|16432|test|17|169045807|0|300805333|617406806|277953950|175022381|105214616|5203573|0|0|2|2007998464|0|||0|0|53409203.114|41141712.887|806339.293|6627|0|0|0|2022-04-17 19:11:54.616203+02
614|1650219169.345226|2022-04-17 20:12:49.345226+02|16432|test|17|169050954|0|300814504|617474938|277965788|175032903|105219759|5208716|0|0|2|2007998464|0|||0|0|53425293.785|41156750.721|806979.546|6629|0|0|0|2022-04-17 19:11:54.616203+02
615|1650219170.365621|2022-04-17 20:12:50.365621+02|16432|test|17|169057937|0|300827003|617566774|277981688|175047097|105226738|5215695|0|0|2|2007998464|0|||0|0|53441340.406|41171292.353|807919.352|6631|0|0|0|2022-04-17 19:11:54.616203+02
616|1650219171.387175|2022-04-17 20:12:51.387175+02|16432|test|17|169065142|0|300839781|617662000|277998147|175061735|105233939|5222896|0|0|2|2007998464|0|||0|0|53457401.555|41185911.93|808795.386|6633|0|0|0|2022-04-17 19:11:54.616203+02
617|1650219172.407430|2022-04-17 20:12:52.40743+02|16432|test|17|169072302|0|300852502|617756014|278014453|175076283|105241095|5230052|0|0|2|2007998464|0|||0|0|53473699.96|41200794.52|809651.365|6635|0|0|0|2022-04-17 19:11:54.616203+02
618|1650219173.428986|2022-04-17 20:12:53.428986+02|16432|test|17|169079626|0|300865486|617852507|278031134|175091159|105248415|5237372|0|0|2|2007998464|0|||0|0|53489752.919|41215275.913|810620.162|6637|0|0|0|2022-04-17 19:11:54.616203+02
619|1650219174.449667|2022-04-17 20:12:54.449667+02|16432|test|17|169086932|0|300878558|617948728|278047777|175105999|105255717|5244674|0|0|2|2007998464|0|||0|0|53505861.708|41229830.253|811550.88|6639|0|0|0|2022-04-17 19:11:54.616203+02
620|1650219175.469414|2022-04-17 20:12:55.469414+02|16432|test|17|169094065|0|300891300|618042811|278064066|175120493|105262846|5251803|0|0|2|2007998464|0|||0|0|53521919.411|41244444.299|812422.391|6641|0|0|0|2022-04-17 19:11:54.616203+02
621|1650219176.490392|2022-04-17 20:12:56.490392+02|16432|test|17|169101304|0|300904159|618138572|278080569|175135199|105270081|5259038|0|0|2|2007998464|0|||0|0|53537970.473|41258997.686|813342.156|6643|0|0|0|2022-04-17 19:11:54.616203+02
622|1650219177.512374|2022-04-17 20:12:57.512374+02|16432|test|17|169108429|0|300916867|618232782|278096825|175149677|105277202|5266159|0|0|2|2007998464|0|||0|0|53554025.35|41273612.07|814214.385|6645|0|0|0|2022-04-17 19:11:54.616203+02
623|1650219178.533008|2022-04-17 20:12:58.533008+02|16432|test|17|169115836|0|300930232|618330778|278113669|175164719|105284605|5273562|0|0|2|2007998464|0|||0|0|53570094.166|41288116.231|815168.634|6647|0|0|0|2022-04-17 19:11:54.616203+02
624|1650219179.552946|2022-04-17 20:12:59.552946+02|16432|test|17|169123227|0|300943205|618428568|278130532|175179729|105291992|5280949|0|0|2|2007998464|0|||0|0|53586164.563|41302654.418|816103.593|6649|0|0|0|2022-04-17 19:11:54.616203+02
625|1650219180.573619|2022-04-17 20:13:00.573619+02|16432|test|17|169130913|0|300956807|618529293|278147949|175195329|105299674|5288631|0|0|2|2007998464|0|||0|0|53602715.198|41317593.916|817090.506|6651|0|0|0|2022-04-17 19:11:54.616203+02
626|1650219181.594476|2022-04-17 20:13:01.594476+02|16432|test|17|169138305|0|300970010|618626795|278164787|175210341|105307062|5296019|0|0|2|2007998464|0|||0|0|53618775.519|41332094.474|818041.507|6653|0|0|0|2022-04-17 19:11:54.616203+02
627|1650219182.613919|2022-04-17 20:13:02.613919+02|16432|test|17|169145549|0|300982923|618722539|278181279|175225057|105314302|5303259|0|0|2|2007998464|0|||0|0|53634830.483|41346725.09|818902.933|6655|0|0|0|2022-04-17 19:11:54.616203+02
628|1650219183.634154|2022-04-17 20:13:03.634154+02|16432|test|17|169152903|0|300996025|618819717|278198044|175239993|105321652|5310609|0|0|2|2007998464|0|||0|0|53650891.964|41361271.306|819819.471|6657|0|0|0|2022-04-17 19:11:54.616203+02
629|1650219184.654523|2022-04-17 20:13:04.654523+02|16432|test|17|169160396|0|301009285|618918108|278215055|175255195|105329142|5318099|0|0|2|2007998464|0|||0|0|53667148.346|41375903.596|820813.885|6658|0|0|0|2022-04-17 19:11:54.616203+02
630|1650219185.666007|2022-04-17 20:13:05.666007+02|16432|test|17|169167881|0|301022619|619016926|278233362|175270415|105336620|5325577|0|0|2|2007998464|0|||0|0|53683209.816|41390389.589|821773.277|6661|0|0|0|2022-04-17 19:11:54.616203+02
631|1650219186.687069|2022-04-17 20:13:06.687069+02|16432|test|17|169175114|0|301035414|619111618|278249729|175285109|105343849|5332806|0|0|2|2007998464|0|||0|0|53699971.282|41405677.039|822677.589|6663|0|0|0|2022-04-17 19:11:54.616203+02
632|1650219187.707261|2022-04-17 20:13:07.707261+02|16432|test|17|169182312|0|301048193|619205788|278265995|175299733|105351043|5340000|0|0|2|2007998464|0|||0|0|53716695.7|41420943.957|823566.764|6665|0|0|0|2022-04-17 19:11:54.616203+02
633|1650219188.732374|2022-04-17 20:13:08.732374+02|16432|test|17|169188776|0|301059671|619290843|278280718|175312889|105357503|5346460|0|0|2|2007998464|0|||0|0|53732429.639|41435338.859|824373.506|6667|0|0|0|2022-04-17 19:11:54.616203+02
634|1650219189.753903|2022-04-17 20:13:09.753903+02|16432|test|17|169192032|0|301065452|619333798|278288235|175319629|105360755|5349712|0|0|2|2007998464|0|||0|0|53750138.97|41452365.947|824773.25|6669|0|0|0|2022-04-17 19:11:54.616203+02
635|1650219190.775032|2022-04-17 20:13:10.775032+02|16432|test|17|169199301|0|301078520|619429802|278304795|175334395|105368020|5356977|0|0|2|2007998464|0|||0|0|53766194.204|41466912.897|825695.22|6671|0|0|0|2022-04-17 19:11:54.616203+02
636|1650219191.795534|2022-04-17 20:13:11.795534+02|16432|test|17|169207030|0|301092261|619531061|278322331|175350081|105375745|5364702|0|0|2|2007998464|0|||0|0|53782244.53|41481307.529|826712.566|6673|0|0|0|2022-04-17 19:11:54.616203+02
637|1650219192.815494|2022-04-17 20:13:12.815494+02|16432|test|17|169214703|0|301106007|619631825|278339760|175365655|105383414|5372371|0|0|2|2007998464|0|||0|0|53798308.088|41495691.331|827745.92|6675|0|0|0|2022-04-17 19:11:54.616203+02
638|1650219193.835655|2022-04-17 20:13:13.835655+02|16432|test|17|169222455|0|301119828|619733225|278357282|175381387|105391162|5380119|0|0|2|2007998464|0|||0|0|53814458.892|41510174.177|828774.951|6677|0|0|0|2022-04-17 19:11:54.616203+02
639|1650219194.855522|2022-04-17 20:13:14.855522+02|16432|test|17|169230179|0|301133593|619834070|278374745|175397063|105398882|5387839|0|0|2|2007998464|0|||0|0|53830581.01|41524677.364|829775.377|6679|0|0|0|2022-04-17 19:11:54.616203+02
640|1650219195.875379|2022-04-17 20:13:15.875379+02|16432|test|17|169237876|0|301147340|619935160|278392240|175412685|105406575|5395532|0|0|2|2007998464|0|||0|0|53846632.605|41539065.973|830797.149|6681|0|0|0|2022-04-17 19:11:54.616203+02
641|1650219196.896117|2022-04-17 20:13:16.896117+02|16432|test|17|169246342|0|301162531|620045778|278411372|175429845|105415037|5403994|0|0|2|2007998464|0|||0|0|53864227.457|41554798.48|831935.871|6683|0|0|0|2022-04-17 19:11:54.616203+02
642|1650219197.915933|2022-04-17 20:13:17.915933+02|16432|test|17|169254325|0|301176737|620150129|278429464|175446039|105423016|5411973|0|0|2|2007998464|0|||0|0|53880795.177|41569733.28|832939.546|6685|0|0|0|2022-04-17 19:11:54.616203+02
643|1650219198.935639|2022-04-17 20:13:18.935639+02|16432|test|17|169262347|0|301191095|620255113|278447590|175462311|105431034|5419991|0|0|2|2007998464|0|||0|0|53897360.086|41584596.679|833982.561|6687|0|0|0|2022-04-17 19:11:54.616203+02
644|1650219199.955451|2022-04-17 20:13:19.955451+02|16432|test|17|169270937|0|301206267|620367667|278467038|175479719|105439620|5428577|0|0|2|2007998464|0|||0|0|53914423.688|41599859.392|835083.168|6689|0|0|0|2022-04-17 19:11:54.616203+02
645|1650219200.975631|2022-04-17 20:13:20.975631+02|16432|test|17|169279563|0|301221563|620480486|278486504|175497199|105448242|5437199|0|0|2|2007998464|0|||0|0|53932504.63|41616165.954|836181.548|6691|0|0|0|2022-04-17 19:11:54.616203+02
646|1650219201.995554|2022-04-17 20:13:21.995554+02|16432|test|17|169287364|0|301235521|620583036|278504206|175513029|105456039|5444996|0|0|2|2007998464|0|||0|0|53948583.595|41630559.309|837215.249|6693|0|0|0|2022-04-17 19:11:54.616203+02
647|1650219203.015699|2022-04-17 20:13:23.015699+02|16432|test|17|169295195|0|301249318|620684975|278521879|175528919|105463866|5452823|0|0|2|2007998464|0|||0|0|53964699.12|41644949.903|838281.802|6695|0|0|0|2022-04-17 19:11:54.616203+02
648|1650219204.035432|2022-04-17 20:13:24.035432+02|16432|test|17|169303015|0|301263309|620787355|278539564|175544787|105471682|5460639|0|0|2|2007998464|0|||0|0|53980789.057|41659383.726|839295.081|6697|0|0|0|2022-04-17 19:11:54.616203+02
649|1650219205.055348|2022-04-17 20:13:25.055348+02|16432|test|17|169310828|0|301277211|620889970|278557285|175560641|105479491|5468448|0|0|2|2007998464|0|||0|0|53996924.236|41673907.041|840292.771|6699|0|0|0|2022-04-17 19:11:54.616203+02
650|1650219206.075960|2022-04-17 20:13:26.07596+02|16432|test|17|169318579|0|301291049|620991509|278574809|175576371|105487238|5476195|0|0|2|2007998464|0|||0|0|54012989.353|41688315.565|841312.462|6701|0|0|0|2022-04-17 19:11:54.616203+02
651|1650219207.096217|2022-04-17 20:13:27.096217+02|16432|test|17|169325390|0|301303198|621080592|278590213|175590221|105494045|5483002|0|0|2|2007998464|0|||0|0|54029077.587|41702930.454|842179.187|6703|0|0|0|2022-04-17 19:11:54.616203+02
652|1650219208.116717|2022-04-17 20:13:28.116717+02|16432|test|17|169332958|0|301316698|621179358|278607301|175605585|105501609|5490566|0|0|2|2007998464|0|||0|0|54045197.571|41717481.968|843136.932|6705|0|0|0|2022-04-17 19:11:54.616203+02
653|1650219209.136874|2022-04-17 20:13:29.136874+02|16432|test|17|169339849|0|301328884|621269884|278622945|175619595|105508496|5497453|0|0|2|2007998464|0|||0|0|54061348.284|41732157.669|844041.503|6707|0|0|0|2022-04-17 19:11:54.616203+02
654|1650219210.156890|2022-04-17 20:13:30.15689+02|16432|test|17|169346610|0|301340865|621358398|278638255|175633345|105515253|5504210|0|0|2|2007998464|0|||0|0|54077410.567|41746728.413|844966.1|6709|0|0|0|2022-04-17 19:11:54.616203+02
655|1650219211.177180|2022-04-17 20:13:31.17718+02|16432|test|17|169349802|0|301346615|621400417|278645618|175639957|105518441|5507398|0|0|2|2007998464|0|||0|0|54094116.121|41762758.381|845360.075|6711|0|0|0|2022-04-17 19:11:54.616203+02
656|1650219212.199183|2022-04-17 20:13:32.199183+02|16432|test|17|169354930|0|301355675|621467093|278657190|175650441|105523565|5512522|0|0|2|2007998464|0|||0|0|54110177.791|41777749.02|846015.414|6713|0|0|0|2022-04-17 19:11:54.616203+02
657|1650219213.218420|2022-04-17 20:13:33.21842+02|16432|test|17|169361688|0|301367748|621555451|278672461|175664185|105530319|5519276|0|0|2|2007998464|0|||0|0|54126277.718|41792472.058|846854.793|6715|0|0|0|2022-04-17 19:11:54.616203+02
658|1650219214.238049|2022-04-17 20:13:34.238049+02|16432|test|17|169368905|0|301380524|621649493|278688774|175678847|105537532|5526489|0|0|2|2007998464|0|||0|0|54142375.086|41807118.066|847743.058|6717|0|0|0|2022-04-17 19:11:54.616203+02
659|1650219215.258994|2022-04-17 20:13:35.258994+02|16432|test|17|169376150|0|301393461|621744379|278705142|175693565|105544773|5533730|0|0|2|2007998464|0|||0|0|54158461.975|41821746.822|848636.452|6719|0|0|0|2022-04-17 19:11:54.616203+02
660|1650219216.279083|2022-04-17 20:13:36.279083+02|16432|test|17|169383078|0|301405726|621834668|278720790|175707649|105551697|5540654|0|0|2|2007998464|0|||0|0|54174543.382|41836397.65|849513.812|6721|0|0|0|2022-04-17 19:11:54.616203+02
661|1650219217.299337|2022-04-17 20:13:37.299337+02|16432|test|17|169390958|0|301419707|621937338|278738599|175723637|105559573|5548530|0|0|2|2007998464|0|||0|0|54191647.801|41851813.31|850565.369|6723|0|0|0|2022-04-17 19:11:54.616203+02
662|1650219218.319595|2022-04-17 20:13:38.319595+02|16432|test|17|169398369|0|301432926|622033448|278755296|175738687|105566980|5555937|0|0|2|2007998464|0|||0|0|54207753.302|41866319.644|851552.298|6725|0|0|0|2022-04-17 19:11:54.616203+02
663|1650219219.339658|2022-04-17 20:13:39.339658+02|16432|test|17|169405860|0|301446264|622130968|278772162|175753897|105574467|5563424|0|0|2|2007998464|0|||0|0|54223866.485|41880837.178|852532.403|6727|0|0|0|2022-04-17 19:11:54.616203+02
664|1650219220.360456|2022-04-17 20:13:40.360456+02|16432|test|17|169413547|0|301459998|622231488|278789545|175769499|105582150|5571107|0|0|2|2007998464|0|||0|0|54239917.671|41895278.647|853532.952|6729|0|0|0|2022-04-17 19:11:54.616203+02
665|1650219221.380879|2022-04-17 20:13:41.380879+02|16432|test|17|169421519|0|301474059|622335466|278807536|175785671|105590118|5579075|0|0|2|2007998464|0|||0|0|54256971.305|41910695.606|854543.388|6731|0|0|0|2022-04-17 19:11:54.616203+02
666|1650219222.401331|2022-04-17 20:13:42.401331+02|16432|test|17|169428303|0|301486186|622423422|278822792|175799467|105596898|5585855|0|0|2|2007998464|0|||0|0|54273053.635|41925374.63|855393.479|6733|0|0|0|2022-04-17 19:11:54.616203+02
667|1650219223.421388|2022-04-17 20:13:43.421388+02|16432|test|17|169435502|0|301498916|622517022|278839020|175814093|105604093|5593050|0|0|2|2007998464|0|||0|0|54289131.474|41939936.304|856326.177|6735|0|0|0|2022-04-17 19:11:54.616203+02
668|1650219224.443033|2022-04-17 20:13:44.443033+02|16432|test|17|169442563|0|301511513|622608915|278854954|175828443|105611150|5600107|0|0|2|2007998464|0|||0|0|54305208.875|41954535.571|857234.235|6737|0|0|0|2022-04-17 19:11:54.616203+02
669|1650219225.464054|2022-04-17 20:13:45.464054+02|16432|test|17|169449950|0|301524624|622705153|278871622|175843445|105618533|5607490|0|0|2|2007998464|0|||0|0|54321351.376|41969159.324|858169.15|6739|0|0|0|2022-04-17 19:11:54.616203+02
670|1650219226.484417|2022-04-17 20:13:46.484417+02|16432|test|17|169457632|0|301538189|622804979|278888904|175859037|105626211|5615168|0|0|2|2007998464|0|||0|0|54337934.111|41984158.142|859146.402|6741|0|0|0|2022-04-17 19:11:54.616203+02
671|1650219227.505577|2022-04-17 20:13:47.505577+02|16432|test|17|169465320|0|301551963|622904939|278906211|175874641|105633895|5622852|0|0|2|2007998464|0|||0|0|54354483.107|41999100.963|860145.848|6743|0|0|0|2022-04-17 19:11:54.616203+02
672|1650219228.525515|2022-04-17 20:13:48.525515+02|16432|test|17|169472670|0|301564891|622999920|278922712|175889569|105641241|5630198|0|0|2|2007998464|0|||0|0|54370572.267|42013622.649|861106.056|6745|0|0|0|2022-04-17 19:11:54.616203+02
673|1650219229.545946|2022-04-17 20:13:49.545946+02|16432|test|17|169479921|0|301577734|623094167|278939037|175904299|105648488|5637445|0|0|2|2007998464|0|||0|0|54386631.19|42028118.482|862072.219|6747|0|0|0|2022-04-17 19:11:54.616203+02
674|1650219230.566026|2022-04-17 20:13:50.566026+02|16432|test|17|169487250|0|301590783|623189372|278955564|175919185|105655813|5644770|0|0|2|2007998464|0|||0|0|54402706.201|42042666.485|863012.743|6749|0|0|0|2022-04-17 19:11:54.616203+02
675|1650219231.586004|2022-04-17 20:13:51.586004+02|16432|test|17|169493989|0|301602737|623277362|278970800|175932891|105662548|5651505|0|0|2|2007998464|0|||0|0|54418832.001|42057330.051|863904.133|6751|0|0|0|2022-04-17 19:11:54.616203+02
676|1650219232.606917|2022-04-17 20:13:52.606917+02|16432|test|17|169500972|0|301615090|623367701|278986497|175947085|105669527|5658484|0|0|2|2007998464|0|||0|0|54434881.37|42071991.124|864744.981|6753|0|0|0|2022-04-17 19:11:54.616203+02
677|1650219233.627758|2022-04-17 20:13:53.627758+02|16432|test|17|169508503|0|301628516|623465606|279003488|175962375|105677054|5666011|0|0|2|2007998464|0|||0|0|54450938.978|42086481.777|865707.772|6755|0|0|0|2022-04-17 19:11:54.616203+02
678|1650219234.648910|2022-04-17 20:13:54.64891+02|16432|test|17|169513845|0|301638027|623535062|279015532|175973287|105682392|5671349|0|0|2|2007998464|0|||0|0|54467566.142|42101906.928|866438.27|6757|0|0|0|2022-04-17 19:11:54.616203+02
679|1650219235.669210|2022-04-17 20:13:55.66921+02|16432|test|17|169517695|0|301644790|623585211|279024311|175981215|105686238|5675195|0|0|2|2007998464|0|||0|0|54483858.498|42117414.042|866905.569|6759|0|0|0|2022-04-17 19:11:54.616203+02
680|1650219236.689186|2022-04-17 20:13:56.689186+02|16432|test|17|169525088|0|301657880|623681221|279040970|175996229|105693627|5682584|0|0|2|2007998464|0|||0|0|54499915.301|42131966.421|867826.142|6761|0|0|0|2022-04-17 19:11:54.616203+02
681|1650219237.709099|2022-04-17 20:13:57.709099+02|16432|test|17|169533489|0|301672934|623790172|279059858|176013259|105702024|5690981|0|0|2|2007998464|0|||0|0|54517480.534|42147781.23|868891.253|6763|0|0|0|2022-04-17 19:11:54.616203+02
682|1650219238.729666|2022-04-17 20:13:58.729666+02|16432|test|17|169542149|0|301688429|623902391|279079333|176030807|105710680|5699637|0|0|2|2007998464|0|||0|0|54536058.132|42164499.838|870046.068|6765|0|0|0|2022-04-17 19:11:54.616203+02
683|1650219239.750557|2022-04-17 20:13:59.750557+02|16432|test|17|169550520|0|301703299|624010505|279098064|176047777|105719047|5708004|0|0|2|2007998464|0|||0|0|54552157.282|42178781.37|871158.727|6767|0|0|0|2022-04-17 19:11:54.616203+02
684|1650219240.772582|2022-04-17 20:14:00.772582+02|16432|test|17|169558565|0|301717494|624114940|279116208|176064095|105727088|5716045|0|0|2|2007998464|0|||0|0|54568223.984|42193086.914|872244.852|6769|0|0|0|2022-04-17 19:11:54.616203+02
685|1650219241.793657|2022-04-17 20:14:01.793657+02|16432|test|17|169566902|0|301732381|624223223|279134969|176080997|105735421|5724378|0|0|2|2007998464|0|||0|0|54584282.371|42207315.454|873378.204|6771|0|0|0|2022-04-17 19:11:54.616203+02
686|1650219242.814327|2022-04-17 20:14:02.814327+02|16432|test|17|169573064|0|301743369|624302848|279148835|176093549|105741579|5730536|0|0|2|2007998464|0|||0|0|54601464.61|42223180.746|874160.418|6773|0|0|0|2022-04-17 19:11:54.616203+02
687|1650219243.834852|2022-04-17 20:14:03.834852+02|16432|test|17|169580315|0|301756314|624396196|279165107|176108279|105748826|5737783|0|0|2|2007998464|0|||0|0|54616558.99|42236771.828|875080.632|6775|0|0|0|2022-04-17 19:11:54.616203+02
688|1650219244.855387|2022-04-17 20:14:04.855387+02|16432|test|18|169586195|0|301766714|624472410|279178342|176120255|105754703|5743660|0|0|2|2007998464|0|||0|0|54628605.856|42247574.455|875855.453|6776|0|0|0|2022-04-17 19:11:54.616203+02
689|1650219245.865325|2022-04-17 20:14:05.865325+02|16432|test|18|169595120|0|301782580|624588250|279198394|176138345|105763623|5752580|0|0|2|2007998464|0|||0|0|54649671.535|42266567.402|877118.364|6779|0|0|0|2022-04-17 19:11:54.616203+02
690|1650219246.885193|2022-04-17 20:14:06.885193+02|16432|test|17|169602416|0|301824335|624684163|279216379|176153514|105770911|5759874|0|0|2|2007998464|0|||0|0|54665826.656|42281026.155|878148.955|6781|0|0|0|2022-04-17 19:11:54.616203+02
691|1650219247.905113|2022-04-17 20:14:07.905113+02|16432|test|17|169610170|0|301838123|624784437|279233797|176169250|105778661|5767624|0|0|2|2007998464|0|||0|0|54681879.306|42295387.897|879190.161|6783|0|0|0|2022-04-17 19:11:54.616203+02
692|1650219248.925345|2022-04-17 20:14:08.925345+02|16432|test|17|169617737|0|301851754|624882258|279250767|176184612|105786224|5775187|0|0|2|2007998464|0|||0|0|54697919.514|42309775.323|880198.182|6785|0|0|0|2022-04-17 19:11:54.616203+02
693|1650219249.945567|2022-04-17 20:14:09.945567+02|16432|test|17|169625087|0|301864728|624976847|279267251|176199540|105793570|5782533|0|0|2|2007998464|0|||0|0|54713963.848|42324232.349|881167.398|6787|0|0|0|2022-04-17 19:11:54.616203+02
694|1650219250.966039|2022-04-17 20:14:10.966039+02|16432|test|17|169632524|0|301877945|625073079|279283939|176214642|105801003|5789966|0|0|2|2007998464|0|||0|0|54730044.714|42338719.786|882141.188|6789|0|0|0|2022-04-17 19:11:54.616203+02
695|1650219251.985871|2022-04-17 20:14:11.985871+02|16432|test|17|169640619|0|301892396|625178009|279302139|176231060|105809094|5798057|0|0|2|2007998464|0|||0|0|54747662.872|42354586.088|883226.315|6791|0|0|0|2022-04-17 19:11:54.616203+02
696|1650219253.005669|2022-04-17 20:14:13.005669+02|16432|test|17|169648318|0|301906070|625277651|279319405|176246686|105816789|5805752|0|0|2|2007998464|0|||0|0|54763719.983|42369042.841|884200.827|6793|0|0|0|2022-04-17 19:11:54.616203+02
697|1650219254.027705|2022-04-17 20:14:14.027705+02|16432|test|17|169655543|0|301918892|625371428|279335660|176261364|105824010|5812973|0|0|2|2007998464|0|||0|0|54779779.92|42383581.715|885134.916|6795|0|0|0|2022-04-17 19:11:54.616203+02
698|1650219255.047199|2022-04-17 20:14:15.047199+02|16432|test|17|169663039|0|301932221|625468194|279352444|176276584|105831502|5820465|0|0|2|2007998464|0|||0|0|54795828.425|42398012.263|886135.824|6797|0|0|0|2022-04-17 19:11:54.616203+02
699|1650219256.067662|2022-04-17 20:14:16.067662+02|16432|test|17|169670141|0|301944771|625560006|279368359|176291016|105838600|5827563|0|0|2|2007998464|0|||0|0|54811966.3|42412563.691|887128.804|6799|0|0|0|2022-04-17 19:11:54.616203+02
700|1650219257.091159|2022-04-17 20:14:17.091159+02|16432|test|17|169674180|0|301951948|625612415|279377551|176299322|105842635|5831598|0|0|2|2007998464|0|||0|0|54828116.422|42427854.98|887644.886|6801|0|0|0|2022-04-17 19:11:54.616203+02
701|1650219258.110909|2022-04-17 20:14:18.110909+02|16432|test|17|169682094|0|301966063|625714971|279395318|176315378|105850545|5839508|0|0|2|2007998464|0|||0|0|54844712.073|42442733.023|888705.499|6803|0|0|0|2022-04-17 19:11:54.616203+02
702|1650219259.130600|2022-04-17 20:14:19.1306+02|16432|test|17|169690006|0|301980245|625817119|279413034|176331430|105858453|5847416|0|0|2|2007998464|0|||0|0|54860788.983|42457082.282|889777.242|6805|0|0|0|2022-04-17 19:11:54.616203+02
703|1650219260.151443|2022-04-17 20:14:20.151443+02|16432|test|17|169698337|0|301994970|625924406|279431710|176348320|105866780|5855743|0|0|2|2007998464|0|||0|0|54877366.947|42471809.361|890924.422|6807|0|0|0|2022-04-17 19:11:54.616203+02
704|1650219261.171437|2022-04-17 20:14:21.171437+02|16432|test|17|169706375|0|302009252|626027452|279449657|176364624|105874814|5863777|0|0|2|2007998464|0|||0|0|54893423.397|42486152.447|891978.412|6809|0|0|0|2022-04-17 19:11:54.616203+02
705|1650219262.191530|2022-04-17 20:14:22.19153+02|16432|test|17|169714505|0|302023722|626132451|279467855|176381112|105882940|5871903|0|0|2|2007998464|0|||0|0|54910005.853|42500942.541|893090.294|6811|0|0|0|2022-04-17 19:11:54.616203+02
706|1650219263.211776|2022-04-17 20:14:23.211776+02|16432|test|17|169722497|0|302037950|626235344|279485708|176397324|105890928|5879891|0|0|2|2007998464|0|||0|0|54926065.496|42515292.908|894164.139|6813|0|0|0|2022-04-17 19:11:54.616203+02
707|1650219264.231927|2022-04-17 20:14:24.231927+02|16432|test|17|169730454|0|302052016|626337609|279503477|176413466|105898881|5887844|0|0|2|2007998464|0|||0|0|54942124.546|42529627.604|895230.399|6815|0|0|0|2022-04-17 19:11:54.616203+02
708|1650219265.251638|2022-04-17 20:14:25.251638+02|16432|test|17|169738241|0|302065943|626438086|279520933|176429268|105906664|5895627|0|0|2|2007998464|0|||0|0|54958184.352|42544012.062|896272.534|6817|0|0|0|2022-04-17 19:11:54.616203+02
709|1650219266.272101|2022-04-17 20:14:26.272101+02|16432|test|17|169745934|0|302079765|626537125|279538171|176444882|105914353|5903316|0|0|2|2007998464|0|||0|0|54974249.615|42558402.68|897297.703|6819|0|0|0|2022-04-17 19:11:54.616203+02
710|1650219267.294183|2022-04-17 20:14:27.294183+02|16432|test|17|169753947|0|302094030|626640238|279556093|176461136|105922362|5911325|0|0|2|2007998464|0|||0|0|54990832.367|42573281.307|898354.711|6821|0|0|0|2022-04-17 19:11:54.616203+02
711|1650219268.315987|2022-04-17 20:14:28.315987+02|16432|test|17|169763647|0|302111407|626764787|279577683|176480764|105932058|5921021|0|0|2|2007998464|0|||0|0|55010418.463|42590801.762|899631.32|6823|0|0|0|2022-04-17 19:11:54.616203+02
712|1650219269.337312|2022-04-17 20:14:29.337312+02|16432|test|17|169771456|0|302125263|626865219|279595155|176496610|105939863|5928826|0|0|2|2007998464|0|||0|0|55026592.534|42605311.958|900667.041|6825|0|0|0|2022-04-17 19:11:54.616203+02
713|1650219270.357847|2022-04-17 20:14:30.357847+02|16432|test|17|169779117|0|302138799|626963376|279612220|176512160|105947520|5936483|0|0|2|2007998464|0|||0|0|55042640.713|42619691.838|901705|6827|0|0|0|2022-04-17 19:11:54.616203+02
714|1650219271.378468|2022-04-17 20:14:31.378468+02|16432|test|17|169787000|0|302152811|627064474|279629797|176528154|105955399|5944362|0|0|2|2007998464|0|||0|0|55058709.721|42634232.773|902640.458|6829|0|0|0|2022-04-17 19:11:54.616203+02
715|1650219272.398224|2022-04-17 20:14:32.398224+02|16432|test|17|169794896|0|302166872|627165810|279647412|176544174|105963291|5952254|0|0|2|2007998464|0|||0|0|55074775.762|42648662.412|903653.294|6831|0|0|0|2022-04-17 19:11:54.616203+02
716|1650219273.419212|2022-04-17 20:14:33.419212+02|16432|test|17|169802438|0|302180345|627262744|279664298|176559486|105970829|5959792|0|0|2|2007998464|0|||0|0|55090838.127|42663119.818|904641.931|6833|0|0|0|2022-04-17 19:11:54.616203+02
717|1650219274.438727|2022-04-17 20:14:34.438727+02|16432|test|17|169809389|0|302192785|627352403|279679878|176573616|105977776|5966739|0|0|2|2007998464|0|||0|0|55106973.968|42677805.119|905547.89|6835|0|0|0|2022-04-17 19:11:54.616203+02
718|1650219275.459347|2022-04-17 20:14:35.459347+02|16432|test|17|169817437|0|302207188|627456079|279697864|176589940|105985820|5974783|0|0|2|2007998464|0|||0|0|55123546.534|42692726.618|906560.422|6837|0|0|0|2022-04-17 19:11:54.616203+02
719|1650219276.480666|2022-04-17 20:14:36.480666+02|16432|test|17|169825053|0|302220706|627553768|279714870|176605400|105993432|5982395|0|0|2|2007998464|0|||0|0|55139616.958|42707191.921|907559.504|6839|0|0|0|2022-04-17 19:11:54.616203+02
720|1650219277.501641|2022-04-17 20:14:37.501641+02|16432|test|17|169832214|0|302233473|627645406|279730818|176619950|106000589|5989552|0|0|2|2007998464|0|||0|0|55155713.428|42721790.976|908477.127|6841|0|0|0|2022-04-17 19:11:54.616203+02
721|1650219278.523054|2022-04-17 20:14:38.523054+02|16432|test|17|169840273|0|302247804|627748816|279748794|176636296|106008644|5997607|0|0|2|2007998464|0|||0|0|55172279.548|42736639.659|909542.987|6843|0|0|0|2022-04-17 19:11:54.616203+02
722|1650219279.544095|2022-04-17 20:14:39.544095+02|16432|test|17|169844672|0|302255666|627805230|279758685|176645322|106013039|6002002|0|0|2|2007998464|0|||0|0|55188516.589|42751971.929|910090.623|6845|0|0|0|2022-04-17 19:11:54.616203+02
723|1650219280.563831|2022-04-17 20:14:40.563831+02|16432|test|17|169849241|0|302263851|627863895|279768944|176654688|106017604|6006567|0|0|2|2007998464|0|||0|0|55204645.817|42767159.835|910664.57|6847|0|0|0|2022-04-17 19:11:54.616203+02
724|1650219281.584428|2022-04-17 20:14:41.584428+02|16432|test|17|169856447|0|302276580|627955554|279784951|176669328|106024806|6013769|0|0|2|2007998464|0|||0|0|55220721.57|42781810.638|911545.643|6849|0|0|0|2022-04-17 19:11:54.616203+02
725|1650219282.604757|2022-04-17 20:14:42.604757+02|16432|test|17|169864034|0|302290075|628052856|279801869|176684730|106032389|6021352|0|0|2|2007998464|0|||0|0|55236781.209|42796180.81|912595.389|6851|0|0|0|2022-04-17 19:11:54.616203+02
726|1650219283.624702|2022-04-17 20:14:43.624702+02|16432|test|17|169871805|0|302303849|628152379|279819188|176700500|106040156|6029119|0|0|2|2007998464|0|||0|0|55252877.256|42810671.762|913588.475|6853|0|0|0|2022-04-17 19:11:54.616203+02
727|1650219284.646168|2022-04-17 20:14:44.646168+02|16432|test|17|169879845|0|302318148|628255697|279837145|176716808|106048192|6037155|0|0|2|2007998464|0|||0|0|55269439.781|42825485.529|914664.472|6855|0|0|0|2022-04-17 19:11:54.616203+02
728|1650219285.666374|2022-04-17 20:14:45.666374+02|16432|test|17|169887584|0|302331878|628354701|279854381|176732514|106055927|6044890|0|0|2|2007998464|0|||0|0|55285532.004|42839893.027|915714.626|6857|0|0|0|2022-04-17 19:11:54.616203+02
729|1650219286.687537|2022-04-17 20:14:46.687537+02|16432|test|17|169895335|0|302345652|628453793|279871643|176748244|106063674|6052637|0|0|2|2007998464|0|||0|0|55301607.852|42854298.915|916747.36|6859|0|0|0|2022-04-17 19:11:54.616203+02
730|1650219287.708610|2022-04-17 20:14:47.70861+02|16432|test|17|169903723|0|302360613|628561738|279890380|176765248|106072058|6061021|0|0|2|2007998464|0|||0|0|55318704.315|42869536.616|917894.177|6861|0|0|0|2022-04-17 19:11:54.616203+02
731|1650219288.729572|2022-04-17 20:14:48.729572+02|16432|test|17|169911854|0|302375069|628665711|279908490|176781738|106080185|6069148|0|0|2|2007998464|0|||0|0|55335315.802|42884403.89|918983.107|6863|0|0|0|2022-04-17 19:11:54.616203+02
732|1650219289.749556|2022-04-17 20:14:49.749556+02|16432|test|17|169919738|0|302389023|628766952|279926077|176797734|106088065|6077028|0|0|2|2007998464|0|||0|0|55351383.077|42898756.124|920043.856|6865|0|0|0|2022-04-17 19:11:54.616203+02
733|1650219290.770360|2022-04-17 20:14:50.77036+02|16432|test|17|169927182|0|302402360|628862324|279942671|176812850|106095505|6084468|0|0|2|2007998464|0|||0|0|55367466.695|42913170.141|921075.248|6867|0|0|0|2022-04-17 19:11:54.616203+02
734|1650219291.791645|2022-04-17 20:14:51.791645+02|16432|test|17|169934827|0|302415998|628959962|279959704|176828368|106103146|6092109|0|0|2|2007998464|0|||0|0|55383519.139|42927603.443|922085.906|6869|0|0|0|2022-04-17 19:11:54.616203+02
735|1650219292.812448|2022-04-17 20:14:52.812448+02|16432|test|17|169942619|0|302429769|629059758|279977047|176844180|106110934|6099897|0|0|2|2007998464|0|||0|0|55400113.613|42942502.744|923139.585|6871|0|0|0|2022-04-17 19:11:54.616203+02
736|1650219293.832477|2022-04-17 20:14:53.832477+02|16432|test|17|169949934|0|302442854|629153561|279993363|176859038|106118245|6107208|0|0|2|2007998464|0|||0|0|55416190.348|42956955.845|924144.275|6873|0|0|0|2022-04-17 19:11:54.616203+02
737|1650219294.853734|2022-04-17 20:14:54.853734+02|16432|test|17|169957526|0|302456361|629250346|280010231|176874450|106125833|6114796|0|0|2|2007998464|0|||0|0|55432245.666|42971393.786|925150.04|6875|0|0|0|2022-04-17 19:11:54.616203+02
738|1650219295.877511|2022-04-17 20:14:55.877511+02|16432|test|17|169965681|0|302470852|629354621|280028379|176890988|106133984|6122947|0|0|2|2007998464|0|||0|0|55448822.614|42986154.841|926282.102|6877|0|0|0|2022-04-17 19:11:54.616203+02
739|1650219296.898358|2022-04-17 20:14:56.898358+02|16432|test|17|169973663|0|302485181|629456331|280046112|176907180|106141962|6130925|0|0|2|2007998464|0|||0|0|55466426.741|43002081.342|927312.004|6879|0|0|0|2022-04-17 19:11:54.616203+02
740|1650219297.918653|2022-04-17 20:14:57.918653+02|16432|test|17|169980949|0|302498201|629549689|280062364|176921980|106149244|6138207|0|0|2|2007998464|0|||0|0|55483019.836|43017092.749|928275.101|6881|0|0|0|2022-04-17 19:11:54.616203+02
741|1650219298.939480|2022-04-17 20:14:58.93948+02|16432|test|17|169987840|0|302510447|629637424|280077668|176935990|106156131|6145094|0|0|2|2007998464|0|||0|0|55499143.287|43031792.712|929142.565|6883|0|0|0|2022-04-17 19:11:54.616203+02
742|1650219299.959744|2022-04-17 20:14:59.959744+02|16432|test|17|169995905|0|302524866|629740588|280095616|176952348|106164192|6153155|0|0|2|2007998464|0|||0|0|55517251.077|43048135.466|930235.448|6885|0|0|0|2022-04-17 19:11:54.616203+02
743|1650219300.979268|2022-04-17 20:15:00.979268+02|16432|test|17|170002983|0|302537633|629831423|280111411|176966732|106171266|6160229|0|0|2|2007998464|0|||0|0|55533321.896|43062699.378|931166.756|6887|0|0|0|2022-04-17 19:11:54.616203+02
744|1650219302.000038|2022-04-17 20:15:02.000038+02|16432|test|17|170005441|0|302541994|629863023|280117028|176971876|106173720|6162683|0|0|2|2007998464|0|||0|0|55549915.108|43078725.541|931502.849|6889|0|0|0|2022-04-17 19:11:54.616203+02
745|1650219303.024287|2022-04-17 20:15:03.024287+02|16432|test|17|170011311|0|302552348|629938087|280130166|176983844|106179586|6168549|0|0|2|2007998464|0|||0|0|55565970.171|43093489.799|932300.066|6891|0|0|0|2022-04-17 19:11:54.616203+02
746|1650219304.044904|2022-04-17 20:15:04.044904+02|16432|test|17|170018851|0|302565680|630034500|280146935|176999152|106187122|6176085|0|0|2|2007998464|0|||0|0|55582053.16|43107968.627|933296.956|6893|0|0|0|2022-04-17 19:11:54.616203+02
747|1650219305.064456|2022-04-17 20:15:05.064456+02|16432|test|18|170023237|0|302573602|630090842|280156787|177008140|106191505|6180468|0|0|2|2007998464|0|||0|0|55591089.77|43116070.863|933866.011|6894|0|0|0|2022-04-17 19:11:54.616203+02
748|1650219306.073581|2022-04-17 20:15:06.073581+02|16432|test|18|170034200|0|302593174|630230114|280181080|177030306|106202463|6191426|0|0|2|2007998464|0|||0|0|55614156.414|43136584.49|935457.721|6897|0|0|0|2022-04-17 19:11:54.616203+02
749|1650219307.093468|2022-04-17 20:15:07.093468+02|16432|test|17|170042440|0|302621792|630355936|280200816|177047177|106210695|6199658|0|0|2|2007998464|0|||0|0|55630242.035|43150765.342|936637.09|6899|0|0|0|2022-04-17 19:11:54.616203+02
750|1650219308.113915|2022-04-17 20:15:08.113915+02|16432|test|17|170050260|0|302635640|630455613|280218176|177063045|106218511|6207474|0|0|2|2007998464|0|||0|0|55646304.883|43165135.284|937686.082|6901|0|0|0|2022-04-17 19:11:54.616203+02
751|1650219309.134940|2022-04-17 20:15:09.13494+02|16432|test|17|170056637|0|302647014|630536720|280232335|177076027|106224884|6213847|0|0|2|2007998464|0|||0|0|55662677.199|43180084.087|938553.781|6903|0|0|0|2022-04-17 19:11:54.616203+02
752|1650219310.154536|2022-04-17 20:15:10.154536+02|16432|test|17|170063354|0|302659070|630622638|280247328|177089689|106231597|6220560|0|0|2|2007998464|0|||0|0|55678720.182|43194744.659|939385.649|6905|0|0|0|2022-04-17 19:11:54.616203+02
753|1650219311.173993|2022-04-17 20:15:11.173993+02|16432|test|17|170071019|0|302672611|630720287|280264341|177105247|106239258|6228221|0|0|2|2007998464|0|||0|0|55694784.85|43209080.092|940466.611|6907|0|0|0|2022-04-17 19:11:54.616203+02
754|1650219312.193457|2022-04-17 20:15:12.193457+02|16432|test|17|170079439|0|302687651|630828024|280283070|177122315|106247674|6236637|0|0|2|2007998464|0|||0|0|55711835.116|43224286.73|941616.413|6909|0|0|0|2022-04-17 19:11:54.616203+02
755|1650219313.213061|2022-04-17 20:15:13.213061+02|16432|test|17|170087626|0|302702206|630932021|280301238|177138917|106255857|6244820|0|0|2|2007998464|0|||0|0|55727880.879|43238559.142|942722.771|6911|0|0|0|2022-04-17 19:11:54.616203+02
756|1650219314.232648|2022-04-17 20:15:14.232648+02|16432|test|17|170095364|0|302715978|631030598|280318429|177154621|106263591|6252554|0|0|2|2007998464|0|||0|0|55743941.656|43252938.143|943771.914|6913|0|0|0|2022-04-17 19:11:54.616203+02
757|1650219315.253474|2022-04-17 20:15:15.253474+02|16432|test|17|170103571|0|302730537|631135017|280336628|177171263|106271794|6260757|0|0|2|2007998464|0|||0|0|55759991.715|43267116.928|944941.732|6915|0|0|0|2022-04-17 19:11:54.616203+02
758|1650219316.273969|2022-04-17 20:15:16.273969+02|16432|test|17|170111469|0|302744737|631235501|280354123|177187287|106279688|6268651|0|0|2|2007998464|0|||0|0|55776065.449|43281447.667|946021.742|6917|0|0|0|2022-04-17 19:11:54.616203+02
759|1650219317.293622|2022-04-17 20:15:17.293622+02|16432|test|17|170119616|0|302759237|631339091|280372213|177203809|106287831|6276794|0|0|2|2007998464|0|||0|0|55792116.033|43295668.971|947163.978|6919|0|0|0|2022-04-17 19:11:54.616203+02
760|1650219318.313532|2022-04-17 20:15:18.313532+02|16432|test|17|170127727|0|302773695|631442116|280390193|177220259|106295938|6284901|0|0|2|2007998464|0|||0|0|55808678.518|43310448.49|948272.413|6921|0|0|0|2022-04-17 19:11:54.616203+02
761|1650219319.333503|2022-04-17 20:15:19.333503+02|16432|test|17|170135645|0|302787803|631542868|280407770|177236323|106303852|6292815|0|0|2|2007998464|0|||0|0|55824239.711|43324257.859|949374.251|6923|0|0|0|2022-04-17 19:11:54.616203+02
762|1650219320.352954|2022-04-17 20:15:20.352954+02|16432|test|17|170144196|0|302803099|631651616|280426731|177253653|106312399|6301362|0|0|2|2007998464|0|||0|0|55841314.026|43339481.475|950524.428|6925|0|0|0|2022-04-17 19:11:54.616203+02
763|1650219321.373028|2022-04-17 20:15:21.373028+02|16432|test|17|170152184|0|302817272|631752888|280444388|177269857|106320383|6309346|0|0|2|2007998464|0|||0|0|55857949.629|43354315.702|951640.331|6927|0|0|0|2022-04-17 19:11:54.616203+02
764|1650219322.393693|2022-04-17 20:15:22.393693+02|16432|test|17|170160021|0|302831256|631852453|280461740|177285759|106328216|6317179|0|0|2|2007998464|0|||0|0|55874522.9|43369199.993|952686.145|6929|0|0|0|2022-04-17 19:11:54.616203+02
765|1650219323.414177|2022-04-17 20:15:23.414177+02|16432|test|17|170167501|0|302844480|631947534|280478357|177300947|106335692|6324655|0|0|2|2007998464|0|||0|0|55890582.433|43383555.634|953747.451|6931|0|0|0|2022-04-17 19:11:54.616203+02
766|1650219324.434297|2022-04-17 20:15:24.434297+02|16432|test|17|170174998|0|302857851|632042661|280494990|177316169|106343185|6332148|0|0|2|2007998464|0|||0|0|55906665.142|43397989.174|954765.454|6933|0|0|0|2022-04-17 19:11:54.616203+02
767|1650219325.454459|2022-04-17 20:15:25.454459+02|16432|test|17|170183065|0|302872229|632144545|280512836|177332531|106351248|6340211|0|0|2|2007998464|0|||0|0|55923220.738|43412797.816|955858.917|6935|0|0|0|2022-04-17 19:11:54.616203+02
768|1650219326.474173|2022-04-17 20:15:26.474173+02|16432|test|17|170191299|0|302886996|632248906|280530999|177349227|106359478|6348441|0|0|2|2007998464|0|||0|0|55939768.868|43427532.813|956975.424|6937|0|0|0|2022-04-17 19:11:54.616203+02
769|1650219327.496747|2022-04-17 20:15:27.496747+02|16432|test|17|170198415|0|302899550|632339059|280546783|177363687|106366590|6355553|0|0|2|2007998464|0|||0|0|55955833.39|43442062.749|957937.264|6939|0|0|0|2022-04-17 19:11:54.616203+02
770|1650219328.516785|2022-04-17 20:15:28.516785+02|16432|test|17|170205915|0|302912841|632434065|280563390|177378915|106374086|6363049|0|0|2|2007998464|0|||0|0|55971906.293|43456533.963|958925.681|6941|0|0|0|2022-04-17 19:11:54.616203+02
771|1650219329.538378|2022-04-17 20:15:29.538378+02|16432|test|17|170212776|0|302924983|632520927|280578599|177392865|106380943|6369906|0|0|2|2007998464|0|||0|0|55987983.302|43471168.329|959826.651|6943|0|0|0|2022-04-17 19:11:54.616203+02
772|1650219330.558844|2022-04-17 20:15:30.558844+02|16432|test|17|170219188|0|302936464|632602032|280592795|177405917|106387351|6376314|0|0|2|2007998464|0|||0|0|56004077.32|43485841.986|960696.633|6945|0|0|0|2022-04-17 19:11:54.616203+02
773|1650219331.579293|2022-04-17 20:15:31.579293+02|16432|test|17|170226753|0|302949908|632698094|280609550|177421275|106394912|6383875|0|0|2|2007998464|0|||0|0|56020635.992|43500765.636|961703.753|6947|0|0|0|2022-04-17 19:11:54.616203+02
774|1650219332.599481|2022-04-17 20:15:32.599481+02|16432|test|17|170233351|0|302961617|632781387|280624130|177434699|106401506|6390469|0|0|2|2007998464|0|||0|0|56037239.131|43515952.762|962583.342|6949|0|0|0|2022-04-17 19:11:54.616203+02
775|1650219333.619917|2022-04-17 20:15:33.619917+02|16432|test|17|170237330|0|302968721|632832396|280633107|177442885|106405481|6394444|0|0|2|2007998464|0|||0|0|56056593.926|43534480.391|963079.037|6951|0|0|0|2022-04-17 19:11:54.616203+02
776|1650219334.639969|2022-04-17 20:15:34.639969+02|16432|test|17|170244979|0|302982372|632929437|280650027|177458411|106413126|6402089|0|0|2|2007998464|0|||0|0|56072643.314|43548873.259|964108.609|6953|0|0|0|2022-04-17 19:11:54.616203+02
777|1650219335.660114|2022-04-17 20:15:35.660114+02|16432|test|17|170252364|0|302995510|633023074|280666374|177473409|106420507|6409470|0|0|2|2007998464|0|||0|0|56088785.861|43563482.068|965048.456|6955|0|0|0|2022-04-17 19:11:54.616203+02
778|1650219336.680399|2022-04-17 20:15:36.680399+02|16432|test|17|170260022|0|303009136|633119574|280683269|177488953|106428161|6417124|0|0|2|2007998464|0|||0|0|56104866.574|43577901.892|966092.026|6957|0|0|0|2022-04-17 19:11:54.616203+02
779|1650219337.700601|2022-04-17 20:15:37.700601+02|16432|test|17|170267843|0|303023017|633218835|280700566|177504823|106435978|6424941|0|0|2|2007998464|0|||0|0|56120994.128|43592347.697|967138.447|6959|0|0|0|2022-04-17 19:11:54.616203+02
780|1650219338.721058|2022-04-17 20:15:38.721058+02|16432|test|17|170275913|0|303037551|633321495|280718441|177521191|106444044|6433007|0|0|2|2007998464|0|||0|0|56137044.388|43606604.132|968267.624|6961|0|0|0|2022-04-17 19:11:54.616203+02
781|1650219339.741614|2022-04-17 20:15:39.741614+02|16432|test|17|170284185|0|303052199|633425601|280736686|177537963|106452312|6441275|0|0|2|2007998464|0|||0|0|56153131.5|43620830.307|969436.164|6963|0|0|0|2022-04-17 19:11:54.616203+02
782|1650219340.761853|2022-04-17 20:15:40.761853+02|16432|test|17|170292573|0|303067159|633531946|280755253|177554967|106460696|6449659|0|0|2|2007998464|0|||0|0|56169190.195|43635106.091|970543.445|6965|0|0|0|2022-04-17 19:11:54.616203+02
783|1650219341.782786|2022-04-17 20:15:41.782786+02|16432|test|17|170300109|0|303080501|633627667|280771965|177570267|106468228|6457191|0|0|2|2007998464|0|||0|0|56185251.859|43649540.719|971552.646|6967|0|0|0|2022-04-17 19:11:54.616203+02
784|1650219342.802813|2022-04-17 20:15:42.802813+02|16432|test|17|170308264|0|303095106|633730831|280789989|177586805|106476379|6465342|0|0|2|2007998464|0|||0|0|56201308.421|43663840.843|972646.998|6969|0|0|0|2022-04-17 19:11:54.616203+02
785|1650219343.823311|2022-04-17 20:15:43.823311+02|16432|test|17|170316454|0|303109767|633834681|280808137|177603413|106484565|6473528|0|0|2|2007998464|0|||0|0|56217889.104|43678671.076|973747.857|6971|0|0|0|2022-04-17 19:11:54.616203+02
786|1650219344.845996|2022-04-17 20:15:44.845996+02|16432|test|17|170324437|0|303124015|633935378|280825735|177619607|106492544|6481507|0|0|2|2007998464|0|||0|0|56234007.804|43692994.875|974873.169|6973|0|0|0|2022-04-17 19:11:54.616203+02
787|1650219345.866313|2022-04-17 20:15:45.866313+02|16432|test|17|170332434|0|303138232|634036912|280843447|177635829|106500537|6489500|0|0|2|2007998464|0|||0|0|56250553.987|43707763.316|975975.77|6975|0|0|0|2022-04-17 19:11:54.616203+02
788|1650219346.887122|2022-04-17 20:15:46.887122+02|16432|test|17|170340202|0|303152078|634135375|280860606|177651593|106508301|6497264|0|0|2|2007998464|0|||0|0|56266630.554|43722101.835|977073.072|6977|0|0|0|2022-04-17 19:11:54.616203+02
789|1650219347.907570|2022-04-17 20:15:47.90757+02|16432|test|17|170347727|0|303165495|634230274|280877219|177666871|106515822|6504785|0|0|2|2007998464|0|||0|0|56282699.705|43736572.273|978057.573|6979|0|0|0|2022-04-17 19:11:54.616203+02
790|1650219348.927956|2022-04-17 20:15:48.927956+02|16432|test|17|170355089|0|303178666|634323515|280893528|177681823|106523180|6512143|0|0|2|2007998464|0|||0|0|56298750.5|43751056.652|979020.044|6981|0|0|0|2022-04-17 19:11:54.616203+02
791|1650219349.948869|2022-04-17 20:15:49.948869+02|16432|test|17|170362883|0|303192448|634422408|280910771|177697639|106530970|6519933|0|0|2|2007998464|0|||0|0|56314817.495|43765350.647|980121.186|6983|0|0|0|2022-04-17 19:11:54.616203+02
792|1650219350.969473|2022-04-17 20:15:50.969473+02|16432|test|17|170369644|0|303204519|634508276|280925769|177711389|106537727|6526690|0|0|2|2007998464|0|||0|0|56330955.287|43779985.305|981041.451|6985|0|0|0|2022-04-17 19:11:54.616203+02
793|1650219351.989435|2022-04-17 20:15:51.989435+02|16432|test|17|170377949|0|303219235|634613060|280944090|177728227|106546028|6534991|0|0|2|2007998464|0|||0|0|56348521.851|43795718.144|982190.85|6987|0|0|0|2022-04-17 19:11:54.616203+02
794|1650219353.009021|2022-04-17 20:15:53.009021+02|16432|test|17|170385466|0|303232604|634707825|280960665|177743489|106553541|6542504|0|0|2|2007998464|0|||0|0|56364580.977|43810138.336|983209.198|6989|0|0|0|2022-04-17 19:11:54.616203+02
795|1650219354.029375|2022-04-17 20:15:54.029375+02|16432|test|17|170391975|0|303244094|634790054|280975083|177756735|106560046|6549009|0|0|2|2007998464|0|||0|0|56380749.775|43824864.68|984092.446|6991|0|0|0|2022-04-17 19:11:54.616203+02
796|1650219355.049343|2022-04-17 20:15:55.049343+02|16432|test|17|170399602|0|303257705|634886040|280991900|177772217|106567669|6556632|0|0|2|2007998464|0|||0|0|56396886.147|43839360.602|985088.155|6993|0|0|0|2022-04-17 19:11:54.616203+02
797|1650219356.070170|2022-04-17 20:15:56.07017+02|16432|test|17|170407587|0|303271954|634987115|281009529|177788415|106575650|6564613|0|0|2|2007998464|0|||0|0|56413546.644|43854248.156|986194.455|6995|0|0|0|2022-04-17 19:11:54.616203+02
798|1650219357.094081|2022-04-17 20:15:57.094081+02|16432|test|17|170410316|0|303276836|635021934|281015701|177794101|106578375|6567338|0|0|2|2007998464|0|||0|0|56430024.502|43870111.808|986561.983|6997|0|0|0|2022-04-17 19:11:54.616203+02
799|1650219358.113984|2022-04-17 20:15:58.113984+02|16432|test|17|170415913|0|303286752|635092694|281028104|177805523|106583968|6572931|0|0|2|2007998464|0|||0|0|56446125.427|43885003.905|987304.628|6999|0|0|0|2022-04-17 19:11:54.616203+02
800|1650219359.134448|2022-04-17 20:15:59.134448+02|16432|test|17|170423740|0|303300635|635191576|281045373|177821405|106591791|6580754|0|0|2|2007998464|0|||0|0|56462734.423|43899910.34|988355.936|7001|0|0|0|2022-04-17 19:11:54.616203+02
801|1650219360.154427|2022-04-17 20:16:00.154427+02|16432|test|17|170431531|0|303314630|635289845|281062506|177837215|106599578|6588541|0|0|2|2007998464|0|||0|0|56479287.921|43914760.974|989417.4|7003|0|0|0|2022-04-17 19:11:54.616203+02
802|1650219361.174497|2022-04-17 20:16:01.174497+02|16432|test|17|170439043|0|303327911|635384525|281079092|177852467|106607086|6596049|0|0|2|2007998464|0|||0|0|56495339.915|43929183.422|990431.198|7005|0|0|0|2022-04-17 19:11:54.616203+02
803|1650219362.194196|2022-04-17 20:16:02.194196+02|16432|test|17|170446951|0|303341958|635483797|281096469|177868511|106614990|6603953|0|0|2|2007998464|0|||0|0|56511413.09|43943501.789|991529.311|7007|0|0|0|2022-04-17 19:11:54.616203+02
804|1650219363.214633|2022-04-17 20:16:03.214633+02|16432|test|17|170454742|0|303355913|635582025|281113613|177884321|106622777|6611740|0|0|2|2007998464|0|||0|0|56527467.836|43957809.406|992602.829|7009|0|0|0|2022-04-17 19:11:54.616203+02
805|1650219364.234491|2022-04-17 20:16:04.234491+02|16432|test|17|170464656|0|303373485|635706523|281135394|177904377|106632687|6621650|0|0|2|2007998464|0|||0|0|56547108.724|43975211.452|994010.316|7011|0|0|0|2022-04-17 19:11:54.616203+02
806|1650219365.254879|2022-04-17 20:16:05.254879+02|16432|test|18|170471825|0|303386223|635797111|281151230|177918943|106639852|6628815|0|0|2|2007998464|0|||0|0|56563208.409|43989638.042|995039.496|7013|0|0|0|2022-04-17 19:11:54.616203+02
807|1650219366.276228|2022-04-17 20:16:06.276228+02|16432|test|18|170478446|0|303397956|635880778|281165858|177932413|106646469|6635432|0|0|2|2007998464|0|||0|0|56579291.584|44004320.131|995893.585|7015|0|0|0|2022-04-17 19:11:54.616203+02
808|1650219367.296701|2022-04-17 20:16:07.296701+02|16432|test|17|170486115|0|303440525|635978986|281184331|177948328|106654130|6643099|0|0|2|2007998464|0|||0|0|56595355.92|44018546.517|997014.074|7017|0|0|0|2022-04-17 19:11:54.616203+02
809|1650219368.316861|2022-04-17 20:16:08.316861+02|16432|test|17|170494184|0|303454931|636080577|281202107|177964694|106662195|6651164|0|0|2|2007998464|0|||0|0|56611419.118|44032829.997|998126.066|7019|0|0|0|2022-04-17 19:11:54.616203+02
810|1650219369.337026|2022-04-17 20:16:09.337026+02|16432|test|17|170501826|0|303468650|636177147|281219019|177980206|106669833|6658802|0|0|2|2007998464|0|||0|0|56627492.273|44047224.902|999184.013|7021|0|0|0|2022-04-17 19:11:54.616203+02
811|1650219370.357952|2022-04-17 20:16:10.357952+02|16432|test|17|170509585|0|303482430|636275015|281236141|177995952|106677588|6666557|0|0|2|2007998464|0|||0|0|56643553.731|44061626.316|1000215.607|7023|0|0|0|2022-04-17 19:11:54.616203+02
812|1650219371.377824|2022-04-17 20:16:11.377824+02|16432|test|17|170517401|0|303496371|636373277|281253317|178011812|106685400|6674369|0|0|2|2007998464|0|||0|0|56659656.428|44075933.056|1001340.855|7025|0|0|0|2022-04-17 19:11:54.616203+02
813|1650219372.397552|2022-04-17 20:16:12.397552+02|16432|test|17|170525210|0|303510277|636471288|281270498|178027658|106693205|6682174|0|0|2|2007998464|0|||0|0|56675721.173|44090242.617|1002444.604|7027|0|0|0|2022-04-17 19:11:54.616203+02
814|1650219373.417504|2022-04-17 20:16:13.417504+02|16432|test|17|170533276|0|303524664|636572866|281288255|178044018|106701267|6690236|0|0|2|2007998464|0|||0|0|56691789.707|44104546.761|1003555.624|7029|0|0|0|2022-04-17 19:11:54.616203+02
815|1650219374.437869|2022-04-17 20:16:14.437869+02|16432|test|17|170541257|0|303538769|636672592|281305727|178060208|106709244|6698213|0|0|2|2007998464|0|||0|0|56707847.519|44118907.382|1004616.504|7031|0|0|0|2022-04-17 19:11:54.616203+02
816|1650219375.457894|2022-04-17 20:16:15.457894+02|16432|test|17|170548560|0|303551770|636764319|281321785|178075042|106716543|6705512|0|0|2|2007998464|0|||0|0|56723943.385|44133382.489|1005627.988|7033|0|0|0|2022-04-17 19:11:54.616203+02
817|1650219376.477507|2022-04-17 20:16:16.477507+02|16432|test|17|170555836|0|303564732|636855650|281337774|178089822|106723815|6712784|0|0|2|2007998464|0|||0|0|56740019.21|44147877.874|1006605.243|7035|0|0|0|2022-04-17 19:11:54.616203+02
818|1650219377.497593|2022-04-17 20:16:17.497593+02|16432|test|17|170563095|0|303577703|636946949|281353743|178104568|106731070|6720039|0|0|2|2007998464|0|||0|0|56756098.655|44162344.411|1007597.268|7037|0|0|0|2022-04-17 19:11:54.616203+02
819|1650219378.517545|2022-04-17 20:16:18.517545+02|16432|test|17|170567767|0|303585967|637005442|281364088|178114140|106735738|6724707|0|0|2|2007998464|0|||0|0|56772286.008|44177560.327|1008178.902|7039|0|0|0|2022-04-17 19:11:54.616203+02
820|1650219379.537944|2022-04-17 20:16:19.537944+02|16432|test|17|170572507|0|303594379|637065219|281374626|178123848|106740474|6729443|0|0|2|2007998464|0|||0|0|56788372.759|44192606.608|1008818.641|7041|0|0|0|2022-04-17 19:11:54.616203+02
821|1650219380.558075|2022-04-17 20:16:20.558075+02|16432|test|17|170580079|0|303607836|637160138|281391238|178139220|106748042|6737011|0|0|2|2007998464|0|||0|0|56804436.02|44207000.279|1009854.719|7043|0|0|0|2022-04-17 19:11:54.616203+02
822|1650219381.578082|2022-04-17 20:16:21.578082+02|16432|test|17|170588339|0|303622617|637263965|281409413|178155968|106756298|6745267|0|0|2|2007998464|0|||0|0|56822008.685|44222770.953|1010969.6|7045|0|0|0|2022-04-17 19:11:54.616203+02
823|1650219382.597962|2022-04-17 20:16:22.597962+02|16432|test|17|170596020|0|303636276|637360421|281426312|178171558|106763975|6752944|0|0|2|2007998464|0|||0|0|56838105.238|44237167.339|1012031.062|7047|0|0|0|2022-04-17 19:11:54.616203+02
824|1650219383.618429|2022-04-17 20:16:23.618429+02|16432|test|17|170603854|0|303650242|637458714|281443542|178187454|106771805|6760774|0|0|2|2007998464|0|||0|0|56854191.841|44251463.016|1013145.314|7049|0|0|0|2022-04-17 19:11:54.616203+02
825|1650219384.638510|2022-04-17 20:16:24.63851+02|16432|test|17|170611858|0|303664579|637559318|281461168|178203690|106779805|6768774|0|0|2|2007998464|0|||0|0|56870301.731|44265771.154|1014273.525|7051|0|0|0|2022-04-17 19:11:54.616203+02
826|1650219385.660849|2022-04-17 20:16:25.660849+02|16432|test|17|170620688|0|303680225|637670311|281480556|178221578|106788631|6777600|0|0|2|2007998464|0|||0|0|56886916.421|44280389.546|1015532.066|7053|0|0|0|2022-04-17 19:11:54.616203+02
827|1650219386.680595|2022-04-17 20:16:26.680595+02|16432|test|17|170629638|0|303696292|637782905|281500277|178239706|106797577|6786546|0|0|2|2007998464|0|||0|0|56903490.926|44295004.662|1016767.281|7055|0|0|0|2022-04-17 19:11:54.616203+02
828|1650219387.700737|2022-04-17 20:16:27.700737+02|16432|test|17|170638483|0|303712018|637893598|281519668|178257624|106806418|6795387|0|0|2|2007998464|0|||0|0|56920047.094|44309450.485|1018100.069|7057|0|0|0|2022-04-17 19:11:54.616203+02
829|1650219388.720483|2022-04-17 20:16:28.720483+02|16432|test|17|170647288|0|303727608|638004260|281538965|178275462|106815219|6804188|0|0|2|2007998464|0|||0|0|56936139.375|44323541.199|1019375.192|7059|0|0|0|2022-04-17 19:11:54.616203+02
830|1650219389.740508|2022-04-17 20:16:29.740508+02|16432|test|17|170656306|0|303743571|638117442|281558730|178293726|106824233|6813202|0|0|2|2007998464|0|||0|0|56952192.311|44337495.503|1020703.161|7061|0|0|0|2022-04-17 19:11:54.616203+02
831|1650219390.761456|2022-04-17 20:16:30.761456+02|16432|test|17|170665214|0|303759438|638229190|281578266|178311770|106833137|6822106|0|0|2|2007998464|0|||0|0|56968772.657|44352085.68|1021968.505|7063|0|0|0|2022-04-17 19:11:54.616203+02
832|1650219391.781682|2022-04-17 20:16:31.781682+02|16432|test|17|170673965|0|303775217|638338532|281597389|178329500|106841884|6830853|0|0|2|2007998464|0|||0|0|56985919.59|44367252.099|1023220.747|7065|0|0|0|2022-04-17 19:11:54.616203+02
833|1650219392.803816|2022-04-17 20:16:32.803816+02|16432|test|17|170681825|0|303789107|638437117|281614688|178345448|106849740|6838709|0|0|2|2007998464|0|||0|0|57001998.386|44381602.248|1024311.373|7067|0|0|0|2022-04-17 19:11:54.616203+02
834|1650219393.823907|2022-04-17 20:16:33.823907+02|16432|test|17|170689783|0|303803223|638536627|281632144|178361592|106857694|6846663|0|0|2|2007998464|0|||0|0|57018072.488|44395892.712|1025430.608|7069|0|0|0|2022-04-17 19:11:54.616203+02
835|1650219394.843823|2022-04-17 20:16:34.843823+02|16432|test|17|170699246|0|303819958|638655034|281652843|178380746|106867153|6856122|0|0|2|2007998464|0|||0|0|57037646.026|44413377.623|1026723.893|7071|0|0|0|2022-04-17 19:11:54.616203+02
836|1650219395.864814|2022-04-17 20:16:35.864814+02|16432|test|17|170707626|0|303834904|638760226|281671219|178397734|106875529|6864498|0|0|2|2007998464|0|||0|0|57053704.758|44427618.262|1027868.48|7073|0|0|0|2022-04-17 19:11:54.616203+02
837|1650219396.885398|2022-04-17 20:16:36.885398+02|16432|test|17|170714727|0|303847491|638848794|281686783|178412164|106882626|6871595|0|0|2|2007998464|0|||0|0|57069778.817|44442069.886|1028897.025|7075|0|0|0|2022-04-17 19:11:54.616203+02
838|1650219397.905419|2022-04-17 20:16:37.905419+02|16432|test|17|170722542|0|303861363|638946642|281703921|178428022|106890437|6879406|0|0|2|2007998464|0|||0|0|57085845.452|44456432.679|1029955.943|7077|0|0|0|2022-04-17 19:11:54.616203+02
839|1650219398.925568|2022-04-17 20:16:38.925568+02|16432|test|17|170730162|0|303874898|639042118|281720649|178443490|106898053|6887022|0|0|2|2007998464|0|||0|0|57101926.804|44470790.391|1031036.878|7079|0|0|0|2022-04-17 19:11:54.616203+02
840|1650219399.945695|2022-04-17 20:16:39.945695+02|16432|test|17|170737035|0|303887114|639128437|281735776|178457464|106904922|6893891|0|0|2|2007998464|0|||0|0|57118092.642|44485432.248|1031988.374|7081|0|0|0|2022-04-17 19:11:54.616203+02
841|1650219400.965624|2022-04-17 20:16:40.965624+02|16432|test|17|170744398|0|303900282|639220623|281751991|178472418|106912281|6901250|0|0|2|2007998464|0|||0|0|57134178.36|44499874.601|1033013.132|7083|0|0|0|2022-04-17 19:11:54.616203+02
842|1650219401.986618|2022-04-17 20:16:41.986618+02|16432|test|17|170752557|0|303914874|639322061|281769839|178488964|106920436|6909405|0|0|2|2007998464|0|||0|0|57150335.305|44514166.712|1034168.986|7085|0|0|0|2022-04-17 19:11:54.616203+02
843|1650219403.007003|2022-04-17 20:16:43.007003+02|16432|test|17|170755306|0|303919780|639356546|281776002|178494690|106923181|6912150|0|0|2|2007998464|0|||0|0|57166673.307|44529900.719|1034519.905|7087|0|0|0|2022-04-17 19:11:54.616203+02
844|1650219404.027402|2022-04-17 20:16:44.027402+02|16432|test|17|170762171|0|303932004|639442392|281791105|178508648|106930042|6919011|0|0|2|2007998464|0|||0|0|57182736.698|44544480.152|1035447.755|7089|0|0|0|2022-04-17 19:11:54.616203+02
845|1650219405.048849|2022-04-17 20:16:45.048849+02|16432|test|17|170769883|0|303945782|639539492|281808079|178524300|106937750|6926719|0|0|2|2007998464|0|||0|0|57198828.258|44558812.323|1036527.407|7091|0|0|0|2022-04-17 19:11:54.616203+02
846|1650219406.069607|2022-04-17 20:16:46.069607+02|16432|test|17|170778106|0|303960353|639642173|281826106|178540974|106945969|6934938|0|0|2|2007998464|0|||0|0|57214933.619|44573031.741|1037709.037|7093|0|0|0|2022-04-17 19:11:54.616203+02
847|1650219407.090205|2022-04-17 20:16:47.090205+02|16432|test|17|170786383|0|303975096|639745433|281844195|178557756|106954242|6943211|0|0|2|2007998464|0|||0|0|57231011.94|44587320.484|1038829.294|7095|0|0|0|2022-04-17 19:11:54.616203+02
848|1650219408.111030|2022-04-17 20:16:48.11103+02|16432|test|17|170795268|0|303990944|639855832|281863585|178575754|106963123|6952092|0|0|2|2007998464|0|||0|0|57247095.564|44601352.714|1040131.914|7097|0|0|0|2022-04-17 19:11:54.616203+02
849|1650219409.132588|2022-04-17 20:16:49.132588+02|16432|test|17|170803304|0|304005168|639956592|281881225|178592054|106971155|6960124|0|0|2|2007998464|0|||0|0|57263148.116|44615555.782|1041293.167|7099|0|0|0|2022-04-17 19:11:54.616203+02
850|1650219410.152648|2022-04-17 20:16:50.152648+02|16432|test|17|170811679|0|304020119|640061086|281899575|178609032|106979526|6968495|0|0|2|2007998464|0|||0|0|57279229.101|44629686.908|1042512.075|7101|0|0|0|2022-04-17 19:11:54.616203+02
851|1650219411.173407|2022-04-17 20:16:51.173407+02|16432|test|17|170819850|0|304034588|640162895|281917392|178625602|106987693|6976662|0|0|2|2007998464|0|||0|0|57295312.281|44643856.37|1043712.98|7103|0|0|0|2022-04-17 19:11:54.616203+02
852|1650219412.193682|2022-04-17 20:16:52.193682+02|16432|test|17|170828173|0|304049304|640266590|281935555|178642476|106996012|6984981|0|0|2|2007998464|0|||0|0|57311359.457|44657983.701|1044908.042|7105|0|0|0|2022-04-17 19:11:54.616203+02
853|1650219413.215505|2022-04-17 20:16:53.215505+02|16432|test|17|170836523|0|304064152|640370977|281953839|178659404|107004358|6993327|0|0|2|2007998464|0|||0|0|57327460.922|44672156.461|1046121.006|7107|0|0|0|2022-04-17 19:11:54.616203+02
854|1650219414.236509|2022-04-17 20:16:54.236509+02|16432|test|17|170845438|0|304080184|640482155|281973316|178677462|107013269|7002238|0|0|2|2007998464|0|||0|0|57345069.115|44687785.478|1047367.102|7109|0|0|0|2022-04-17 19:11:54.616203+02
855|1650219415.257754|2022-04-17 20:16:55.257754+02|16432|test|17|170853493|0|304094506|640583028|281990971|178693800|107021320|7010289|0|0|2|2007998464|0|||0|0|57361136.008|44701991.815|1048529.146|7111|0|0|0|2022-04-17 19:11:54.616203+02
856|1650219416.277947|2022-04-17 20:16:56.277947+02|16432|test|17|170862078|0|304109826|640690368|282009754|178711198|107029901|7018870|0|0|2|2007998464|0|||0|0|57377195.672|44716092.267|1049768.701|7113|0|0|0|2022-04-17 19:11:54.616203+02
857|1650219417.297772|2022-04-17 20:16:57.297772+02|16432|test|17|170870430|0|304124611|640794385|282027990|178728130|107038249|7027218|0|0|2|2007998464|0|||0|0|57393292.807|44730346.144|1050915.955|7115|0|0|0|2022-04-17 19:11:54.616203+02
858|1650219418.317660|2022-04-17 20:16:58.31766+02|16432|test|17|170879315|0|304140478|640905276|282047414|178746128|107047130|7036099|0|0|2|2007998464|0|||0|0|57409361.099|44744456.318|1052146.046|7117|0|0|0|2022-04-17 19:11:54.616203+02
859|1650219419.337331|2022-04-17 20:16:59.337331+02|16432|test|17|170888181|0|304156187|641015781|282066793|178764088|107055992|7044961|0|0|2|2007998464|0|||0|0|57425938.418|44759029.585|1053390.739|7119|0|0|0|2022-04-17 19:11:54.616203+02
860|1650219420.358566|2022-04-17 20:17:00.358566+02|16432|test|17|170896187|0|304170451|641115950|282084348|178780328|107063994|7052963|0|0|2|2007998464|0|||0|0|57442998.945|44774278.684|1054515.292|7121|0|0|0|2022-04-17 19:11:54.616203+02
861|1650219421.378717|2022-04-17 20:17:01.378717+02|16432|test|17|170904322|0|304184962|641216853|282102064|178796826|107072125|7061094|0|0|2|2007998464|0|||0|0|57459107.697|44788505.929|1055701.359|7123|0|0|0|2022-04-17 19:11:54.616203+02
862|1650219422.398114|2022-04-17 20:17:02.398114+02|16432|test|17|170912349|0|304199323|641316890|282119604|178813108|107080148|7069117|0|0|2|2007998464|0|||0|0|57475175.857|44802863.23|1056761.017|7125|0|0|0|2022-04-17 19:11:54.616203+02
863|1650219423.417794|2022-04-17 20:17:03.417794+02|16432|test|17|170920523|0|304213793|641418004|282137400|178829684|107088318|7077287|0|0|2|2007998464|0|||0|0|57492742.22|44818659.972|1057857.458|7127|0|0|0|2022-04-17 19:11:54.616203+02
864|1650219424.439114|2022-04-17 20:17:04.439114+02|16432|test|17|170928231|0|304227611|641513714|282154233|178845328|107096022|7084991|0|0|2|2007998464|0|||0|0|57508802.039|44832936.352|1058982.714|7129|0|0|0|2022-04-17 19:11:54.616203+02
865|1650219425.458936|2022-04-17 20:17:05.458936+02|16432|test|18|170935277|0|304240185|641601783|282169721|178859648|107103064|7092033|0|0|2|2007998464|0|||0|0|57524957.046|44847508.337|1059949.951|7131|0|0|0|2022-04-17 19:11:54.616203+02
866|1650219426.481583|2022-04-17 20:17:06.481583+02|16432|test|18|170937865|0|304244710|641634488|282175536|178865052|107105648|7094617|0|0|2|2007998464|0|||0|0|57541669.783|44863660.176|1060262.639|7133|0|0|0|2022-04-17 19:11:54.616203+02
867|1650219427.501887|2022-04-17 20:17:07.501887+02|16432|test|18|170944497|0|304256530|641717301|282190094|178878544|107112276|7101245|0|0|2|2007998464|0|||0|0|57557757.783|44878224.037|1061202.845|7135|0|0|0|2022-04-17 19:11:54.616203+02
868|1650219428.522483|2022-04-17 20:17:08.522483+02|16432|test|18|170952609|0|304271138|641818137|282207780|178894996|107120384|7109353|0|0|2|2007998464|0|||0|0|57575380.379|44894012.063|1062328.662|7137|0|0|0|2022-04-17 19:11:54.616203+02
869|1650219429.542574|2022-04-17 20:17:09.542574+02|16432|test|18|170960277|0|304284687|641913208|282224505|178910560|107128048|7117017|0|0|2|2007998464|0|||0|0|57592479.394|44909414.632|1063370.541|7139|0|0|0|2022-04-17 19:11:54.616203+02
870|1650219430.565318|2022-04-17 20:17:10.565318+02|16432|test|18|170967836|0|304298140|642007357|282241051|178925906|107135603|7124572|0|0|2|2007998464|0|||0|0|57608545.339|44923793.593|1064408.592|7141|0|0|0|2022-04-17 19:11:54.616203+02
871|1650219431.586099|2022-04-17 20:17:11.586099+02|16432|test|18|170975432|0|304311702|642101838|282257639|178941326|107143195|7132164|0|0|2|2007998464|0|||0|0|57624594.041|44938112.889|1065471.602|7143|0|0|0|2022-04-17 19:11:54.616203+02
872|1650219432.605945|2022-04-17 20:17:12.605945+02|16432|test|18|170983647|0|304326193|642204015|282275530|178957984|107151406|7140375|0|0|2|2007998464|0|||0|0|57640741.671|44952321.107|1066679.316|7145|0|0|0|2022-04-17 19:11:54.616203+02
873|1650219433.626048|2022-04-17 20:17:13.626048+02|16432|test|18|170991981|0|304341155|642308211|282293769|178974880|107159736|7148705|0|0|2|2007998464|0|||0|0|57657356.387|44966991.258|1067886.406|7147|0|0|0|2022-04-17 19:11:54.616203+02
874|1650219434.645931|2022-04-17 20:17:14.645931+02|16432|test|18|170999327|0|304354033|642399320|282309800|178989800|107167078|7156047|0|0|2|2007998464|0|||0|0|57672944.061|44980902.402|1068913.962|7149|0|0|0|2022-04-17 19:11:54.616203+02
875|1650219435.665398|2022-04-17 20:17:15.665398+02|16432|test|18|171006768|0|304367342|642491600|282326056|179004910|107174515|7163484|0|0|2|2007998464|0|||0|0|57689531.224|44995801.122|1069954.342|7151|0|0|0|2022-04-17 19:11:54.616203+02
876|1650219436.686376|2022-04-17 20:17:16.686376+02|16432|test|18|171013076|0|304378487|642569938|282339831|179017754|107180819|7169788|0|0|2|2007998464|0|||0|0|57706471.767|45011357.112|1070791.716|7153|0|0|0|2022-04-17 19:11:54.616203+02
877|1650219437.706995|2022-04-17 20:17:17.706995+02|16432|test|18|171020536|0|304391724|642662468|282356092|179032902|107188275|7177244|0|0|2|2007998464|0|||0|0|57722549.853|45025811.091|1071784.273|7155|0|0|0|2022-04-17 19:11:54.616203+02
878|1650219438.728225|2022-04-17 20:17:18.728225+02|16432|test|18|171027877|0|304404798|642753837|282372148|179047812|107195612|7184581|0|0|2|2007998464|0|||0|0|57738620.011|45040243.749|1072784.399|7157|0|0|0|2022-04-17 19:11:54.616203+02
879|1650219439.748419|2022-04-17 20:17:19.748419+02|16432|test|18|171031369|0|304410962|642797751|282379927|179055024|107199100|7188069|0|0|2|2007998464|0|||0|0|57750551.043|45051451.805|1073214.526|7159|0|0|0|2022-04-17 19:11:54.616203+02
880|1650219440.767587|2022-04-17 20:17:20.767587+02|16432|test|18|171035083|0|304417536|642843937|282388131|179062680|107202810|7191779|0|0|2|2007998464|0|||0|0|57768776.012|45068867.809|1073699.908|7161|0|0|0|2022-04-17 19:11:54.616203+02
881|1650219441.788327|2022-04-17 20:17:21.788327+02|16432|test|18|171041914|0|304429730|642929045|282403101|179076570|107209637|7198606|0|0|2|2007998464|0|||0|0|57784827.835|45083380.666|1074632.845|7163|0|0|0|2022-04-17 19:11:54.616203+02
882|1650219442.808200|2022-04-17 20:17:22.8082+02|16432|test|18|171048924|0|304442131|643016079|282418392|179090818|107216643|7205612|0|0|2|2007998464|0|||0|0|57800907.966|45097892.867|1075595.931|7165|0|0|0|2022-04-17 19:11:54.616203+02
883|1650219443.828635|2022-04-17 20:17:23.828635+02|16432|test|18|171055671|0|304454173|643099859|282433119|179104540|107223386|7212355|0|0|2|2007998464|0|||0|0|57816970.514|45112492.481|1076481.061|7167|0|0|0|2022-04-17 19:11:54.616203+02
884|1650219444.849181|2022-04-17 20:17:24.849181+02|16432|test|18|171062645|0|304466538|643186793|282448409|179118716|107230356|7219325|0|0|2|2007998464|0|||0|0|57833037.626|45127025.855|1077406.078|7169|0|0|0|2022-04-17 19:11:54.616203+02
885|1650219445.870336|2022-04-17 20:17:25.870336+02|16432|test|18|171070099|0|304479727|643279256|282464683|179133852|107237806|7226775|0|0|2|2007998464|0|||0|0|57850137.705|45142421.677|1078440.009|7171|0|0|0|2022-04-17 19:11:54.616203+02
886|1650219446.891513|2022-04-17 20:17:26.891513+02|16432|test|18|171077245|0|304492535|643368249|282480324|179148372|107244948|7233917|0|0|2|2007998464|0|||0|0|57866195.939|45156958.611|1079367.961|7173|0|0|0|2022-04-17 19:11:54.616203+02
887|1650219447.911710|2022-04-17 20:17:27.91171+02|16432|test|18|171085960|0|304508054|643476489|282499329|179166030|107253659|7242628|0|0|2|2007998464|0|||0|0|57885262.833|45174077.6|1080553.434|7175|0|0|0|2022-04-17 19:11:54.616203+02
888|1650219448.931884|2022-04-17 20:17:28.931884+02|16432|test|18|171089991|0|304515297|643526600|282508238|179174320|107257686|7246655|0|0|2|2007998464|0|||0|0|57898486.626|45186433.049|1081067.664|7177|0|0|0|2022-04-17 19:11:54.616203+02
889|1650219449.951315|2022-04-17 20:17:29.951315+02|16432|test|18|171096106|0|304526247|643602770|282521654|179186778|107263797|7252766|0|0|2|2007998464|0|||0|0|57919180.072|45205820.94|1081855.973|7179|0|0|0|2022-04-17 19:11:54.616203+02
890|1650219450.971061|2022-04-17 20:17:30.971061+02|16432|test|18|171103289|0|304539024|643691975|282537358|179201372|107270976|7259945|0|0|2|2007998464|0|||0|0|57935753.928|45220811.579|1082822.326|7181|0|0|0|2022-04-17 19:11:54.616203+02
891|1650219451.991244|2022-04-17 20:17:31.991244+02|16432|test|18|171110552|0|304551885|643782268|282553196|179216126|107278235|7267204|0|0|2|2007998464|0|||0|0|57951841.094|45235421.216|1083718.005|7183|0|0|0|2022-04-17 19:11:54.616203+02
892|1650219453.011177|2022-04-17 20:17:33.011177+02|16432|test|18|171117536|0|304564319|643869137|282568454|179230322|107285215|7274184|0|0|2|2007998464|0|||0|0|57967906.246|45249984.127|1084633.461|7185|0|0|0|2022-04-17 19:11:54.616203+02
893|1650219454.032523|2022-04-17 20:17:34.032523+02|16432|test|18|171124541|0|304576865|643956080|282583725|179244560|107292216|7281185|0|0|2|2007998464|0|||0|0|57983973.26|45264536.389|1085551.952|7187|0|0|0|2022-04-17 19:11:54.616203+02
894|1650219455.052335|2022-04-17 20:17:35.052335+02|16432|test|18|171131328|0|304588853|644040246|282598579|179258362|107298999|7287968|0|0|2|2007998464|0|||0|0|58000037.302|45279215.561|1086379.745|7189|0|0|0|2022-04-17 19:11:54.616203+02
895|1650219456.072320|2022-04-17 20:17:36.07232+02|16432|test|18|171138094|0|304600812|644124071|282613339|179272122|107305761|7294730|0|0|2|2007998464|0|||0|0|58016100.309|45293824.161|1087249.976|7191|0|0|0|2022-04-17 19:11:54.616203+02
896|1650219457.092303|2022-04-17 20:17:37.092303+02|16432|test|18|171144520|0|304612243|644203836|282627385|179285202|107312183|7301152|0|0|2|2007998464|0|||0|0|58032175.868|45308526.878|1088072.314|7193|0|0|0|2022-04-17 19:11:54.616203+02
897|1650219458.112313|2022-04-17 20:17:38.112313+02|16432|test|18|171151608|0|304624895|644291591|282642843|179299606|107319267|7308236|0|0|2|2007998464|0|||0|0|58048818.017|45323602.693|1089002.559|7195|0|0|0|2022-04-17 19:11:54.616203+02
898|1650219459.132554|2022-04-17 20:17:39.132554+02|16432|test|18|171158351|0|304637035|644375267|282657587|179313320|107326006|7314975|0|0|2|2007998464|0|||0|0|58064500.395|45337874.155|1089850.565|7197|0|0|0|2022-04-17 19:11:54.616203+02
899|1650219460.153168|2022-04-17 20:17:40.153168+02|16432|test|18|171162619|0|304644555|644428235|282667001|179322084|107330270|7319239|0|0|2|2007998464|0|||0|0|58081763.092|45354210.259|1090397.849|7199|0|0|0|2022-04-17 19:11:54.616203+02
900|1650219461.173540|2022-04-17 20:17:41.17354+02|16432|test|18|171165862|0|304650433|644468542|282674188|179328798|107333509|7322478|0|0|2|2007998464|0|||0|0|58098249.542|45370001.05|1090807.737|7201|0|0|0|2022-04-17 19:11:54.616203+02
901|1650219462.194477|2022-04-17 20:17:42.194477+02|16432|test|18|171172501|0|304662163|644550873|282688717|179342304|107340144|7329113|0|0|2|2007998464|0|||0|0|58114301.172|45384600.032|1091673.176|7203|0|0|0|2022-04-17 19:11:54.616203+02
902|1650219463.215580|2022-04-17 20:17:43.21558+02|16432|test|18|171178557|0|304672963|644625961|282701949|179354644|107346196|7335165|0|0|2|2007998464|0|||0|0|58130402.235|45399496.996|1092388.573|7205|0|0|0|2022-04-17 19:11:54.616203+02
903|1650219464.235269|2022-04-17 20:17:44.235269+02|16432|test|18|171184784|0|304684059|644703486|282715602|179367326|107352419|7341388|0|0|2|2007998464|0|||0|0|58146525.807|45414277.28|1093186.876|7207|0|0|0|2022-04-17 19:11:54.616203+02
904|1650219465.256423|2022-04-17 20:17:45.256423+02|16432|test|18|171191286|0|304695723|644784058|282729808|179380558|107358917|7347886|0|0|2|2007998464|0|||0|0|58162596.463|45428920.766|1094045.843|7209|0|0|0|2022-04-17 19:11:54.616203+02
905|1650219466.276829|2022-04-17 20:17:46.276829+02|16432|test|18|171197810|0|304707316|644864170|282743990|179393834|107365437|7354406|0|0|2|2007998464|0|||0|0|58178665.805|45443558.94|1094913.121|7211|0|0|0|2022-04-17 19:11:54.616203+02
906|1650219467.296821|2022-04-17 20:17:47.296821+02|16432|test|18|171204867|0|304719821|644951510|282759392|179408176|107372490|7361459|0|0|2|2007998464|0|||0|0|58196234.969|45459531.709|1095873.286|7213|0|0|0|2022-04-17 19:11:54.616203+02
907|1650219468.316648|2022-04-17 20:17:48.316648+02|16432|test|18|171208548|0|304726393|644997176|282767540|179415766|107376167|7365136|0|0|2|2007998464|0|||0|0|58211550.604|45474052.927|1096335.106|7215|0|0|0|2022-04-17 19:11:54.616203+02
908|1650219469.338999|2022-04-17 20:17:49.338999+02|16432|test|18|171215136|0|304738128|645078405|282781902|179429170|107382751|7371720|0|0|2|2007998464|0|||0|0|58227620.148|45488710.793|1097174.007|7217|0|0|0|2022-04-17 19:11:54.616203+02
909|1650219470.359151|2022-04-17 20:17:50.359151+02|16432|test|18|171221076|0|304748641|645151582|282794799|179441278|107388687|7377656|0|0|2|2007998464|0|||0|0|58243766.063|45503583.931|1097919.016|7219|0|0|0|2022-04-17 19:11:54.616203+02
910|1650219471.380402|2022-04-17 20:17:51.380402+02|16432|test|18|171227085|0|304759436|645226267|282807960|179453524|107394692|7383661|0|0|2|2007998464|0|||0|0|58259838.28|45518384.679|1098676.538|7221|0|0|0|2022-04-17 19:11:54.616203+02
911|1650219472.400308|2022-04-17 20:17:52.400308+02|16432|test|18|171233273|0|304770492|645302923|282821480|179466128|107400876|7389845|0|0|2|2007998464|0|||0|0|58275909.356|45533154.31|1099437.83|7223|0|0|0|2022-04-17 19:11:54.616203+02
912|1650219473.420538|2022-04-17 20:17:53.420538+02|16432|test|18|171239636|0|304781830|645381789|282835374|179479082|107407235|7396204|0|0|2|2007998464|0|||0|0|58292038.575|45547991.467|1100212.634|7225|0|0|0|2022-04-17 19:11:54.616203+02
913|1650219474.440946|2022-04-17 20:17:54.440946+02|16432|test|18|171245880|0|304792844|645458654|282848937|179491798|107413475|7402444|0|0|2|2007998464|0|||0|0|58308329.576|45562978.359|1100989.299|7227|0|0|0|2022-04-17 19:11:54.616203+02
914|1650219475.461545|2022-04-17 20:17:55.461545+02|16432|test|18|171250203|0|304800549|645512424|282858453|179500672|107417794|7406763|0|0|2|2007998464|0|||0|0|58324923.506|45578645.289|1101533.51|7229|0|0|0|2022-04-17 19:11:54.616203+02
915|1650219476.481791|2022-04-17 20:17:56.481791+02|16432|test|18|171256763|0|304812322|645593577|282872752|179514020|107424350|7413319|0|0|2|2007998464|0|||0|0|58341515.337|45593854.094|1102348.5|7231|0|0|0|2022-04-17 19:11:54.616203+02
916|1650219477.501728|2022-04-17 20:17:57.501728+02|16432|test|18|171263520|0|304824321|645677026|282887488|179527762|107431103|7420072|0|0|2|2007998464|0|||0|0|58358576.749|45609485.723|1103188.092|7233|0|0|0|2022-04-17 19:11:54.616203+02
917|1650219478.521337|2022-04-17 20:17:58.521337+02|16432|test|18|171270064|0|304836033|645758021|282901763|179541078|107437643|7426612|0|0|2|2007998464|0|||0|0|58374646.377|45624110.125|1104047.078|7235|0|0|0|2022-04-17 19:11:54.616203+02
918|1650219479.541543|2022-04-17 20:17:59.541543+02|16432|test|18|171276212|0|304847023|645834123|282915206|179553602|107443787|7432756|0|0|2|2007998464|0|||0|0|58390774.348|45638935.194|1104819.523|7237|0|0|0|2022-04-17 19:11:54.616203+02
919|1650219480.561382|2022-04-17 20:18:00.561382+02|16432|test|18|171282465|0|304858120|645911653|282928851|179566336|107450036|7439005|0|0|2|2007998464|0|||0|0|58406833.799|45653610.28|1105641.453|7239|0|0|0|2022-04-17 19:11:54.616203+02
920|1650219481.583510|2022-04-17 20:18:01.58351+02|16432|test|18|171288893|0|304869514|645991362|282942880|179579420|107456460|7445429|0|0|2|2007998464|0|||0|0|58423100.648|45668543.016|1106431.465|7241|0|0|0|2022-04-17 19:11:54.616203+02
921|1650219482.603012|2022-04-17 20:18:02.603012+02|16432|test|18|171295169|0|304880726|646068612|282956515|179592200|107462732|7451701|0|0|2|2007998464|0|||0|0|58439187.332|45683397.254|1107153.755|7243|0|0|0|2022-04-17 19:11:54.616203+02
922|1650219483.623475|2022-04-17 20:18:03.623475+02|16432|test|18|171301157|0|304891413|646142633|282969579|179604404|107468716|7457685|0|0|2|2007998464|0|||0|0|58455268.007|45698225.347|1107897.068|7245|0|0|0|2022-04-17 19:11:54.616203+02
923|1650219484.643522|2022-04-17 20:18:04.643522+02|16432|test|18|171307298|0|304902348|646218690|282982984|179616914|107474853|7463822|0|0|2|2007998464|0|||0|0|58471330.917|45712959.472|1108688.14|7247|0|0|0|2022-04-17 19:11:54.616203+02
924|1650219485.663968|2022-04-17 20:18:05.663968+02|16432|test|19|171312892|0|304912310|646288117|282995212|179628330|107480443|7469412|0|0|2|2007998464|0|||0|0|58487921.036|45728357.129|1109386.696|7249|0|0|0|2022-04-17 19:11:54.616203+02
925|1650219486.684120|2022-04-17 20:18:06.68412+02|16432|test|19|171317991|0|304921471|646351214|283006381|179638756|107485538|7474507|0|0|2|2007998464|0|||0|0|58503585.098|45742953.592|1110008.655|7251|0|0|0|2022-04-17 19:11:54.616203+02
926|1650219487.704440|2022-04-17 20:18:07.70444+02|16432|test|19|171319616|0|304924385|646371834|283010132|179642234|107487159|7476128|0|0|2|2007998464|0|||0|0|58520714.392|45759724.812|1110213.977|7253|0|0|0|2022-04-17 19:11:54.616203+02
927|1650219488.725577|2022-04-17 20:18:08.725577+02|16432|test|18|171324192|0|304961491|646430137|283021704|179651856|107491727|7480702|0|0|2|2007998464|0|||0|0|58536796.571|45774770.956|1110827.183|7255|0|0|0|2022-04-17 19:11:54.616203+02
928|1650219489.745896|2022-04-17 20:18:09.745896+02|16432|test|18|171330468|0|304972701|646507901|283035502|179664744|107497999|7486974|0|0|2|2007998464|0|||0|0|58552868.206|45789458.059|1111645.295|7257|0|0|0|2022-04-17 19:11:54.616203+02
929|1650219490.765958|2022-04-17 20:18:10.765958+02|16432|test|18|171336735|0|304983924|646585395|283049175|179677506|107504262|7493237|0|0|2|2007998464|0|||0|0|58568957.847|45804248.713|1112405.46|7259|0|0|0|2022-04-17 19:11:54.616203+02
930|1650219491.786926|2022-04-17 20:18:11.786926+02|16432|test|18|171343218|0|304995458|646665482|283063302|179690700|107510741|7499716|0|0|2|2007998464|0|||0|0|58585551.948|45819483.818|1113208.839|7261|0|0|0|2022-04-17 19:11:54.616203+02
931|1650219492.807247|2022-04-17 20:18:12.807247+02|16432|test|18|171349682|0|305007017|646745050|283077370|179703856|107517201|7506176|0|0|2|2007998464|0|||0|0|58601684.996|45834146.223|1114089.323|7263|0|0|0|2022-04-17 19:11:54.616203+02
932|1650219493.826707|2022-04-17 20:18:13.826707+02|16432|test|18|171357614|0|305021142|646843303|283094610|179719948|107525129|7514104|0|0|2|2007998464|0|||0|0|58620766.027|45851568.188|1115084.547|7265|0|0|0|2022-04-17 19:11:54.616203+02
933|1650219494.848345|2022-04-17 20:18:14.848345+02|16432|test|18|171364750|0|305033856|646931621|283110166|179734448|107532261|7521236|0|0|2|2007998464|0|||0|0|58638352.389|45867582.744|1116019.994|7267|0|0|0|2022-04-17 19:11:54.616203+02
934|1650219495.869047|2022-04-17 20:18:15.869047+02|16432|test|18|171371509|0|305045811|647015056|283124859|179748194|107539016|7527991|0|0|2|2007998464|0|||0|0|58654437.321|45882238.594|1116874.622|7269|0|0|0|2022-04-17 19:11:54.616203+02
935|1650219496.888578|2022-04-17 20:18:16.888578+02|16432|test|18|171377979|0|305057355|647094912|283138960|179761362|107545482|7534457|0|0|2|2007998464|0|||0|0|58670517.374|45896907.216|1117712.138|7271|0|0|0|2022-04-17 19:11:54.616203+02
936|1650219497.908767|2022-04-17 20:18:17.908767+02|16432|test|18|171384578|0|305069152|647176076|283153289|179774788|107552077|7541052|0|0|2|2007998464|0|||0|0|58687695.376|45912659.185|1118566.317|7273|0|0|0|2022-04-17 19:11:54.616203+02
937|1650219498.929620|2022-04-17 20:18:18.92962+02|16432|test|18|171390705|0|305080006|647251521|283166599|179787270|107558200|7547175|0|0|2|2007998464|0|||0|0|58703906.088|45927618.188|1119298.021|7275|0|0|0|2022-04-17 19:11:54.616203+02
938|1650219499.949273|2022-04-17 20:18:19.949273+02|16432|test|18|171391625|0|305081623|647263111|283168776|179789338|107559116|7548091|0|0|2|2007998464|0|||0|0|58720720.551|45944225.135|1119405.261|7277|0|0|0|2022-04-17 19:11:54.616203+02
939|1650219500.969359|2022-04-17 20:18:20.969359+02|16432|test|18|171397293|0|305091719|647332995|283181126|179800902|107564780|7553755|0|0|2|2007998464|0|||0|0|58737487.002|45959802.176|1120099.388|7279|0|0|0|2022-04-17 19:11:54.616203+02
940|1650219501.990298|2022-04-17 20:18:21.990298+02|16432|test|18|171403557|0|305102864|647410241|283194746|179813658|107571040|7560015|0|0|2|2007998464|0|||0|0|58753551.612|45974522.121|1120890.928|7281|0|0|0|2022-04-17 19:11:54.616203+02
941|1650219503.010337|2022-04-17 20:18:23.010337+02|16432|test|18|171410053|0|305114450|647490477|283208883|179826878|107577532|7566507|0|0|2|2007998464|0|||0|0|58769612.796|45989151.621|1121741.791|7283|0|0|0|2022-04-17 19:11:54.616203+02
942|1650219504.031148|2022-04-17 20:18:24.031148+02|16432|test|18|171416390|0|305125814|647568997|283222712|179839780|107583865|7572840|0|0|2|2007998464|0|||0|0|58785688.849|46003855.024|1122561.9|7285|0|0|0|2022-04-17 19:11:54.616203+02
943|1650219505.050681|2022-04-17 20:18:25.050681+02|16432|test|18|171422309|0|305136359|647641897|283235607|179851846|107589780|7578755|0|0|2|2007998464|0|||0|0|58801761.16|46018673.501|1123305.77|7287|0|0|0|2022-04-17 19:11:54.616203+02
944|1650219506.070908|2022-04-17 20:18:26.070908+02|16432|test|18|171428388|0|305147132|647717065|283248863|179864232|107595855|7584830|0|0|2|2007998464|0|||0|0|58817809.327|46033422.006|1124088.629|7289|0|0|0|2022-04-17 19:11:54.616203+02
945|1650219507.090705|2022-04-17 20:18:27.090705+02|16432|test|18|171434447|0|305157866|647791620|283262047|179876578|107601910|7590885|0|0|2|2007998464|0|||0|0|58833905.273|46048279.951|1124810.661|7291|0|0|0|2022-04-17 19:11:54.616203+02
946|1650219508.110203|2022-04-17 20:18:28.110203+02|16432|test|18|171440475|0|305168810|647866387|283275227|179888862|107607934|7596909|0|0|2|2007998464|0|||0|0|58849974.168|46063107.889|1125549.768|7293|0|0|0|2022-04-17 19:11:54.616203+02
947|1650219509.131536|2022-04-17 20:18:29.131536+02|16432|test|18|171446826|0|305180090|647944176|283289049|179901792|107614281|7603256|0|0|2|2007998464|0|||0|0|58866549.642|46078355.947|1126330.737|7295|0|0|0|2022-04-17 19:11:54.616203+02
948|1650219510.151365|2022-04-17 20:18:30.151365+02|16432|test|18|171452797|0|305190658|648017490|283302046|179913962|107620248|7609223|0|0|2|2007998464|0|||0|0|58882622.589|46093206.021|1127047.999|7297|0|0|0|2022-04-17 19:11:54.616203+02
949|1650219511.171262|2022-04-17 20:18:31.171262+02|16432|test|18|171458236|0|305200474|648084707|283313923|179925068|107625683|7614658|0|0|2|2007998464|0|||0|0|58898759.642|46108190.782|1127711.665|7299|0|0|0|2022-04-17 19:11:54.616203+02
950|1650219512.191168|2022-04-17 20:18:32.191168+02|16432|test|18|171462174|0|305207458|648133369|283322599|179933172|107629617|7618592|0|0|2|2007998464|0|||0|0|58914848.109|46123486.886|1128174.859|7301|0|0|0|2022-04-17 19:11:54.616203+02
951|1650219513.210646|2022-04-17 20:18:33.210646+02|16432|test|18|171468316|0|305218335|648208610|283335950|179945684|107635755|7624730|0|0|2|2007998464|0|||0|0|58930910.978|46138243.075|1128935.323|7303|0|0|0|2022-04-17 19:11:54.616203+02
952|1650219514.231265|2022-04-17 20:18:34.231265+02|16432|test|18|171475112|0|305230488|648292299|283350742|179959504|107642547|7631522|0|0|2|2007998464|0|||0|0|58947050.756|46152907.715|1129815.065|7305|0|0|0|2022-04-17 19:11:54.616203+02
953|1650219515.251840|2022-04-17 20:18:35.25184+02|16432|test|18|171481878|0|305242628|648375500|283365468|179973264|107649309|7638284|0|0|2|2007998464|0|||0|0|58963131.156|46167587.881|1130638.237|7307|0|0|0|2022-04-17 19:11:54.616203+02
954|1650219516.273827|2022-04-17 20:18:36.273827+02|16432|test|18|171483744|0|305246003|648398807|283369684|179977224|107651171|7640146|0|0|2|2007998464|0|||0|0|58979281.826|46183328.385|1130866.512|7309|0|0|0|2022-04-17 19:11:54.616203+02
955|1650219517.294793|2022-04-17 20:18:37.294793+02|16432|test|18|171489997|0|305257175|648476157|283383332|179989958|107657420|7646395|0|0|2|2007998464|0|||0|0|58995342.513|46198193.013|1131574.077|7311|0|0|0|2022-04-17 19:11:54.616203+02
956|1650219518.314982|2022-04-17 20:18:38.314982+02|16432|test|18|171496278|0|305268376|648553354|283396945|180002748|107663697|7652672|0|0|2|2007998464|0|||0|0|59011409.746|46212895.178|1132380.019|7313|0|0|0|2022-04-17 19:11:54.616203+02
957|1650219519.335273|2022-04-17 20:18:39.335273+02|16432|test|18|171502623|0|305279598|648631067|283410689|180015666|107670038|7659013|0|0|2|2007998464|0|||0|0|59027520.885|46227591.54|1133223.728|7315|0|0|0|2022-04-17 19:11:54.616203+02
958|1650219520.355044|2022-04-17 20:18:40.355044+02|16432|test|18|171509254|0|305291409|648712297|283425040|180029156|107676665|7665640|0|0|2|2007998464|0|||0|0|59043594.457|46242254.737|1134050.855|7317|0|0|0|2022-04-17 19:11:54.616203+02
959|1650219521.377157|2022-04-17 20:18:41.377157+02|16432|test|18|171515709|0|305302926|648791675|283439056|180042294|107683116|7672091|0|0|2|2007998464|0|||0|0|59059662.653|46256905.918|1134882.876|7319|0|0|0|2022-04-17 19:11:54.616203+02
960|1650219522.397901|2022-04-17 20:18:42.397901+02|16432|test|18|171522338|0|305314819|648873052|283453436|180055780|107689741|7678716|0|0|2|2007998464|0|||0|0|59075742.21|46271622.563|1135701.165|7321|0|0|0|2022-04-17 19:11:54.616203+02
961|1650219523.418971|2022-04-17 20:18:43.418971+02|16432|test|18|171528255|0|305325377|648945924|283466310|180067842|107695654|7684629|0|0|2|2007998464|0|||0|0|59091830.304|46286461.726|1136432.726|7323|0|0|0|2022-04-17 19:11:54.616203+02
962|1650219524.438124|2022-04-17 20:18:44.438124+02|16432|test|18|171532723|0|305333290|649000715|283476068|180077006|107700118|7689093|0|0|2|2007998464|0|||0|0|59108095.377|46301778.956|1136997.729|7325|0|0|0|2022-04-17 19:11:54.616203+02
963|1650219525.457885|2022-04-17 20:18:45.457885+02|16432|test|18|171534395|0|305336302|649021774|283479894|180080578|107701786|7690761|0|0|2|2007998464|0|||0|0|59124402.388|46317734.091|1137189.852|7327|0|0|0|2022-04-17 19:11:54.616203+02
964|1650219526.477282|2022-04-17 20:18:46.477282+02|16432|test|18|171539905|0|305346126|649089780|283491910|180091826|107707292|7696267|0|0|2|2007998464|0|||0|0|59140488.583|46332621.841|1137893.789|7329|0|0|0|2022-04-17 19:11:54.616203+02
965|1650219527.497048|2022-04-17 20:18:47.497048+02|16432|test|18|171546098|0|305357093|649165773|283505341|180104440|107713481|7702456|0|0|2|2007998464|0|||0|0|59157112.326|46347906.813|1138687.263|7331|0|0|0|2022-04-17 19:11:54.616203+02
966|1650219528.517525|2022-04-17 20:18:48.517525+02|16432|test|18|171552736|0|305368976|649247596|283519801|180117944|107720115|7709090|0|0|2|2007998464|0|||0|0|59173168.66|46362550.478|1139530.327|7333|0|0|0|2022-04-17 19:11:54.616203+02
967|1650219529.537961|2022-04-17 20:18:49.537961+02|16432|test|18|171558950|0|305380106|649323904|283533312|180130600|107726325|7715300|0|0|2|2007998464|0|||0|0|59189736.879|46377802.402|1140300.083|7335|0|0|0|2022-04-17 19:11:54.616203+02
968|1650219530.560469|2022-04-17 20:18:50.560469+02|16432|test|18|171565587|0|305391952|649405392|283547706|180144102|107732958|7721933|0|0|2|2007998464|0|||0|0|59205841.181|46392433.334|1141178.063|7337|0|0|0|2022-04-17 19:11:54.616203+02
969|1650219531.581347|2022-04-17 20:18:51.581347+02|16432|test|18|171573319|0|305405778|649500605|283564458|180159794|107740686|7729661|0|0|2|2007998464|0|||0|0|59225923.248|46410880.414|1142143.369|7339|0|0|0|2022-04-17 19:11:54.616203+02
970|1650219532.601858|2022-04-17 20:18:52.601858+02|16432|test|18|171579983|0|305417593|649582278|283578924|180173350|107747346|7736321|0|0|2|2007998464|0|||0|0|59243515.028|46427009.316|1143013.02|7341|0|0|0|2022-04-17 19:11:54.616203+02
971|1650219533.622289|2022-04-17 20:18:53.622289+02|16432|test|18|171585953|0|305428172|649655799|283591945|180185518|107753312|7742287|0|0|2|2007998464|0|||0|0|59259611.873|46441840.038|1143764.839|7343|0|0|0|2022-04-17 19:11:54.616203+02
972|1650219534.643137|2022-04-17 20:18:54.643137+02|16432|test|18|171591602|0|305438341|649725085|283604240|180197044|107758957|7747932|0|0|2|2007998464|0|||0|0|59276177.045|46457219.97|1144442.068|7345|0|0|0|2022-04-17 19:11:54.616203+02
973|1650219535.663073|2022-04-17 20:18:55.663073+02|16432|test|18|171597259|0|305448369|649794462|283616541|180208586|107764610|7753585|0|0|2|2007998464|0|||0|0|59292797.042|46472642.403|1145154.101|7347|0|0|0|2022-04-17 19:11:54.616203+02
974|1650219536.684046|2022-04-17 20:18:56.684046+02|16432|test|18|171602397|0|305457595|649857755|283627765|180219090|107769744|7758719|0|0|2|2007998464|0|||0|0|59308905.118|46487673.962|1145771.9|7349|0|0|0|2022-04-17 19:11:54.616203+02
975|1650219537.705104|2022-04-17 20:18:57.705104+02|16432|test|18|171608777|0|305468840|649936013|283641580|180232078|107776120|7765095|0|0|2|2007998464|0|||0|0|59324965.413|46502315.628|1146603.609|7351|0|0|0|2022-04-17 19:11:54.616203+02
976|1650219538.726120|2022-04-17 20:18:58.72612+02|16432|test|18|171613052|0|305476513|649988777|283650938|180240856|107780391|7769366|0|0|2|2007998464|0|||0|0|59341278.12|46517712.712|1147152.379|7353|0|0|0|2022-04-17 19:11:54.616203+02
977|1650219539.746339|2022-04-17 20:18:59.746339+02|16432|test|18|171618629|0|305486597|650057563|283663079|180252238|107785964|7774939|0|0|2|2007998464|0|||0|0|59357369.877|46532640.562|1147831.808|7355|0|0|0|2022-04-17 19:11:54.616203+02
978|1650219540.766307|2022-04-17 20:19:00.766307+02|16432|test|18|171624319|0|305496695|650127297|283675473|180263846|107791650|7780625|0|0|2|2007998464|0|||0|0|59373466.502|46547507.206|1148544.752|7357|0|0|0|2022-04-17 19:11:54.616203+02
979|1650219541.788437|2022-04-17 20:19:01.788437+02|16432|test|18|171628597|0|305504277|650179699|283684791|180272630|107795924|7784899|0|0|2|2007998464|0|||0|0|59390074.003|46563264.748|1149039.014|7359|0|0|0|2022-04-17 19:11:54.616203+02
980|1650219542.810520|2022-04-17 20:19:02.81052+02|16432|test|18|171631612|0|305509602|650216944|283691435|180278888|107798935|7787910|0|0|2|2007998464|0|||0|0|59406443.256|46578987.203|1149417.435|7361|0|0|0|2022-04-17 19:11:54.616203+02
981|1650219543.830379|2022-04-17 20:19:03.830379+02|16432|test|18|171637404|0|305519989|650288067|283704030|180290700|107804723|7793698|0|0|2|2007998464|0|||0|0|59422594.479|46593931.257|1150124.836|7363|0|0|0|2022-04-17 19:11:54.616203+02
982|1650219544.850659|2022-04-17 20:19:04.850659+02|16432|test|19|171642781|0|305529526|650353951|283715700|180301670|107810097|7799072|0|0|2|2007998464|0|||0|0|59437701.834|46607964.094|1150773.576|7364|0|0|0|2022-04-17 19:11:54.616203+02
983|1650219545.861891|2022-04-17 20:19:05.861891+02|16432|test|19|171649780|0|305542013|650440107|283730898|180315908|107817091|7806066|0|0|2|2007998464|0|||0|0|59454747.679|46623440.013|1151716.723|7367|0|0|0|2022-04-17 19:11:54.616203+02
984|1650219546.882014|2022-04-17 20:19:06.882014+02|16432|test|19|171656215|0|305553401|650518982|283744847|180329006|107823522|7812497|0|0|2|2007998464|0|||0|0|59470861.264|46638070.577|1152618.096|7369|0|0|0|2022-04-17 19:11:54.616203+02
985|1650219547.902471|2022-04-17 20:19:07.902471+02|16432|test|19|171662693|0|305564967|650598156|283758869|180342190|107829996|7818971|0|0|2|2007998464|0|||0|0|59486926.102|46652714.569|1153482.844|7371|0|0|0|2022-04-17 19:11:54.616203+02
986|1650219548.922308|2022-04-17 20:19:08.922308+02|16432|test|18|171669341|0|305594653|650703947|283774705|180355878|107836636|7825611|0|0|2|2007998464|0|||0|0|59503001.567|46667234.415|1154433.334|7373|0|0|0|2022-04-17 19:11:54.616203+02
987|1650219549.943085|2022-04-17 20:19:09.943085+02|16432|test|18|171675310|0|305605276|650777266|283787657|180368044|107842601|7831576|0|0|2|2007998464|0|||0|0|59519071.766|46682017.197|1155184.116|7375|0|0|0|2022-04-17 19:11:54.616203+02
988|1650219550.962829|2022-04-17 20:19:10.962829+02|16432|test|18|171681232|0|305615951|650849728|283800501|180380116|107848519|7837494|0|0|2|2007998464|0|||0|0|59535126.349|46696863.826|1155901.204|7377|0|0|0|2022-04-17 19:11:54.616203+02
989|1650219551.982806|2022-04-17 20:19:11.982806+02|16432|test|18|171686570|0|305625381|650914963|283812107|180391020|107853853|7842828|0|0|2|2007998464|0|||0|0|59551278.327|46711861.258|1156581.912|7379|0|0|0|2022-04-17 19:11:54.616203+02
990|1650219553.003131|2022-04-17 20:19:13.003131+02|16432|test|18|171691225|0|305633774|650972454|283822267|180400558|107858504|7847479|0|0|2|2007998464|0|||0|0|59568191.52|46727821.653|1157127.378|7381|0|0|0|2022-04-17 19:11:54.616203+02
991|1650219554.022135|2022-04-17 20:19:14.022135+02|16432|test|18|171693279|0|305637393|650997734|283826846|180404894|107860554|7849529|0|0|2|2007998464|0|||0|0|59584451.845|46743628.494|1157387.936|7383|0|0|0|2022-04-17 19:11:54.616203+02
992|1650219555.041659|2022-04-17 20:19:15.041659+02|16432|test|18|171699451|0|305648325|651072915|283840209|180417466|107866722|7855697|0|0|2|2007998464|0|||0|0|59600603.38|46758545.133|1158120.663|7385|0|0|0|2022-04-17 19:11:54.616203+02
993|1650219556.062038|2022-04-17 20:19:16.062038+02|16432|test|18|171705277|0|305658664|651144799|283852902|180429346|107872544|7861519|0|0|2|2007998464|0|||0|0|59616673.521|46773404.198|1158832.233|7387|0|0|0|2022-04-17 19:11:54.616203+02
994|1650219557.081867|2022-04-17 20:19:17.081867+02|16432|test|18|171711336|0|305669475|651218578|283865986|180441692|107878599|7867574|0|0|2|2007998464|0|||0|0|59632760.783|46788217.002|1159580.654|7389|0|0|0|2022-04-17 19:11:54.616203+02
995|1650219558.101633|2022-04-17 20:19:18.101633+02|16432|test|18|171715739|0|305677203|651272445|283875563|180450726|107882998|7871973|0|0|2|2007998464|0|||0|0|59651001.469|46805503.574|1160139.28|7391|0|0|0|2022-04-17 19:11:54.616203+02
996|1650219559.122056|2022-04-17 20:19:19.122056+02|16432|test|18|171721648|0|305687758|651344852|283888391|180462772|107888903|7877878|0|0|2|2007998464|0|||0|0|59667073.322|46820288.942|1160902.511|7393|0|0|0|2022-04-17 19:11:54.616203+02
997|1650219560.141953|2022-04-17 20:19:20.141953+02|16432|test|18|171727717|0|305698576|651419206|283901559|180475138|107894968|7883943|0|0|2|2007998464|0|||0|0|59683165.6|46835119.14|1161643.584|7395|0|0|0|2022-04-17 19:11:54.616203+02
998|1650219561.163466|2022-04-17 20:19:21.163466+02|16432|test|18|171733710|0|305709230|651492531|283914554|180487352|107900957|7889932|0|0|2|2007998464|0|||0|0|59699227.681|46849889.296|1162408.845|7397|0|0|0|2022-04-17 19:11:54.616203+02
999|1650219562.182934|2022-04-17 20:19:22.182934+02|16432|test|18|171740076|0|305720611|651570423|283928328|180500312|107907319|7896294|0|0|2|2007998464|0|||0|0|59715293.028|46864555.596|1163252.668|7399|0|0|0|2022-04-17 19:11:54.616203+02
1000|1650219563.203815|2022-04-17 20:19:23.203815+02|16432|test|18|171746695|0|305732407|651651815|283942720|180513778|107913934|7902909|0|0|2|2007998464|0|||0|0|59731385.882|46879205.55|1164116.579|7401|0|0|0|2022-04-17 19:11:54.616203+02
1001|1650219564.224482|2022-04-17 20:19:24.224482+02|16432|test|18|171753501|0|305744530|651735339|283957483|180527618|107920736|7909711|0|0|2|2007998464|0|||0|0|59747461.436|46893770.987|1165030.83|7403|0|0|0|2022-04-17 19:11:54.616203+02
1002|1650219565.246024|2022-04-17 20:19:25.246024+02|16432|test|18|171759715|0|305755595|651811615|283970957|180540274|107926946|7915921|0|0|2|2007998464|0|||0|0|59763545.53|46908525.386|1165831.084|7405|0|0|0|2022-04-17 19:11:54.616203+02
1003|1650219566.266502|2022-04-17 20:19:26.266502+02|16432|test|18|171766067|0|305766836|651888954|283984665|180553206|107933294|7922269|0|0|2|2007998464|0|||0|0|59779619.904|46923311.168|1166600.849|7407|0|0|0|2022-04-17 19:11:54.616203+02
1004|1650219567.286719|2022-04-17 20:19:27.286719+02|16432|test|18|171772136|0|305777686|651963430|283997828|180565572|107939359|7928334|0|0|2|2007998464|0|||0|0|59795763.059|46938124.223|1167389.869|7409|0|0|0|2022-04-17 19:11:54.616203+02
1005|1650219568.307045|2022-04-17 20:19:28.307045+02|16432|test|18|171777813|0|305787752|652032648|284010116|180577154|107945032|7934007|0|0|2|2007998464|0|||0|0|59811822.826|46952939.558|1168136.395|7411|0|0|0|2022-04-17 19:11:54.616203+02
1006|1650219569.328531|2022-04-17 20:19:29.328531+02|16432|test|18|171779554|0|305790800|652054395|284014060|180580864|107946769|7935744|0|0|2|2007998464|0|||0|0|59828874.55|46969605.24|1168340.448|7413|0|0|0|2022-04-17 19:11:54.616203+02
1007|1650219570.348598|2022-04-17 20:19:30.348598+02|16432|test|18|171784716|0|305799970|652117679|284025268|180591416|107951927|7940902|0|0|2|2007998464|0|||0|0|59845944.68|46985600.712|1168969.188|7415|0|0|0|2022-04-17 19:11:54.616203+02
1008|1650219571.368423|2022-04-17 20:19:31.368423+02|16432|test|18|171790900|0|305810895|652193245|284038670|180604012|107958107|7947082|0|0|2|2007998464|0|||0|0|59862035.274|47000380.464|1169764.84|7417|0|0|0|2022-04-17 19:11:54.616203+02
1009|1650219572.389577|2022-04-17 20:19:32.389577+02|16432|test|18|171796974|0|305821731|652267332|284051815|180616388|107964177|7953152|0|0|2|2007998464|0|||0|0|59878098.789|47015103.78|1170564.3|7419|0|0|0|2022-04-17 19:11:54.616203+02
1010|1650219573.409921|2022-04-17 20:19:33.409921+02|16432|test|18|171803749|0|305833768|652350046|284066461|180630166|107970948|7959923|0|0|2|2007998464|0|||0|0|59894178.68|47029826.014|1171377.874|7421|0|0|0|2022-04-17 19:11:54.616203+02
1011|1650219574.429777|2022-04-17 20:19:34.429777+02|16432|test|18|171809929|0|305844806|652425412|284079854|180642754|107977124|7966099|0|0|2|2007998464|0|||0|0|59910250.273|47044566.664|1172163.852|7423|0|0|0|2022-04-17 19:11:54.616203+02
1012|1650219575.449987|2022-04-17 20:19:35.449987+02|16432|test|18|171816278|0|305856043|652502967|284093594|180655680|107983469|7972444|0|0|2|2007998464|0|||0|0|59926308.976|47059339.767|1172918.76|7425|0|0|0|2022-04-17 19:11:54.616203+02
1013|1650219576.469437|2022-04-17 20:19:36.469437+02|16432|test|18|171822558|0|305867213|652579773|284107204|180668468|107989745|7978720|0|0|2|2007998464|0|||0|0|59942376.063|47074081.239|1173700.167|7427|0|0|0|2022-04-17 19:11:54.616203+02
1014|1650219577.489934|2022-04-17 20:19:37.489934+02|16432|test|18|171829010|0|305878730|652658525|284121184|180681600|107996193|7985168|0|0|2|2007998464|0|||0|0|59958483.281|47088824.767|1174531.316|7429|0|0|0|2022-04-17 19:11:54.616203+02
1015|1650219578.510372|2022-04-17 20:19:38.510372+02|16432|test|18|171831953|0|305884007|652694686|284127691|180687714|107999132|7988107|0|0|2|2007998464|0|||0|0|59974894.331|47104590.44|1174904.049|7431|0|0|0|2022-04-17 19:11:54.616203+02
1016|1650219579.531228|2022-04-17 20:19:39.531228+02|16432|test|18|171836744|0|305892550|652753320|284138137|180697524|108003919|7992894|0|0|2|2007998464|0|||0|0|59990969.444|47119660.629|1175484.501|7433|0|0|0|2022-04-17 19:11:54.616203+02
1017|1650219580.551235|2022-04-17 20:19:40.551235+02|16432|test|18|171843072|0|305903803|652830661|284151818|180710408|108010243|7999218|0|0|2|2007998464|0|||0|0|60007060.587|47134396.504|1176284.76|7435|0|0|0|2022-04-17 19:11:54.616203+02
1018|1650219581.571492|2022-04-17 20:19:41.571492+02|16432|test|18|171849773|0|305915765|652912807|284166337|180724038|108016940|8005915|0|0|2|2007998464|0|||0|0|60023401.844|47149228.921|1177208.855|7437|0|0|0|2022-04-17 19:11:54.616203+02
1019|1650219582.593324|2022-04-17 20:19:42.593324+02|16432|test|18|171854731|0|305924645|652973879|284177151|180734182|108021894|8010869|0|0|2|2007998464|0|||0|0|60039456.637|47164195.48|1177857.077|7439|0|0|0|2022-04-17 19:11:54.616203+02
1020|1650219583.614386|2022-04-17 20:19:43.614386+02|16432|test|18|171860935|0|305935602|653049147|284190528|180746818|108028094|8017069|0|0|2|2007998464|0|||0|0|60055524.452|47178965.53|1178626.024|7441|0|0|0|2022-04-17 19:11:54.616203+02
1021|1650219584.633836|2022-04-17 20:19:44.633836+02|16432|test|18|171867062|0|305946538|653123782|284203752|180759300|108034217|8023192|0|0|2|2007998464|0|||0|0|60071584.523|47193689.337|1179407.508|7443|0|0|0|2022-04-17 19:11:54.616203+02
1022|1650219585.654813|2022-04-17 20:19:45.654813+02|16432|test|18|171873578|0|305958157|653203533|284217866|180772560|108040729|8029704|0|0|2|2007998464|0|||0|0|60087662.97|47208400.678|1180228.512|7445|0|0|0|2022-04-17 19:11:54.616203+02
1023|1650219586.674810|2022-04-17 20:19:46.67481+02|16432|test|18|171882192|0|305973576|653308645|284236435|180790016|108049339|8038314|0|0|2|2007998464|0|||0|0|60109762.618|47228646.387|1181339.816|7447|0|0|0|2022-04-17 19:11:54.616203+02
1024|1650219587.695525|2022-04-17 20:19:47.695525+02|16432|test|18|171888728|0|305985184|653388614|284250585|180803316|108055871|8044846|0|0|2|2007998464|0|||0|0|60126334.879|47243742.032|1182231.045|7449|0|0|0|2022-04-17 19:11:54.616203+02
1025|1650219588.715444|2022-04-17 20:19:48.715444+02|16432|test|18|171895206|0|305996719|653467313|284264552|180816500|108062345|8051320|0|0|2|2007998464|0|||0|0|60142624.174|47258641.358|1183056.092|7451|0|0|0|2022-04-17 19:11:54.616203+02
1026|1650219589.735881|2022-04-17 20:19:49.735881+02|16432|test|18|171897545|0|306000905|653496402|284269779|180821406|108064680|8053655|0|0|2|2007998464|0|||0|0|60158407.475|47273887.836|1183354.723|7453|0|0|0|2022-04-17 19:11:54.616203+02
1027|1650219590.756495|2022-04-17 20:19:50.756495+02|16432|test|18|171902774|0|306010186|653560246|284281117|180832092|108069905|8058880|0|0|2|2007998464|0|||0|0|60175039.358|47289412.187|1184008.042|7455|0|0|0|2022-04-17 19:11:54.616203+02
1028|1650219591.776202|2022-04-17 20:19:51.776202+02|16432|test|18|171909205|0|306021753|653638701|284295012|180845182|108076332|8065307|0|0|2|2007998464|0|||0|0|60191602.321|47304539.498|1184854.302|7457|0|0|0|2022-04-17 19:11:54.616203+02
1029|1650219592.796670|2022-04-17 20:19:52.79667+02|16432|test|18|171915713|0|306033276|653717895|284309072|180858426|108082836|8071811|0|0|2|2007998464|0|||0|0|60207687.852|47319236.135|1185681.614|7459|0|0|0|2022-04-17 19:11:54.616203+02
1030|1650219593.816698|2022-04-17 20:19:53.816698+02|16432|test|18|171922260|0|306044943|653797917|284323255|180871748|108089379|8078354|0|0|2|2007998464|0|||0|0|60223316.777|47333447.76|1186532.438|7461|0|0|0|2022-04-17 19:11:54.616203+02
1031|1650219594.836801|2022-04-17 20:19:54.836801+02|16432|test|18|171926753|0|306052972|653852947|284333040|180880962|108093868|8082843|0|0|2|2007998464|0|||0|0|60239556.382|47348682.547|1187141.86|7463|0|0|0|2022-04-17 19:11:54.616203+02
1032|1650219595.857512|2022-04-17 20:19:55.857512+02|16432|test|18|171933070|0|306064178|653929838|284346659|180893824|108100181|8089156|0|0|2|2007998464|0|||0|0|60255626.041|47363299.96|1188030.799|7465|0|0|0|2022-04-17 19:11:54.616203+02
1033|1650219596.877549|2022-04-17 20:19:56.877549+02|16432|test|18|171938284|0|306073541|653993153|284357971|180904480|108105391|8094366|0|0|2|2007998464|0|||0|0|60271775.587|47378350.125|1188671.048|7467|0|0|0|2022-04-17 19:11:54.616203+02
1034|1650219597.898594|2022-04-17 20:19:57.898594+02|16432|test|18|171944968|0|306085430|654074424|284372399|180918076|108112071|8101046|0|0|2|2007998464|0|||0|0|60287877.917|47392977.459|1189578.014|7469|0|0|0|2022-04-17 19:11:54.616203+02
1035|1650219598.919077|2022-04-17 20:19:58.919077+02|16432|test|18|171951455|0|306096939|654153035|284386363|180931278|108118554|8107529|0|0|2|2007998464|0|||0|0|60303934.888|47407632.26|1190425.408|7471|0|0|0|2022-04-17 19:11:54.616203+02
1036|1650219599.940776|2022-04-17 20:19:59.940776+02|16432|test|18|171956685|0|306106252|654216631|284397693|180941966|108123780|8112755|0|0|2|2007998464|0|||0|0|60320105.811|47422667.265|1191110.186|7473|0|0|0|2022-04-17 19:11:54.616203+02
1037|1650219600.960970|2022-04-17 20:20:00.96097+02|16432|test|18|171963068|0|306117636|654294074|284411444|180954960|108130159|8119134|0|0|2|2007998464|0|||0|0|60336163.416|47437268.9|1191988.853|7475|0|0|0|2022-04-17 19:11:54.616203+02
1038|1650219601.981233|2022-04-17 20:20:01.981233+02|16432|test|18|171969985|0|306129896|654378564|284426381|180969022|108137072|8126047|0|0|2|2007998464|0|||0|0|60352214.679|47451838.786|1192891.102|7477|0|0|0|2022-04-17 19:11:54.616203+02
1039|1650219603.002397|2022-04-17 20:20:03.002397+02|16432|test|18|171977171|0|306142785|654466312|284441904|180983622|108144254|8133229|0|0|2|2007998464|0|||0|0|60368778.855|47466757.963|1193885.231|7479|0|0|0|2022-04-17 19:11:54.616203+02
1040|1650219604.023084|2022-04-17 20:20:04.023084+02|16432|test|18|171982027|0|306151458|654525270|284452427|180993562|108149106|8138081|0|0|2|2007998464|0|||0|0|60385545.629|47482393.456|1194556.037|7481|0|0|0|2022-04-17 19:11:54.616203+02
1041|1650219605.044394|2022-04-17 20:20:05.044394+02|16432|test|18|171984751|0|306156286|654558736|284458425|180999226|108151827|8140802|0|0|2|2007998464|0|||0|0|60393577.901|47489805.918|1194914.816|7482|0|0|0|2022-04-17 19:11:54.616203+02
1042|1650219606.055117|2022-04-17 20:20:06.055117+02|16432|test|18|171993917|0|306172730|654669982|284478961|181017809|108160986|8149961|0|0|2|2007998464|0|||0|0|60417660.52|47511861.928|1196130.247|7485|0|0|0|2022-04-17 19:11:54.616203+02
1043|1650219607.075758|2022-04-17 20:20:07.075758+02|16432|test|18|172000580|0|306184613|654751067|284493336|181031363|108167645|8156620|0|0|2|2007998464|0|||0|0|60433716.58|47526452.517|1197012.499|7487|0|0|0|2022-04-17 19:11:54.616203+02
1044|1650219608.096319|2022-04-17 20:20:08.096319+02|16432|test|18|172006949|0|306196030|654828508|284507093|181044329|108174010|8162985|0|0|2|2007998464|0|||0|0|60449755.243|47541079.447|1197868.892|7489|0|0|0|2022-04-17 19:11:54.616203+02
1045|1650219609.115910|2022-04-17 20:20:09.11591+02|16432|test|18|172013650|0|306208009|654910072|284521524|181057959|108180707|8169682|0|0|2|2007998464|0|||0|0|60465822.668|47555578.833|1198840.475|7491|0|0|0|2022-04-17 19:11:54.616203+02
1046|1650219610.136028|2022-04-17 20:20:10.136028+02|16432|test|18|172020655|0|306220371|654995487|284536622|181072197|108187708|8176683|0|0|2|2007998464|0|||0|0|60482095.566|47570203.003|1199846.546|7493|0|0|0|2022-04-17 19:11:54.616203+02
1047|1650219611.156777|2022-04-17 20:20:11.156777+02|16432|test|18|172027661|0|306232895|655080814|284551676|181086437|108194710|8183685|0|0|2|2007998464|0|||0|0|60498385.422|47584913.243|1200826.895|7495|0|0|0|2022-04-17 19:11:54.616203+02
1048|1650219612.177638|2022-04-17 20:20:12.177638+02|16432|test|18|172034575|0|306245131|655164737|284566581|181100493|108201620|8190595|0|0|2|2007998464|0|||0|0|60514468.132|47599427.327|1201790.088|7497|0|0|0|2022-04-17 19:11:54.616203+02
1049|1650219613.197551|2022-04-17 20:20:13.197551+02|16432|test|18|172041599|0|306257698|655250035|284581714|181114769|108208640|8197615|0|0|2|2007998464|0|||0|0|60530533.358|47614002.752|1202701.357|7499|0|0|0|2022-04-17 19:11:54.616203+02
1050|1650219614.218863|2022-04-17 20:20:14.218863+02|16432|test|18|172048596|0|306270126|655335259|284596796|181128991|108215633|8204608|0|0|2|2007998464|0|||0|0|60546619.409|47628518.067|1203663.309|7501|0|0|0|2022-04-17 19:11:54.616203+02
1051|1650219615.249152|2022-04-17 20:20:15.249152+02|16432|test|18|172050864|0|306274161|655363273|284601852|181133755|108217897|8206872|0|0|2|2007998464|0|||0|0|60566483.017|47647795.029|1203990.062|7503|0|0|0|2022-04-17 19:11:54.616203+02
1052|1650219616.269286|2022-04-17 20:20:16.269286+02|16432|test|18|172056282|0|306283813|655429835|284613618|181144819|108223311|8212286|0|0|2|2007998464|0|||0|0|60582539.939|47662627.086|1204744.469|7505|0|0|0|2022-04-17 19:11:54.616203+02
1053|1650219617.290438|2022-04-17 20:20:17.290438+02|16432|test|18|172062490|0|306294787|655505300|284626976|181157463|108229515|8218490|0|0|2|2007998464|0|||0|0|60598634.116|47677361.442|1205568.798|7507|0|0|0|2022-04-17 19:11:54.616203+02
1054|1650219618.310294|2022-04-17 20:20:18.310294+02|16432|test|18|172068724|0|306305944|655581258|284640450|181170159|108235745|8224720|0|0|2|2007998464|0|||0|0|60614775.595|47692076.206|1206445.698|7509|0|0|0|2022-04-17 19:11:54.616203+02
1055|1650219619.329982|2022-04-17 20:20:19.329982+02|16432|test|18|172075027|0|306317188|655657849|284654038|181182993|108242044|8231019|0|0|2|2007998464|0|||0|0|60630853.76|47706841.753|1207246.15|7511|0|0|0|2022-04-17 19:11:54.616203+02
1056|1650219620.350129|2022-04-17 20:20:20.350129+02|16432|test|18|172081728|0|306329253|655739298|284668514|181196623|108248741|8237716|0|0|2|2007998464|0|||0|0|60646922.33|47721352.273|1208195.193|7513|0|0|0|2022-04-17 19:11:54.616203+02
1057|1650219621.371492|2022-04-17 20:20:21.371492+02|16432|test|18|172088216|0|306340753|655818201|284682550|181209827|108255225|8244200|0|0|2|2007998464|0|||0|0|60663001.927|47735933.401|1209114.871|7515|0|0|0|2022-04-17 19:11:54.616203+02
1058|1650219622.391663|2022-04-17 20:20:22.391663+02|16432|test|18|172094974|0|306352864|655900513|284697114|181223571|108261979|8250954|0|0|2|2007998464|0|||0|0|60679082.698|47750561.461|1210004.875|7517|0|0|0|2022-04-17 19:11:54.616203+02
1059|1650219623.414216|2022-04-17 20:20:23.414216+02|16432|test|18|172101371|0|306364269|655978281|284710955|181236593|108268372|8257347|0|0|2|2007998464|0|||0|0|60695174.584|47765284.475|1210829.991|7519|0|0|0|2022-04-17 19:11:54.616203+02
1060|1650219624.435106|2022-04-17 20:20:24.435106+02|16432|test|18|172108209|0|306376386|656061320|284725667|181250497|108275206|8264181|0|0|2|2007998464|0|||0|0|60711246.777|47779836.41|1211764.947|7521|0|0|0|2022-04-17 19:11:54.616203+02
1061|1650219625.456292|2022-04-17 20:20:25.456292+02|16432|test|18|172113425|0|306385771|656124881|284736941|181261157|108280418|8269393|0|0|2|2007998464|0|||0|0|60729577.128|47796946.813|1212501.366|7523|0|0|0|2022-04-17 19:11:54.616203+02
1062|1650219626.475899|2022-04-17 20:20:26.475899+02|16432|test|18|172116177|0|306390648|656158424|284743004|181266889|108283166|8272141|0|0|2|2007998464|0|||0|0|60745644.414|47812399.011|1212865.293|7525|0|0|0|2022-04-17 19:11:54.616203+02
1063|1650219627.496527|2022-04-17 20:20:27.496527+02|16432|test|18|172122294|0|306401479|656232594|284756216|181279351|108289279|8278254|0|0|2|2007998464|0|||0|0|60761706.073|47827113.546|1213680.714|7527|0|0|0|2022-04-17 19:11:54.616203+02
1064|1650219628.518080|2022-04-17 20:20:28.51808+02|16432|test|18|172128886|0|306413141|656312824|284770430|181292763|108295867|8284842|0|0|2|2007998464|0|||0|0|60777771.132|47841728.286|1214565.784|7529|0|0|0|2022-04-17 19:11:54.616203+02
1065|1650219629.538943|2022-04-17 20:20:29.538943+02|16432|test|18|172135220|0|306424429|656390039|284784110|181305659|108302197|8291172|0|0|2|2007998464|0|||0|0|60793838.349|47856467.942|1215373.292|7531|0|0|0|2022-04-17 19:11:54.616203+02
1066|1650219630.560408|2022-04-17 20:20:30.560408+02|16432|test|18|172141536|0|306435663|656466672|284797705|181318519|108308509|8297484|0|0|2|2007998464|0|||0|0|60809939.529|47871155.867|1216232.793|7533|0|0|0|2022-04-17 19:11:54.616203+02
1067|1650219631.581033|2022-04-17 20:20:31.581033+02|16432|test|18|172148363|0|306447826|656549369|284812385|181332401|108315332|8304307|0|0|2|2007998464|0|||0|0|60826006.095|47885785.339|1217114.235|7535|0|0|0|2022-04-17 19:11:54.616203+02
1068|1650219632.605783|2022-04-17 20:20:32.605783+02|16432|test|18|172154771|0|306459228|656627527|284826211|181345445|108321736|8310711|0|0|2|2007998464|0|||0|0|60842070.063|47900406.046|1217982.081|7537|0|0|0|2022-04-17 19:11:54.616203+02
1069|1650219633.626162|2022-04-17 20:20:33.626162+02|16432|test|18|172159643|0|306467931|656687090|284836795|181355417|108326604|8315579|0|0|2|2007998464|0|||0|0|60858765.906|47915981.312|1218651.414|7539|0|0|0|2022-04-17 19:11:54.616203+02
1070|1650219634.650153|2022-04-17 20:20:34.650153+02|16432|test|18|172163032|0|306474033|656728450|284844192|181362423|108329989|8318964|0|0|2|2007998464|0|||0|0|60874905.544|47931353.946|1219113.427|7541|0|0|0|2022-04-17 19:11:54.616203+02
1071|1650219635.671549|2022-04-17 20:20:35.671549+02|16432|test|18|172169518|0|306485522|656807228|284858165|181375623|108336471|8325446|0|0|2|2007998464|0|||0|0|60890955.749|47945973.613|1219985.168|7543|0|0|0|2022-04-17 19:11:54.616203+02
1072|1650219636.691407|2022-04-17 20:20:36.691407+02|16432|test|18|172175893|0|306496921|656884814|284871923|181388601|108342842|8331817|0|0|2|2007998464|0|||0|0|60907027.647|47960610.504|1220869.905|7545|0|0|0|2022-04-17 19:11:54.616203+02
1073|1650219637.711184|2022-04-17 20:20:37.711184+02|16432|test|18|172180236|0|306504683|656937760|284881345|181397515|108347181|8336156|0|0|2|2007998464|0|||0|0|60923095.911|47975751.941|1221415.61|7547|0|0|0|2022-04-17 19:11:54.616203+02
1074|1650219638.731289|2022-04-17 20:20:38.731289+02|16432|test|18|172186348|0|306515591|657012161|284894553|181409967|108353289|8342264|0|0|2|2007998464|0|||0|0|60939190.214|47990487.718|1222228.315|7549|0|0|0|2022-04-17 19:11:54.616203+02
1075|1650219639.751498|2022-04-17 20:20:39.751498+02|16432|test|18|172192296|0|306526137|657084309|284907358|181422091|108359233|8348208|0|0|2|2007998464|0|||0|0|60955237.029|48005262.694|1223006.515|7551|0|0|0|2022-04-17 19:11:54.616203+02
1076|1650219640.771990|2022-04-17 20:20:40.77199+02|16432|test|18|172198689|0|306537502|657162157|284921110|181435105|108365622|8354597|0|0|2|2007998464|0|||0|0|60971296.922|48019853.803|1223904.715|7553|0|0|0|2022-04-17 19:11:54.616203+02
1077|1650219641.791791|2022-04-17 20:20:41.791791+02|16432|test|18|172205164|0|306548980|657240875|284935062|181448283|108372093|8361068|0|0|2|2007998464|0|||0|0|60987383.151|48034532.282|1224766.716|7555|0|0|0|2022-04-17 19:11:54.616203+02
1078|1650219642.812057|2022-04-17 20:20:42.812057+02|16432|test|18|172211565|0|306560394|657318469|284948846|181461313|108378490|8367465|0|0|2|2007998464|0|||0|0|61003656.164|48049310.563|1225674|7557|0|0|0|2022-04-17 19:11:54.616203+02
1079|1650219643.833327|2022-04-17 20:20:43.833327+02|16432|test|18|172218033|0|306571810|657397126|284962771|181474477|108384954|8373929|0|0|2|2007998464|0|||0|0|61019713.683|48063929.083|1226557.168|7559|0|0|0|2022-04-17 19:11:54.616203+02
1080|1650219644.854770|2022-04-17 20:20:44.85477+02|16432|test|18|172224565|0|306583438|657476535|284976816|181487769|108391482|8380457|0|0|2|2007998464|0|||0|0|61035857.248|48078590.586|1227456.705|7561|0|0|0|2022-04-17 19:11:54.616203+02
1081|1650219645.876122|2022-04-17 20:20:45.876122+02|16432|test|18|172231136|0|306595129|657555902|284990914|181501139|108398049|8387024|0|0|2|2007998464|0|||0|0|61052421.913|48093622.765|1228403.83|7563|0|0|0|2022-04-17 19:11:54.616203+02
1082|1650219646.896166|2022-04-17 20:20:46.896166+02|16432|test|18|172237881|0|306607187|657637714|285005395|181514857|108404790|8393765|0|0|2|2007998464|0|||0|0|61068494.422|48108146.818|1229355.289|7565|0|0|0|2022-04-17 19:11:54.616203+02
1083|1650219647.916921|2022-04-17 20:20:47.916921+02|16432|test|18|172244363|0|306618713|657716761|285019376|181528049|108411268|8400243|0|0|2|2007998464|0|||0|0|61085058.758|48123197.449|1230275.868|7567|0|0|0|2022-04-17 19:11:54.616203+02
1084|1650219648.937260|2022-04-17 20:20:48.93726+02|16432|test|18|172250190|0|306629109|657787542|285031944|181539931|108417091|8406066|0|0|2|2007998464|0|||0|0|61100629.789|48137425.589|1231094.93|7569|0|0|0|2022-04-17 19:11:54.616203+02
1085|1650219649.956731|2022-04-17 20:20:49.956731+02|16432|test|18|172252630|0|306633442|657817597|285037355|181545039|108419527|8408502|0|0|2|2007998464|0|||0|0|61112587.57|48148804.794|1231441.92|7571|0|0|0|2022-04-17 19:11:54.616203+02
1086|1650219650.976489|2022-04-17 20:20:50.976489+02|16432|test|18|172257375|0|306641989|657875201|285047622|181554757|108424268|8413243|0|0|2|2007998464|0|||0|0|61138113.038|48173217.238|1232106.187|7573|0|0|0|2022-04-17 19:11:54.616203+02
1087|1650219651.996049|2022-04-17 20:20:51.996049+02|16432|test|18|172263378|0|306652668|657948019|285060578|181566991|108430267|8419242|0|0|2|2007998464|0|||0|0|61154256.311|48188003.395|1232916.956|7575|0|0|0|2022-04-17 19:11:54.616203+02
1088|1650219653.015960|2022-04-17 20:20:53.01596+02|16432|test|18|172269485|0|306663534|658022072|285073722|181579433|108436370|8425345|0|0|2|2007998464|0|||0|0|61170379.657|48202756.032|1233742.291|7577|0|0|0|2022-04-17 19:11:54.616203+02
1089|1650219654.035930|2022-04-17 20:20:54.03593+02|16432|test|18|172276303|0|306675833|658105366|285088430|181593297|108443184|8432159|0|0|2|2007998464|0|||0|0|61186931.804|48217734.331|1234701.188|7579|0|0|0|2022-04-17 19:11:54.616203+02
1090|1650219655.055520|2022-04-17 20:20:55.05552+02|16432|test|18|172282777|0|306687323|658183693|285102383|181606473|108449654|8438629|0|0|2|2007998464|0|||0|0|61203007.588|48232307.713|1235617.567|7581|0|0|0|2022-04-17 19:11:54.616203+02
1091|1650219656.075442|2022-04-17 20:20:56.075442+02|16432|test|18|172289895|0|306700000|658270213|285117723|181620937|108456768|8445743|0|0|2|2007998464|0|||0|0|61220077.499|48247686.499|1236646.882|7583|0|0|0|2022-04-17 19:11:54.616203+02
1092|1650219657.095694|2022-04-17 20:20:57.095694+02|16432|test|18|172296504|0|306711766|658350163|285131908|181634383|108463373|8452348|0|0|2|2007998464|0|||0|0|61236191.728|48262318.629|1237550.309|7585|0|0|0|2022-04-17 19:11:54.616203+02
1093|1650219658.116237|2022-04-17 20:20:58.116237+02|16432|test|18|172301187|0|306720039|658407193|285142051|181643977|108468052|8457027|0|0|2|2007998464|0|||0|0|61248849.661|48273855.501|1238219.524|7587|0|0|0|2022-04-17 19:11:54.616203+02
1094|1650219659.135960|2022-04-17 20:20:59.13596+02|16432|test|18|172304085|0|306725222|658442499|285148407|181650001|108470946|8459921|0|0|2|2007998464|0|||0|0|61268156.038|48292480.409|1238623.306|7589|0|0|0|2022-04-17 19:11:54.616203+02
1095|1650219660.156313|2022-04-17 20:21:00.156313+02|16432|test|18|172310566|0|306736759|658521118|285162340|181663191|108477423|8466398|0|0|2|2007998464|0|||0|0|61284255.658|48307070.834|1239532.512|7591|0|0|0|2022-04-17 19:11:54.616203+02
1096|1650219661.176473|2022-04-17 20:21:01.176473+02|16432|test|18|172317007|0|306748203|658599136|285176212|181676301|108483860|8472835|0|0|2|2007998464|0|||0|0|61300365.961|48321629.738|1240468.105|7593|0|0|0|2022-04-17 19:11:54.616203+02
1097|1650219662.196242|2022-04-17 20:21:02.196242+02|16432|test|18|172323695|0|306760049|658680334|285190591|181689905|108490544|8479519|0|0|2|2007998464|0|||0|0|61316429.471|48336198.466|1241370.448|7595|0|0|0|2022-04-17 19:11:54.616203+02
1098|1650219663.216718|2022-04-17 20:21:03.216718+02|16432|test|18|172330517|0|306772116|658762732|285205235|181703777|108497362|8486337|0|0|2|2007998464|0|||0|0|61332475.851|48350708.04|1242290.814|7597|0|0|0|2022-04-17 19:11:54.616203+02
1099|1650219664.238322|2022-04-17 20:21:04.238322+02|16432|test|18|172337539|0|306784676|658847484|285220308|181718049|108504380|8493355|0|0|2|2007998464|0|||0|0|61348550.752|48365181.669|1243278.073|7599|0|0|0|2022-04-17 19:11:54.616203+02
1100|1650219665.258203|2022-04-17 20:21:05.258203+02|16432|test|19|172342227|0|306792997|658904481|285230471|181727653|108509064|8498039|0|0|2|2007998464|0|||0|0|61366544.819|48382082.821|1243927.089|7601|0|0|0|2022-04-17 19:11:54.616203+02
1101|1650219666.279497|2022-04-17 20:21:06.279497+02|16432|test|19|172347050|0|306801665|658963337|285240923|181737527|108513883|8502858|0|0|2|2007998464|0|||0|0|61382632.245|48397006.349|1244645.695|7603|0|0|0|2022-04-17 19:11:54.616203+02
1102|1650219667.300024|2022-04-17 20:21:07.300024+02|16432|test|19|172353306|0|306812785|659038813|285254329|181750267|108520135|8509110|0|0|2|2007998464|0|||0|0|61398716.065|48411574.755|1245592.922|7605|0|0|0|2022-04-17 19:11:54.616203+02
1103|1650219668.320683|2022-04-17 20:21:08.320683+02|16432|test|18|172359950|0|306853753|659120811|285270212|181764133|108526771|8515752|0|0|2|2007998464|0|||0|0|61414793.41|48426037.186|1246603.344|7607|0|0|0|2022-04-17 19:11:54.616203+02
1104|1650219669.341904|2022-04-17 20:21:09.341904+02|16432|test|18|172367113|0|306866467|659207498|285285586|181778687|108533930|8522911|0|0|2|2007998464|0|||0|0|61430863.62|48440415.065|1247658.229|7609|0|0|0|2022-04-17 19:11:54.616203+02
1105|1650219670.363378|2022-04-17 20:21:10.363378+02|16432|test|18|172371985|0|306875125|659266600|285296111|181788659|108538798|8527779|0|0|2|2007998464|0|||0|0|61448010.526|48456422.821|1248358.103|7611|0|0|0|2022-04-17 19:11:54.616203+02
1106|1650219671.383772|2022-04-17 20:21:11.383772+02|16432|test|18|172379177|0|306887990|659353869|285311578|181803271|108545986|8534967|0|0|2|2007998464|0|||0|0|61464123.655|48470845.282|1249405.096|7613|0|0|0|2022-04-17 19:11:54.616203+02
1107|1650219672.403618|2022-04-17 20:21:12.403618+02|16432|test|18|172386622|0|306901239|659444019|285327559|181818389|108553427|8542408|0|0|2|2007998464|0|||0|0|61480203.96|48485193.754|1250469.017|7615|0|0|0|2022-04-17 19:11:54.616203+02
1108|1650219673.424023|2022-04-17 20:21:13.424023+02|16432|test|18|172393903|0|306914207|659532271|285343199|181833179|108560704|8549685|0|0|2|2007998464|0|||0|0|61496263.107|48499455.688|1251579.562|7617|0|0|0|2022-04-17 19:11:54.616203+02
1109|1650219674.444870|2022-04-17 20:21:14.44487+02|16432|test|18|172401576|0|306927886|659625084|285359656|181848753|108568373|8557354|0|0|2|2007998464|0|||0|0|61512330.076|48513802.923|1252641.813|7619|0|0|0|2022-04-17 19:11:54.616203+02
1110|1650219675.464896|2022-04-17 20:21:15.464896+02|16432|test|18|172408961|0|306941145|659714782|285375509|181863751|108575754|8564735|0|0|2|2007998464|0|||0|0|61528398.608|48528112.721|1253737.614|7621|0|0|0|2022-04-17 19:11:54.616203+02
1111|1650219676.485649|2022-04-17 20:21:16.485649+02|16432|test|18|172416009|0|306953561|659799453|285390600|181878075|108582798|8571779|0|0|2|2007998464|0|||0|0|61544450.714|48542465.619|1254790.749|7623|0|0|0|2022-04-17 19:11:54.616203+02
1112|1650219677.507745|2022-04-17 20:21:17.507745+02|16432|test|18|172423037|0|306966100|659884563|285405682|181892359|108589822|8578803|0|0|2|2007998464|0|||0|0|61560630.658|48556957.711|1255836.553|7625|0|0|0|2022-04-17 19:11:54.616203+02
1113|1650219678.527573|2022-04-17 20:21:18.527573+02|16432|test|18|172425787|0|306970973|659918291|285411755|181898087|108592568|8581549|0|0|2|2007998464|0|||0|0|61576870.136|48572593.461|1256196.933|7627|0|0|0|2022-04-17 19:11:54.616203+02
1114|1650219679.548731|2022-04-17 20:21:19.548731+02|16432|test|18|172432520|0|306982910|659999715|285426187|181911781|108599297|8588278|0|0|2|2007998464|0|||0|0|61593059.776|48587207.434|1257172.39|7629|0|0|0|2022-04-17 19:11:54.616203+02
1115|1650219680.569637|2022-04-17 20:21:20.569637+02|16432|test|18|172439713|0|306995666|660086547|285441602|181926395|108606486|8595467|0|0|2|2007998464|0|||0|0|61609134.999|48601699.153|1258148.522|7631|0|0|0|2022-04-17 19:11:54.616203+02
1116|1650219681.589987|2022-04-17 20:21:21.589987+02|16432|test|18|172446619|0|307007982|660169696|285456366|181940435|108613388|8602369|0|0|2|2007998464|0|||0|0|61625210.313|48616061.317|1259204.644|7633|0|0|0|2022-04-17 19:11:54.616203+02
1117|1650219682.610099|2022-04-17 20:21:22.610099+02|16432|test|18|172452916|0|307019228|660246043|285469903|181953257|108619681|8608662|0|0|2|2007998464|0|||0|0|61641465.477|48630819.187|1260117.389|7635|0|0|0|2022-04-17 19:11:54.616203+02
1118|1650219683.631345|2022-04-17 20:21:23.631345+02|16432|test|18|172457745|0|307027856|660304565|285480370|181963143|108624506|8613487|0|0|2|2007998464|0|||0|0|61657539.27|48645832.004|1260742.623|7637|0|0|0|2022-04-17 19:11:54.616203+02
1119|1650219684.651861|2022-04-17 20:21:24.651861+02|16432|test|18|172463589|0|307038160|660375324|285492951|181975059|108630346|8619327|0|0|2|2007998464|0|||0|0|61673621.454|48660611.338|1261508.338|7639|0|0|0|2022-04-17 19:11:54.616203+02
1120|1650219685.673252|2022-04-17 20:21:25.673252+02|16432|test|18|172470445|0|307050481|660458544|285507704|181988999|108637198|8626179|0|0|2|2007998464|0|||0|0|61689686.886|48675036.149|1262517.284|7641|0|0|0|2022-04-17 19:11:54.616203+02
1121|1650219686.694450|2022-04-17 20:21:26.69445+02|16432|test|18|172477686|0|307063401|660545755|285523223|182003709|108644435|8633416|0|0|2|2007998464|0|||0|0|61706246.478|48689894.211|1263559.249|7643|0|0|0|2022-04-17 19:11:54.616203+02
1122|1650219687.714178|2022-04-17 20:21:27.714178+02|16432|test|18|172485984|0|307078272|660646256|285541012|182020533|108652729|8641710|0|0|2|2007998464|0|||0|0|61724830.96|48706523.476|1264769.976|7645|0|0|0|2022-04-17 19:11:54.616203+02
1123|1650219688.734322|2022-04-17 20:21:28.734322+02|16432|test|18|172491713|0|307088350|660715287|285553322|182032219|108658454|8647435|0|0|2|2007998464|0|||0|0|61740386.023|48720738.671|1265593.576|7647|0|0|0|2022-04-17 19:11:54.616203+02
1124|1650219689.755286|2022-04-17 20:21:29.755286+02|16432|test|18|172498668|0|307100623|660799013|285568192|182046357|108665405|8654386|0|0|2|2007998464|0|||0|0|61759027|48737726.606|1266639.533|7649|0|0|0|2022-04-17 19:11:54.616203+02
1125|1650219690.775725|2022-04-17 20:21:30.775725+02|16432|test|18|172507244|0|307115916|660902236|285586479|182063737|108673977|8662958|0|0|2|2007998464|0|||0|0|61777090.566|48753758.72|1267902.433|7651|0|0|0|2022-04-17 19:11:54.616203+02
1126|1650219691.796377|2022-04-17 20:21:31.796377+02|16432|test|18|172515619|0|307130871|661003477|285604355|182080715|108682348|8671329|0|0|2|2007998464|0|||0|0|61793648.376|48768325.738|1269158.254|7653|0|0|0|2022-04-17 19:11:54.616203+02
1127|1650219692.817087|2022-04-17 20:21:32.817087+02|16432|test|18|172524007|0|307145709|661104000|285622226|182097719|108690732|8679713|0|0|2|2007998464|0|||0|0|61809694.966|48782403.495|1270399.138|7655|0|0|0|2022-04-17 19:11:54.616203+02
1128|1650219693.837385|2022-04-17 20:21:33.837385+02|16432|test|18|172531921|0|307159715|661199645|285639172|182113775|108698642|8687623|0|0|2|2007998464|0|||0|0|61825763.106|48796576.594|1271583.713|7657|0|0|0|2022-04-17 19:11:54.616203+02
1129|1650219694.858475|2022-04-17 20:21:34.858475+02|16432|test|18|172540063|0|307174281|661297735|285656577|182130287|108706780|8695761|0|0|2|2007998464|0|||0|0|61841817.269|48810635.141|1272836.726|7659|0|0|0|2022-04-17 19:11:54.616203+02
1130|1650219695.878751|2022-04-17 20:21:35.878751+02|16432|test|18|172544549|0|307182247|661351948|285666259|182139487|108711262|8700243|0|0|2|2007998464|0|||0|0|61857994.024|48825596.014|1273571.907|7661|0|0|0|2022-04-17 19:11:54.616203+02
1131|1650219696.901684|2022-04-17 20:21:36.901684+02|16432|test|18|172553209|0|307197902|661456626|285684796|182157035|108719918|8708899|0|0|2|2007998464|0|||0|0|61874060.793|48839526.716|1274928.602|7663|0|0|0|2022-04-17 19:11:54.616203+02
1132|1650219697.923576|2022-04-17 20:21:37.923576+02|16432|test|18|172561938|0|307213326|661561134|285703381|182174721|108728643|8717624|0|0|2|2007998464|0|||0|0|61890128.777|48853404.159|1276317.276|7665|0|0|0|2022-04-17 19:11:54.616203+02
1133|1650219698.945086|2022-04-17 20:21:38.945086+02|16432|test|18|172570621|0|307228771|661665880|285721955|182192315|108737322|8726303|0|0|2|2007998464|0|||0|0|61906199.759|48867370.991|1277635.317|7667|0|0|0|2022-04-17 19:11:54.616203+02
1134|1650219699.966589|2022-04-17 20:21:39.966589+02|16432|test|18|172579426|0|307244641|661772355|285740838|182210153|108746123|8735104|0|0|2|2007998464|0|||0|0|61922262.339|48881254.545|1279020.744|7669|0|0|0|2022-04-17 19:11:54.616203+02
1135|1650219700.987274|2022-04-17 20:21:40.987274+02|16432|test|18|172588587|0|307260929|661882304|285760393|182228703|108755280|8744261|0|0|2|2007998464|0|||0|0|61938340.187|48894992.987|1280509.976|7671|0|0|0|2022-04-17 19:11:54.616203+02
1136|1650219702.009649|2022-04-17 20:21:42.009649+02|16432|test|18|172594979|0|307272325|661959439|285774079|182241715|108761668|8750649|0|0|2|2007998464|0|||0|0|61954592.878|48909629.141|1281523.392|7673|0|0|0|2022-04-17 19:11:54.616203+02
1137|1650219703.031209|2022-04-17 20:21:43.031209+02|16432|test|18|172601859|0|307284655|662042421|285788833|182255703|108768544|8757525|0|0|2|2007998464|0|||0|0|61970641.4|48924051.493|1282546.567|7675|0|0|0|2022-04-17 19:11:54.616203+02
1138|1650219704.051946|2022-04-17 20:21:44.051946+02|16432|test|18|172610540|0|307300162|662146719|285807392|182273293|108777221|8766202|0|0|2|2007998464|0|||0|0|61986699.092|48937991.915|1283888.663|7677|0|0|0|2022-04-17 19:11:54.616203+02
1139|1650219705.073690|2022-04-17 20:21:45.07369+02|16432|test|18|172619346|0|307315829|662253075|285826208|182291133|108786023|8775004|0|0|2|2007998464|0|||0|0|62002756.363|48951855.563|1285281.997|7679|0|0|0|2022-04-17 19:11:54.616203+02
1140|1650219706.095747|2022-04-17 20:21:46.095747+02|16432|test|18|172628592|0|307332445|662364132|285845906|182309853|108795265|8784246|0|0|2|2007998464|0|||0|0|62018810.073|48965603.337|1286762.975|7681|0|0|0|2022-04-17 19:11:54.616203+02
1141|1650219707.116737|2022-04-17 20:21:47.116737+02|16432|test|18|172637588|0|307348348|662472380|285865109|182328073|108804257|8793238|0|0|2|2007998464|0|||0|0|62034878.545|48979445.893|1288174.231|7683|0|0|0|2022-04-17 19:11:54.616203+02
1142|1650219708.137641|2022-04-17 20:21:48.137641+02|16432|test|18|172646916|0|307365166|662584674|285884980|182346957|108813581|8802562|0|0|2|2007998464|0|||0|0|62050952.018|48993255.262|1289634.833|7685|0|0|0|2022-04-17 19:11:54.616203+02
1143|1650219709.158603|2022-04-17 20:21:49.158603+02|16432|test|18|172655998|0|307381292|662693447|285904323|182365349|108822659|8811640|0|0|2|2007998464|0|||0|0|62066998.115|49007020.571|1291087.28|7687|0|0|0|2022-04-17 19:11:54.616203+02
1144|1650219710.178321|2022-04-17 20:21:50.178321+02|16432|test|18|172660470|0|307389280|662747080|285913983|182374521|108827127|8816108|0|0|2|2007998464|0|||0|0|62083220.721|49022157.828|1291758.364|7689|0|0|0|2022-04-17 19:11:54.616203+02
1145|1650219711.199450|2022-04-17 20:21:51.19945+02|16432|test|18|172669180|0|307404745|662851915|285932561|182392169|108835833|8824814|0|0|2|2007998464|0|||0|0|62099274.121|49036102.8|1293085.217|7691|0|0|0|2022-04-17 19:11:54.616203+02
1146|1650219712.219841|2022-04-17 20:21:52.219841+02|16432|test|18|172678088|0|307420713|662958834|285951548|182410213|108844737|8833718|0|0|2|2007998464|0|||0|0|62115327.256|49049870.045|1294534.627|7693|0|0|0|2022-04-17 19:11:54.616203+02
1147|1650219713.240642|2022-04-17 20:21:53.240642+02|16432|test|18|172687626|0|307437585|663073552|285971894|182429517|108854271|8843252|0|0|2|2007998464|0|||0|0|62132393.079|49064438.902|1296146.289|7695|0|0|0|2022-04-17 19:11:54.616203+02
1148|1650219714.261367|2022-04-17 20:21:54.261367+02|16432|test|18|172696910|0|307454197|663185099|285991696|182448313|108863551|8852532|0|0|2|2007998464|0|||0|0|62148434.229|49078197.747|1297603.788|7697|0|0|0|2022-04-17 19:11:54.616203+02
1149|1650219715.282506|2022-04-17 20:21:55.282506+02|16432|test|18|172705984|0|307470352|663294315|286011029|182466689|108872621|8861602|0|0|2|2007998464|0|||0|0|62164504.052|49092011.487|1299046.077|7699|0|0|0|2022-04-17 19:11:54.616203+02
1150|1650219716.302809|2022-04-17 20:21:56.302809+02|16432|test|18|172715846|0|307487950|663412951|286032067|182486641|108882479|8871460|0|0|2|2007998464|0|||0|0|62181553.024|49106576.627|1300627.1|7701|0|0|0|2022-04-17 19:11:54.616203+02
1151|1650219717.323571|2022-04-17 20:21:57.323571+02|16432|test|18|172720442|0|307496102|663468490|286041984|182496061|108887071|8876052|0|0|2|2007998464|0|||0|0|62197179.389|49121049.961|1301354.642|7703|0|0|0|2022-04-17 19:11:54.616203+02
1152|1650219718.346543|2022-04-17 20:21:58.346543+02|16432|test|18|172729810|0|307512863|663580699|286061890|182515025|108896435|8885416|0|0|2|2007998464|0|||0|0|62214732.203|49136295.233|1302816.543|7705|0|0|0|2022-04-17 19:11:54.616203+02
1153|1650219719.366440|2022-04-17 20:21:59.36644+02|16432|test|18|172741193|0|307533217|663717596|286086103|182538019|108907814|8896795|0|0|2|2007998464|0|||0|0|62234791.5|49153458.327|1304669.966|7707|0|0|0|2022-04-17 19:11:54.616203+02
1154|1650219720.386979|2022-04-17 20:22:00.386979+02|16432|test|18|172751295|0|307551242|663839218|286107628|182558451|108917912|8906893|0|0|2|2007998464|0|||0|0|62251845.418|49167945.72|1306312.058|7709|0|0|0|2022-04-17 19:11:54.616203+02
1155|1650219721.407416|2022-04-17 20:22:01.407416+02|16432|test|18|172760669|0|307567885|663951925|286127581|182577427|108927282|8916263|0|0|2|2007998464|0|||0|0|62267905.794|49181593.507|1307846.369|7711|0|0|0|2022-04-17 19:11:54.616203+02
1156|1650219722.427899|2022-04-17 20:22:02.427899+02|16432|test|18|172769590|0|307583678|664059099|286146580|182595497|108936199|8925180|0|0|2|2007998464|0|||0|0|62283957.928|49195436.896|1309243.418|7713|0|0|0|2022-04-17 19:11:54.616203+02
1157|1650219723.449208|2022-04-17 20:22:03.449208+02|16432|test|18|172778837|0|307600278|664169966|286166218|182614219|108945442|8934423|0|0|2|2007998464|0|||0|0|62300017.207|49209131.974|1310753.618|7715|0|0|0|2022-04-17 19:11:54.616203+02
1158|1650219724.471973|2022-04-17 20:22:04.471973+02|16432|test|18|172788111|0|307616720|664281149|286185979|182632995|108954712|8943693|0|0|2|2007998464|0|||0|0|62316317.315|49223038.177|1312301.73|7717|0|0|0|2022-04-17 19:11:54.616203+02
1159|1650219725.493396|2022-04-17 20:22:05.493396+02|16432|test|18|172792300|0|307624190|664331881|286195888|182641612|108958895|8947876|0|0|2|2007998464|0|||0|0|62332734.522|49238429.256|1312929.654|7719|0|0|0|2022-04-17 19:11:54.616203+02
1160|1650219726.514445|2022-04-17 20:22:06.514445+02|16432|test|18|172801413|0|307640484|664441536|286215303|182660066|108968004|8956985|0|0|2|2007998464|0|||0|0|62348776.793|49252140.392|1314418.572|7721|0|0|0|2022-04-17 19:11:54.616203+02
1161|1650219727.534110|2022-04-17 20:22:07.53411+02|16432|test|18|172810535|0|307656692|664551002|286234727|182678538|108977122|8966103|0|0|2|2007998464|0|||0|0|62364827.974|49265828.169|1315924.151|7723|0|0|0|2022-04-17 19:11:54.616203+02
1162|1650219728.555073|2022-04-17 20:22:08.555073+02|16432|test|18|172819391|0|307672494|664657649|286253632|182696478|108985974|8974955|0|0|2|2007998464|0|||0|0|62380871.539|49279656.922|1317331.177|7725|0|0|0|2022-04-17 19:11:54.616203+02
1163|1650219729.576051|2022-04-17 20:22:09.576051+02|16432|test|18|172828158|0|307688115|664762698|286272289|182714240|108994737|8983718|0|0|2|2007998464|0|||0|0|62396915.421|49293500.114|1318731.169|7727|0|0|0|2022-04-17 19:11:54.616203+02
1164|1650219730.596933|2022-04-17 20:22:10.596933+02|16432|test|18|172837396|0|307704502|664873502|286291940|182732944|109003971|8992952|0|0|2|2007998464|0|||0|0|62412958.559|49307155.213|1320257.26|7729|0|0|0|2022-04-17 19:11:54.616203+02
1165|1650219731.618391|2022-04-17 20:22:11.618391+02|16432|test|18|172846706|0|307721082|664984989|286311718|182751792|109013277|9002258|0|0|2|2007998464|0|||0|0|62429003.845|49320802.339|1321788.109|7731|0|0|0|2022-04-17 19:11:54.616203+02
1166|1650219732.639530|2022-04-17 20:22:12.63953+02|16432|test|18|172856039|0|307737823|665097288|286331613|182770686|109022606|9011587|0|0|2|2007998464|0|||0|0|62445062.874|49334456.493|1323316.714|7733|0|0|0|2022-04-17 19:11:54.616203+02
1167|1650219733.659126|2022-04-17 20:22:13.659126+02|16432|test|18|172861517|0|307747497|665162870|286343359|182781870|109028080|9017061|0|0|2|2007998464|0|||0|0|62461447.215|49349418.412|1324195.552|7735|0|0|0|2022-04-17 19:11:54.616203+02
1168|1650219734.679167|2022-04-17 20:22:14.679167+02|16432|test|18|172868840|0|307760468|665250893|286358969|182796744|109035399|9024380|0|0|2|2007998464|0|||0|0|62477507.984|49363685.713|1325321.576|7737|0|0|0|2022-04-17 19:11:54.616203+02
1169|1650219735.699070|2022-04-17 20:22:15.69907+02|16432|test|18|172877539|0|307775970|665355545|286377519|182814370|109044094|9033075|0|0|2|2007998464|0|||0|0|62493560.499|49377510.567|1326718.04|7739|0|0|0|2022-04-17 19:11:54.616203+02
1170|1650219736.719493|2022-04-17 20:22:16.719493+02|16432|test|18|172885929|0|307790963|665455980|286395381|182831378|109052480|9041461|0|0|2|2007998464|0|||0|0|62509611.145|49391509.505|1328020.5|7741|0|0|0|2022-04-17 19:11:54.616203+02
1171|1650219737.740095|2022-04-17 20:22:17.740095+02|16432|test|18|172894402|0|307806086|665557417|286413418|182848552|109060949|9049930|0|0|2|2007998464|0|||0|0|62525695.035|49405530.343|1329319.127|7743|0|0|0|2022-04-17 19:11:54.616203+02
1172|1650219738.760290|2022-04-17 20:22:18.76029+02|16432|test|18|172903714|0|307822738|665668706|286433226|182867404|109070257|9059238|0|0|2|2007998464|0|||0|0|62541760.803|49419256.765|1330830.287|7745|0|0|0|2022-04-17 19:11:54.616203+02
1173|1650219739.780808|2022-04-17 20:22:19.780808+02|16432|test|18|172912857|0|307838998|665777907|286452658|182885918|109079396|9068377|0|0|2|2007998464|0|||0|0|62557826.887|49432965.308|1332329.727|7747|0|0|0|2022-04-17 19:11:54.616203+02
1174|1650219740.801932|2022-04-17 20:22:20.801932+02|16432|test|18|172921663|0|307854714|665882863|286471356|182903758|109088198|9077179|0|0|2|2007998464|0|||0|0|62573889.215|49446738.756|1333810.843|7749|0|0|0|2022-04-17 19:11:54.616203+02
1175|1650219741.822379|2022-04-17 20:22:21.822379+02|16432|test|18|172930359|0|307870288|665987043|286489869|182921378|109096890|9085871|0|0|2|2007998464|0|||0|0|62589951.546|49460653.618|1335183.227|7751|0|0|0|2022-04-17 19:11:54.616203+02
1176|1650219742.842561|2022-04-17 20:22:22.842561+02|16432|test|18|172938896|0|307885549|666089403|286508066|182938680|109105423|9094404|0|0|2|2007998464|0|||0|0|62606501.598|49475113.466|1336493.47|7753|0|0|0|2022-04-17 19:11:54.616203+02
1177|1650219743.863159|2022-04-17 20:22:23.863159+02|16432|test|18|172946147|0|307898499|666176345|286523505|182953410|109112670|9101651|0|0|2|2007998464|0|||0|0|62622553.078|49489550.979|1337446.997|7755|0|0|0|2022-04-17 19:11:54.616203+02
1178|1650219744.883409|2022-04-17 20:22:24.883409+02|16432|test|18|172953453|0|307911504|666263819|286539097|182968250|109119972|9108953|0|0|2|2007998464|0|||0|0|62638105.168|49503522.344|1338374.765|7757|0|0|0|2022-04-17 19:11:54.616203+02
1179|1650219745.903540|2022-04-17 20:22:25.90354+02|16432|test|18|172956537|0|307917028|666301150|286545793|182974646|109123052|9112033|0|0|2|2007998464|0|||0|0|62654855.569|49519606.289|1338743.724|7759|0|0|0|2022-04-17 19:11:54.616203+02
1180|1650219746.924219|2022-04-17 20:22:26.924219+02|16432|test|18|172963856|0|307930027|666389089|286561406|182989512|109130367|9119348|0|0|2|2007998464|0|||0|0|62670955.75|49534191.247|1339638.163|7761|0|0|0|2022-04-17 19:11:54.616203+02
1181|1650219747.945552|2022-04-17 20:22:27.945552+02|16432|test|18|172971416|0|307943427|666480002|286577537|183004860|109137923|9126904|0|0|2|2007998464|0|||0|0|62687514.131|49549070.444|1340652.353|7763|0|0|0|2022-04-17 19:11:54.616203+02
1182|1650219748.965783|2022-04-17 20:22:28.965783+02|16432|test|18|172978984|0|307957017|666570902|286593707|183020224|109145487|9134468|0|0|2|2007998464|0|||0|0|62703553.586|49563494.92|1341612.202|7765|0|0|0|2022-04-17 19:11:54.616203+02
1183|1650219749.986113|2022-04-17 20:22:29.986113+02|16432|test|18|172988191|0|307973461|666681144|286613237|183038866|109154690|9143671|0|0|2|2007998464|0|||0|0|62722116.825|49580036.007|1342830.794|7767|0|0|0|2022-04-17 19:11:54.616203+02
1184|1650219751.007508|2022-04-17 20:22:31.007508+02|16432|test|18|172996931|0|307988994|666785644|286631795|183056574|109163426|9152407|0|0|2|2007998464|0|||0|0|62740174.899|49596197.09|1343965.494|7769|0|0|0|2022-04-17 19:11:54.616203+02
1185|1650219752.027469|2022-04-17 20:22:32.027469+02|16432|test|18|173005205|0|308003806|666884442|286649348|183073350|109171696|9160677|0|0|2|2007998464|0|||0|0|62757240.932|49611460.203|1345057.421|7771|0|0|0|2022-04-17 19:11:54.616203+02
1186|1650219753.047952|2022-04-17 20:22:33.047952+02|16432|test|18|173009595|0|308011618|666936944|286658765|183082358|109176082|9165063|0|0|2|2007998464|0|||0|0|62774169.331|49627397.181|1345645.901|7773|0|0|0|2022-04-17 19:11:54.616203+02
1187|1650219754.069746|2022-04-17 20:22:34.069746+02|16432|test|18|173017185|0|308025102|667028141|286674953|183097766|109183668|9172649|0|0|2|2007998464|0|||0|0|62790248.836|49641849.27|1346617.84|7775|0|0|0|2022-04-17 19:11:54.616203+02
1188|1650219755.090765|2022-04-17 20:22:35.090765+02|16432|test|18|173024901|0|308038859|667120307|286691343|183113426|109191380|9180361|0|0|2|2007998464|0|||0|0|62806332.112|49656270.95|1347595.207|7777|0|0|0|2022-04-17 19:11:54.616203+02
1189|1650219756.110648|2022-04-17 20:22:36.110648+02|16432|test|18|173032458|0|308052272|667210709|286707407|183128768|109198933|9187914|0|0|2|2007998464|0|||0|0|62822430.438|49670709.993|1348590.251|7779|0|0|0|2022-04-17 19:11:54.616203+02
1190|1650219757.131692|2022-04-17 20:22:37.131692+02|16432|test|18|173040298|0|308066363|667304607|286724076|183144676|109206769|9195750|0|0|2|2007998464|0|||0|0|62838488.302|49684986.124|1349647.784|7781|0|0|0|2022-04-17 19:11:54.616203+02
1191|1650219758.151887|2022-04-17 20:22:38.151887+02|16432|test|18|173046130|0|308076687|667374658|286736561|183156568|109212597|9201578|0|0|2|2007998464|0|||0|0|62854663.186|49699843.27|1350417.48|7783|0|0|0|2022-04-17 19:11:54.616203+02
1192|1650219759.172693|2022-04-17 20:22:39.172693+02|16432|test|18|173054249|0|308091189|667472408|286753853|183173034|109220712|9209693|0|0|2|2007998464|0|||0|0|62870732.809|49714133.817|1351486.653|7785|0|0|0|2022-04-17 19:11:54.616203+02
1193|1650219760.193935|2022-04-17 20:22:40.193935+02|16432|test|18|173062528|0|308105808|667571441|286771468|183189820|109228987|9217968|0|0|2|2007998464|0|||0|0|62887817.021|49729444.07|1352549.409|7787|0|0|0|2022-04-17 19:11:54.616203+02
1194|1650219761.216411|2022-04-17 20:22:41.216411+02|16432|test|18|173070634|0|308120321|667668789|286788716|183206260|109237089|9226070|0|0|2|2007998464|0|||0|0|62903888.555|49743774.923|1353605.48|7789|0|0|0|2022-04-17 19:11:54.616203+02
1195|1650219762.236545|2022-04-17 20:22:42.236545+02|16432|test|18|173078614|0|308134422|667763878|286805681|183222448|109245065|9234046|0|0|2|2007998464|0|||0|0|62919944.351|49758100.405|1354647.243|7791|0|0|0|2022-04-17 19:11:54.616203+02
1196|1650219763.257531|2022-04-17 20:22:43.257531+02|16432|test|18|173086068|0|308147787|667853232|286821584|183237584|109252515|9241496|0|0|2|2007998464|0|||0|0|62936007.022|49772508.611|1355615.948|7793|0|0|0|2022-04-17 19:11:54.616203+02
1197|1650219764.277881|2022-04-17 20:22:44.277881+02|16432|test|18|173093676|0|308161399|667944133|286837794|183253028|109260119|9249100|0|0|2|2007998464|0|||0|0|62952063.979|49786826.361|1356653.088|7795|0|0|0|2022-04-17 19:11:54.616203+02
1198|1650219765.298651|2022-04-17 20:22:45.298651+02|16432|test|18|173101861|0|308176123|668042116|286855229|183269626|109268300|9257281|0|0|2|2007998464|0|||0|0|62968114.532|49801008.142|1357792.546|7797|0|0|0|2022-04-17 19:11:54.616203+02
1199|1650219766.319292|2022-04-17 20:22:46.319292+02|16432|test|18|173110260|0|308191067|668142518|286873062|183286652|109276695|9265676|0|0|2|2007998464|0|||0|0|62984187.624|49815198.904|1358931.666|7799|0|0|0|2022-04-17 19:11:54.616203+02
1200|1650219767.339799|2022-04-17 20:22:47.339799+02|16432|test|18|173117238|0|308203557|668226288|286887959|183300836|109283669|9272650|0|0|2|2007998464|0|||0|0|63000249.46|49829699.547|1359857.078|7801|0|0|0|2022-04-17 19:11:54.616203+02
1201|1650219768.360782|2022-04-17 20:22:48.360782+02|16432|test|18|173125235|0|308217756|668322086|286904985|183317058|109291662|9280643|0|0|2|2007998464|0|||0|0|63016304.609|49844104.989|1360846.642|7803|0|0|0|2022-04-17 19:11:54.616203+02
1202|1650219769.380728|2022-04-17 20:22:49.380728+02|16432|test|18|173129171|0|308224759|668369337|286913469|183325158|109295594|9284575|0|0|2|2007998464|0|||0|0|63033563.39|49860488.819|1361361.975|7805|0|0|0|2022-04-17 19:11:54.616203+02
1203|1650219770.400443|2022-04-17 20:22:50.400443+02|16432|test|18|173136534|0|308237945|668457440|286929174|183340112|109302953|9291934|0|0|2|2007998464|0|||0|0|63049618.522|49874850.253|1362389.805|7807|0|0|0|2022-04-17 19:11:54.616203+02
1204|1650219771.420450|2022-04-17 20:22:51.42045+02|16432|test|18|173144978|0|308252986|668558553|286947094|183357228|109311393|9300374|0|0|2|2007998464|0|||0|0|63065680.089|49889070.185|1363506.921|7809|0|0|0|2022-04-17 19:11:54.616203+02
1205|1650219772.440612|2022-04-17 20:22:52.440612+02|16432|test|18|173152795|0|308266877|668652089|286963737|183373090|109319206|9308187|0|0|2|2007998464|0|||0|0|63081737.013|49903414.137|1364525.511|7811|0|0|0|2022-04-17 19:11:54.616203+02
1206|1650219773.460473|2022-04-17 20:22:53.460473+02|16432|test|18|173160911|0|308281386|668749195|286980973|183389550|109327318|9316299|0|0|2|2007998464|0|||0|0|63097786.107|49917626.782|1365636.018|7813|0|0|0|2022-04-17 19:11:54.616203+02
1207|1650219774.481138|2022-04-17 20:22:54.481138+02|16432|test|18|173168996|0|308295714|668845694|286998175|183405948|109335399|9324380|0|0|2|2007998464|0|||0|0|63113854.741|49931954.481|1366696.61|7815|0|0|0|2022-04-17 19:11:54.616203+02
1208|1650219775.501003|2022-04-17 20:22:55.501003+02|16432|test|18|173177112|0|308310180|668943063|287015443|183422408|109343511|9332492|0|0|2|2007998464|0|||0|0|63129900.161|49946145.459|1367802.997|7817|0|0|0|2022-04-17 19:11:54.616203+02
1209|1650219776.522367|2022-04-17 20:22:56.522367+02|16432|test|18|173185179|0|308324587|669039306|287032567|183438770|109351574|9340555|0|0|2|2007998464|0|||0|0|63145993.77|49960467.174|1368865.853|7819|0|0|0|2022-04-17 19:11:54.616203+02
1210|1650219777.543806|2022-04-17 20:22:57.543806+02|16432|test|18|173193605|0|308339491|669139860|287050442|183455850|109359996|9348977|0|0|2|2007998464|0|||0|0|63162544.259|49975228.953|1369929.065|7821|0|0|0|2022-04-17 19:11:54.616203+02
1211|1650219778.564549|2022-04-17 20:22:58.564549+02|16432|test|18|173201138|0|308352918|669229874|287066461|183471144|109367525|9356506|0|0|2|2007998464|0|||0|0|63178609.525|49989645.737|1370903.847|7823|0|0|0|2022-04-17 19:11:54.616203+02
1212|1650219779.584850|2022-04-17 20:22:59.58485+02|16432|test|18|173208794|0|308366672|669321235|287082731|183486684|109375177|9364158|0|0|2|2007998464|0|||0|0|63194659.007|50003991.912|1371930.021|7825|0|0|0|2022-04-17 19:11:54.616203+02
1213|1650219780.605354|2022-04-17 20:23:00.605354+02|16432|test|18|173216702|0|308380796|669416080|287099572|183502728|109383081|9372062|0|0|2|2007998464|0|||0|0|63210711.33|50018195.391|1373061.257|7827|0|0|0|2022-04-17 19:11:54.616203+02
1214|1650219781.624759|2022-04-17 20:23:01.624759+02|16432|test|18|173220339|0|308387270|669459779|287107404|183510230|109386714|9375695|0|0|2|2007998464|0|||0|0|63227457.249|50034078.678|1373580.386|7829|0|0|0|2022-04-17 19:11:54.616203+02
1215|1650219782.644235|2022-04-17 20:23:02.644235+02|16432|test|18|173226916|0|308398919|669538226|287121385|183523612|109393287|9382268|0|0|2|2007998464|0|||0|0|63243528.692|50048730.284|1374417.695|7831|0|0|0|2022-04-17 19:11:54.616203+02
1216|1650219783.666163|2022-04-17 20:23:03.666163+02|16432|test|18|173234003|0|308411506|669622397|287136433|183538014|109400370|9389351|0|0|2|2007998464|0|||0|0|63259576.92|50063160.081|1375363.262|7833|0|0|0|2022-04-17 19:11:54.616203+02
1217|1650219784.687651|2022-04-17 20:23:04.687651+02|16432|test|18|173241086|0|308424074|669707266|287151496|183552408|109407449|9396430|0|0|2|2007998464|0|||0|0|63275674.539|50077614.438|1376332.873|7835|0|0|0|2022-04-17 19:11:54.616203+02
1218|1650219785.709829|2022-04-17 20:23:05.709829+02|16432|test|19|173248458|0|308437251|669795207|287167136|183567380|109414817|9403798|0|0|2|2007998464|0|||0|0|63291733.348|50091891.513|1377392.376|7837|0|0|0|2022-04-17 19:11:54.616203+02
1219|1650219786.730653|2022-04-17 20:23:06.730653+02|16432|test|19|173255727|0|308450277|669882118|287182579|183582146|109422082|9411063|0|0|2|2007998464|0|||0|0|63308796.843|50107193.423|1378454.266|7839|0|0|0|2022-04-17 19:11:54.616203+02
1220|1650219787.750879|2022-04-17 20:23:07.750879+02|16432|test|18|173264809|0|308495677|669992124|287203488|183600888|109431156|9420143|0|0|2|2007998464|0|||0|0|63327371.356|50123539.646|1379800.292|7841|0|0|0|2022-04-17 19:11:54.616203+02
1221|1650219788.771528|2022-04-17 20:23:08.771528+02|16432|test|18|173272480|0|308509233|670083739|287219760|183616458|109438823|9427810|0|0|2|2007998464|0|||0|0|63343432.118|50137853.533|1380861.499|7843|0|0|0|2022-04-17 19:11:54.616203+02
1222|1650219789.791177|2022-04-17 20:23:09.791177+02|16432|test|18|173281126|0|308524716|670186945|287238072|183633978|109447465|9436452|0|0|2|2007998464|0|||0|0|63362008.484|50154385.934|1382080.056|7845|0|0|0|2022-04-17 19:11:54.616203+02
1223|1650219790.813458|2022-04-17 20:23:10.813458+02|16432|test|18|173289482|0|308539719|670286731|287255780|183650918|109455817|9444804|0|0|2|2007998464|0|||0|0|63379574.464|50170059.526|1383209.629|7847|0|0|0|2022-04-17 19:11:54.616203+02
1224|1650219791.833414|2022-04-17 20:23:11.833414+02|16432|test|18|173296136|0|308551462|670366147|287269949|183664454|109462467|9451454|0|0|2|2007998464|0|||0|0|63395653.372|50184660.508|1384084.372|7849|0|0|0|2022-04-17 19:11:54.616203+02
1225|1650219792.854096|2022-04-17 20:23:12.854096+02|16432|test|18|173303760|0|308564892|670456861|287286087|183679930|109470087|9459074|0|0|2|2007998464|0|||0|0|63411716.119|50198949.761|1385118.726|7851|0|0|0|2022-04-17 19:11:54.616203+02
1226|1650219793.874533|2022-04-17 20:23:13.874533+02|16432|test|18|173309779|0|308575494|670528897|287298883|183692196|109476102|9465089|0|0|2|2007998464|0|||0|0|63427828.756|50213638.991|1385962.829|7853|0|0|0|2022-04-17 19:11:54.616203+02
1227|1650219794.895670|2022-04-17 20:23:14.89567+02|16432|test|18|173314953|0|308584769|670590585|287309878|183702772|109481272|9470259|0|0|2|2007998464|0|||0|0|63444124.237|50228708.321|1386699.792|7855|0|0|0|2022-04-17 19:11:54.616203+02
1228|1650219795.916950|2022-04-17 20:23:15.91695+02|16432|test|18|173320535|0|308594665|670657252|287321786|183714164|109486850|9475837|0|0|2|2007998464|0|||0|0|63460183.877|50243504.403|1387452.421|7857|0|0|0|2022-04-17 19:11:54.616203+02
1229|1650219796.938050|2022-04-17 20:23:16.93805+02|16432|test|18|173327962|0|308607980|670745954|287337513|183729246|109494273|9483260|0|0|2|2007998464|0|||0|0|63476234.281|50257913.681|1388426.294|7859|0|0|0|2022-04-17 19:11:54.616203+02
1230|1650219797.958027|2022-04-17 20:23:17.958027+02|16432|test|18|173335201|0|308620700|670832011|287352834|183743952|109501508|9490495|0|0|2|2007998464|0|||0|0|63492282.198|50272447.94|1389328.762|7861|0|0|0|2022-04-17 19:11:54.616203+02
1231|1650219798.978342|2022-04-17 20:23:18.978342+02|16432|test|18|173342770|0|308634122|670922471|287368879|183759318|109509073|9498060|0|0|2|2007998464|0|||0|0|63508354.203|50286881.669|1390303.979|7863|0|0|0|2022-04-17 19:11:54.616203+02
1232|1650219800.001318|2022-04-17 20:23:20.001318+02|16432|test|18|173350139|0|308647208|671010235|287384457|183774284|109516438|9505425|0|0|2|2007998464|0|||0|0|63524427.037|50301310.505|1391288.119|7865|0|0|0|2022-04-17 19:11:54.616203+02
1233|1650219801.022626|2022-04-17 20:23:21.022626+02|16432|test|18|173356737|0|308658910|671089044|287398446|183787708|109523032|9512019|0|0|2|2007998464|0|||0|0|63541575.777|50316971.44|1392175.936|7867|0|0|0|2022-04-17 19:11:54.616203+02
1234|1650219802.044416|2022-04-17 20:23:22.044416+02|16432|test|18|173363221|0|308670402|671166358|287412161|183800904|109529512|9518499|0|0|2|2007998464|0|||0|0|63557622.961|50331475.404|1393097.733|7869|0|0|0|2022-04-17 19:11:54.616203+02
1235|1650219803.064658|2022-04-17 20:23:23.064658+02|16432|test|18|173370965|0|308684118|671259041|287428543|183816620|109537252|9526239|0|0|2|2007998464|0|||0|0|63573685.202|50345755.993|1394169.768|7871|0|0|0|2022-04-17 19:11:54.616203+02
1236|1650219804.086614|2022-04-17 20:23:24.086614+02|16432|test|18|173378553|0|308697586|671349806|287444616|183832024|109544836|9533823|0|0|2|2007998464|0|||0|0|63589743.885|50360080.531|1395195.955|7873|0|0|0|2022-04-17 19:11:54.616203+02
1237|1650219805.107118|2022-04-17 20:23:25.107118+02|16432|test|18|173386035|0|308710853|671439122|287460424|183847216|109552314|9541301|0|0|2|2007998464|0|||0|0|63605845.95|50374465.928|1396223.644|7875|0|0|0|2022-04-17 19:11:54.616203+02
1238|1650219806.128485|2022-04-17 20:23:26.128485+02|16432|test|18|173392095|0|308721608|671511685|287473281|183859564|109558370|9547357|0|0|2|2007998464|0|||0|0|63621902.748|50389058.148|1397097.756|7877|0|0|0|2022-04-17 19:11:54.616203+02
1239|1650219807.148782|2022-04-17 20:23:27.148782+02|16432|test|18|173400033|0|308735650|671606301|287490047|183875668|109566304|9555291|0|0|2|2007998464|0|||0|0|63637957.427|50403319.004|1398174.051|7879|0|0|0|2022-04-17 19:11:54.616203+02
1240|1650219808.168957|2022-04-17 20:23:28.168957+02|16432|test|18|173408176|0|308750086|671703065|287507221|183892182|109574443|9563430|0|0|2|2007998464|0|||0|0|63654507.061|50418014.272|1399264.056|7881|0|0|0|2022-04-17 19:11:54.616203+02
1241|1650219809.188723|2022-04-17 20:23:29.188723+02|16432|test|18|173414726|0|308761754|671781202|287521107|183905510|109580989|9569976|0|0|2|2007998464|0|||0|0|63670759.323|50432739.911|1400168.748|7883|0|0|0|2022-04-17 19:11:54.616203+02
1242|1650219810.211082|2022-04-17 20:23:30.211082+02|16432|test|18|173422058|0|308774802|671868938|287536645|183920402|109588317|9577304|0|0|2|2007998464|0|||0|0|63686813.872|50447188.902|1401130.672|7885|0|0|0|2022-04-17 19:11:54.616203+02
1243|1650219811.232662|2022-04-17 20:23:31.232662+02|16432|test|18|173429636|0|308788174|671959012|287552597|183935786|109595891|9584878|0|0|2|2007998464|0|||0|0|63702875.368|50461607.261|1402109.305|7887|0|0|0|2022-04-17 19:11:54.616203+02
1244|1650219812.252303|2022-04-17 20:23:32.252303+02|16432|test|18|173437622|0|308802316|672054053|287569454|183951986|109603873|9592860|0|0|2|2007998464|0|||0|0|63718917.864|50475792.691|1403222.752|7889|0|0|0|2022-04-17 19:11:54.616203+02
1245|1650219813.274799|2022-04-17 20:23:33.274799+02|16432|test|18|173445528|0|308816333|672148263|287586132|183968026|109611775|9600762|0|0|2|2007998464|0|||0|0|63734984.78|50490041.56|1404308.241|7891|0|0|0|2022-04-17 19:11:54.616203+02
1246|1650219814.296424|2022-04-17 20:23:34.296424+02|16432|test|18|173453581|0|308830524|672243817|287603070|183984360|109619824|9608811|0|0|2|2007998464|0|||0|0|63751035.318|50504209.915|1405438.79|7893|0|0|0|2022-04-17 19:11:54.616203+02
1247|1650219815.316781|2022-04-17 20:23:35.316781+02|16432|test|18|173461614|0|308844721|672339142|287619988|184000654|109627853|9616840|0|0|2|2007998464|0|||0|0|63767601.039|50518968.552|1406520.159|7895|0|0|0|2022-04-17 19:11:54.616203+02
1248|1650219816.337463|2022-04-17 20:23:36.337463+02|16432|test|18|173469546|0|308858802|672433227|287636666|184016746|109635781|9624768|0|0|2|2007998464|0|||0|0|63783661.286|50533106.768|1407676.099|7897|0|0|0|2022-04-17 19:11:54.616203+02
1249|1650219817.359271|2022-04-17 20:23:37.359271+02|16432|test|18|173477683|0|308873088|672530292|287653809|184033248|109643914|9632901|0|0|2|2007998464|0|||0|0|63799719.014|50547351.421|1408782.946|7899|0|0|0|2022-04-17 19:11:54.616203+02
1250|1650219818.379685|2022-04-17 20:23:38.379685+02|16432|test|18|173485726|0|308887279|672625843|287670730|184049562|109651953|9640940|0|0|2|2007998464|0|||0|0|63815767.367|50561547.142|1409906.232|7901|0|0|0|2022-04-17 19:11:54.616203+02
1251|1650219819.406426|2022-04-17 20:23:39.406426+02|16432|test|18|173493152|0|308900254|672713976|287686309|184064642|109659375|9648362|0|0|2|2007998464|0|||0|0|63831889.747|50575929.519|1410940.556|7903|0|0|0|2022-04-17 19:11:54.616203+02
1252|1650219820.426905|2022-04-17 20:23:40.426905+02|16432|test|18|173498722|0|308910123|672780346|287698101|184076010|109664941|9653928|0|0|2|2007998464|0|||0|0|63848408.223|50591105.632|1411711.768|7905|0|0|0|2022-04-17 19:11:54.616203+02
1253|1650219821.447024|2022-04-17 20:23:41.447024+02|16432|test|18|173505497|0|308922111|672861225|287712417|184089788|109671712|9660699|0|0|2|2007998464|0|||0|0|63866477.11|50607637.305|1412617.228|7907|0|0|0|2022-04-17 19:11:54.616203+02
1254|1650219822.467571|2022-04-17 20:23:42.467571+02|16432|test|18|173513288|0|308935812|672954008|287728810|184105598|109679499|9668486|0|0|2|2007998464|0|||0|0|63882536.453|50621933.736|1413676.135|7909|0|0|0|2022-04-17 19:11:54.616203+02
1255|1650219823.487940|2022-04-17 20:23:43.48794+02|16432|test|18|173521571|0|308950423|673052564|287746206|184122392|109687778|9676765|0|0|2|2007998464|0|||0|0|63898583.665|50636043.683|1414840.659|7911|0|0|0|2022-04-17 19:11:54.616203+02
1256|1650219824.508155|2022-04-17 20:23:44.508155+02|16432|test|18|173529896|0|308965145|673151556|287763689|184139270|109696099|9685086|0|0|2|2007998464|0|||0|0|63914631.524|50650167.486|1415987.108|7913|0|0|0|2022-04-17 19:11:54.616203+02
1257|1650219825.527881|2022-04-17 20:23:45.527881+02|16432|test|18|173537881|0|308979155|673246667|287780496|184155468|109704080|9693067|0|0|2|2007998464|0|||0|0|63930697.747|50664372.765|1417104.001|7915|0|0|0|2022-04-17 19:11:54.616203+02
1258|1650219826.553926|2022-04-17 20:23:46.553926+02|16432|test|18|173546627|0|308994506|673350829|287798848|184173188|109712822|9701809|0|0|2|2007998464|0|||0|0|63949837.447|50681509.768|1418314.185|7917|0|0|0|2022-04-17 19:11:54.616203+02
1259|1650219827.573305|2022-04-17 20:23:47.573305+02|16432|test|18|173552613|0|309004997|673421959|287811431|184185388|109718804|9707791|0|0|2|2007998464|0|||0|0|63967925.479|50698170.879|1419169.357|7919|0|0|0|2022-04-17 19:11:54.616203+02
1260|1650219828.594226|2022-04-17 20:23:48.594226+02|16432|test|18|173560101|0|309018144|673510836|287827142|184200592|109726288|9715275|0|0|2|2007998464|0|||0|0|63983982.364|50712513.444|1420195.987|7921|0|0|0|2022-04-17 19:11:54.616203+02
1261|1650219829.614193|2022-04-17 20:23:49.614193+02|16432|test|18|173567755|0|309031615|673601813|287843186|184216128|109733938|9722925|0|0|2|2007998464|0|||0|0|64000043.567|50726789.662|1421248.636|7923|0|0|0|2022-04-17 19:11:54.616203+02
1262|1650219830.635446|2022-04-17 20:23:50.635446+02|16432|test|18|173575565|0|309045299|673694712|287859613|184231976|109741744|9730731|0|0|2|2007998464|0|||0|0|64016125.496|50741034.686|1422348.303|7925|0|0|0|2022-04-17 19:11:54.616203+02
1263|1650219831.656677|2022-04-17 20:23:51.656677+02|16432|test|18|173583281|0|309058868|673786405|287875798|184247636|109749456|9738443|0|0|2|2007998464|0|||0|0|64032172.961|50755275.85|1423438.779|7927|0|0|0|2022-04-17 19:11:54.616203+02
1264|1650219832.677691|2022-04-17 20:23:52.677691+02|16432|test|18|173591114|0|309072564|673879525|287892216|184263530|109757285|9746272|0|0|2|2007998464|0|||0|0|64048241.736|50769510.876|1424531.385|7929|0|0|0|2022-04-17 19:11:54.616203+02
1265|1650219833.697446|2022-04-17 20:23:53.697446+02|16432|test|18|173598852|0|309086190|673971161|287908413|184279234|109765019|9754006|0|0|2|2007998464|0|||0|0|64064317.049|50783707.778|1425653.055|7931|0|0|0|2022-04-17 19:11:54.616203+02
1266|1650219834.717524|2022-04-17 20:23:54.717524+02|16432|test|18|173606877|0|309100235|674066517|287925215|184295512|109773040|9762027|0|0|2|2007998464|0|||0|0|64080374.531|50797856.461|1426808.279|7933|0|0|0|2022-04-17 19:11:54.616203+02
1267|1650219835.737925|2022-04-17 20:23:55.737925+02|16432|test|18|173614716|0|309113982|674159994|287941674|184311418|109780875|9769862|0|0|2|2007998464|0|||0|0|64096436.485|50812133.635|1427873.098|7935|0|0|0|2022-04-17 19:11:54.616203+02
1268|1650219836.757827|2022-04-17 20:23:56.757827+02|16432|test|18|173622435|0|309127598|674251868|287957887|184327084|109788590|9777577|0|0|2|2007998464|0|||0|0|64113007.348|50826937.004|1428933.081|7937|0|0|0|2022-04-17 19:11:54.616203+02
1269|1650219837.778068|2022-04-17 20:23:57.778068+02|16432|test|18|173628290|0|309137949|674321538|287970196|184339022|109794441|9783428|0|0|2|2007998464|0|||0|0|64129387.84|50841980.28|1429727.494|7939|0|0|0|2022-04-17 19:11:54.616203+02
1270|1650219838.797699|2022-04-17 20:23:58.797699+02|16432|test|18|173633753|0|309147421|674386378|287981708|184350176|109799900|9788887|0|0|2|2007998464|0|||0|0|64145443.299|50856720.262|1430520.367|7941|0|0|0|2022-04-17 19:11:54.616203+02
1271|1650219839.818295|2022-04-17 20:23:59.818295+02|16432|test|18|173641895|0|309161880|674483042|287998725|184366688|109808038|9797025|0|0|2|2007998464|0|||0|0|64161496.486|50870838.895|1431672.315|7943|0|0|0|2022-04-17 19:11:54.616203+02
1272|1650219840.839061|2022-04-17 20:24:00.839061+02|16432|test|18|173649703|0|309175423|674575371|288015036|184382532|109815842|9804829|0|0|2|2007998464|0|||0|0|64177548.5|50885069.135|1432769.775|7945|0|0|0|2022-04-17 19:11:54.616203+02
1273|1650219841.859680|2022-04-17 20:24:01.85968+02|16432|test|18|173657499|0|309189081|674667661|288031339|184398352|109823634|9812621|0|0|2|2007998464|0|||0|0|64193603.077|50899310.598|1433861.373|7947|0|0|0|2022-04-17 19:11:54.616203+02
1274|1650219842.880030|2022-04-17 20:24:02.88003+02|16432|test|18|173665830|0|309203715|674766670|288048762|184415242|109831961|9820948|0|0|2|2007998464|0|||0|0|64209659.574|50913406.577|1435049.516|7949|0|0|0|2022-04-17 19:11:54.616203+02
1275|1650219843.899730|2022-04-17 20:24:03.89973+02|16432|test|18|173674414|0|309218729|674868302|288066669|184432638|109840541|9829528|0|0|2|2007998464|0|||0|0|64225718.489|50927560.739|1436197.884|7951|0|0|0|2022-04-17 19:11:54.616203+02
1276|1650219844.920588|2022-04-17 20:24:04.920588+02|16432|test|19|173682652|0|309233019|674965867|288083861|184449330|109848776|9837763|0|0|2|2007998464|0|||0|0|64241273.431|50941226.416|1437334.602|7952|0|0|0|2022-04-17 19:11:54.616203+02
1277|1650219845.931045|2022-04-17 20:24:05.931045+02|16432|test|19|173691943|0|309249324|675075797|288103261|184468152|109858062|9847049|0|0|2|2007998464|0|||0|0|64258318.896|50956192.933|1438616.973|7955|0|0|0|2022-04-17 19:11:54.616203+02
1278|1650219846.951221|2022-04-17 20:24:06.951221+02|16432|test|19|173700511|0|309264371|675177292|288121154|184485516|109866626|9855613|0|0|2|2007998464|0|||0|0|64274488.505|50970425.843|1439799.346|7957|0|0|0|2022-04-17 19:11:54.616203+02
1279|1650219847.971711|2022-04-17 20:24:07.971711+02|16432|test|19|173708618|0|309278598|675273391|288138090|184501958|109874729|9863716|0|0|2|2007998464|0|||0|0|64290536.379|50984569.194|1440953.369|7959|0|0|0|2022-04-17 19:11:54.616203+02
1280|1650219848.992415|2022-04-17 20:24:08.992415+02|16432|test|19|173716451|0|309292343|675366275|288154459|184517852|109882558|9871545|0|0|2|2007998464|0|||0|0|64306644.235|50998833.875|1442092.26|7961|0|0|0|2022-04-17 19:11:54.616203+02
1281|1650219850.012397|2022-04-17 20:24:10.012397+02|16432|test|18|173723993|0|309329100|675484966|288171522|184533202|109890092|9879079|0|0|2|2007998464|0|||0|0|64322870.825|51013298.857|1443179.581|7963|0|0|0|2022-04-17 19:11:54.616203+02
1282|1650219851.031613|2022-04-17 20:24:11.031613+02|16432|test|18|173729015|0|309337942|675544940|288182218|184543600|109895110|9884097|0|0|2|2007998464|0|||0|0|64338957.199|51028207.34|1443896.278|7965|0|0|0|2022-04-17 19:11:54.616203+02
1283|1650219852.051369|2022-04-17 20:24:12.051369+02|16432|test|18|173737659|0|309353065|675647707|288200304|184561116|109903750|9892737|0|0|2|2007998464|0|||0|0|64355037.816|51042321.538|1445095.892|7967|0|0|0|2022-04-17 19:11:54.616203+02
1284|1650219853.071957|2022-04-17 20:24:13.071957+02|16432|test|18|173745843|0|309367394|675744787|288217389|184577712|109911930|9900917|0|0|2|2007998464|0|||0|0|64371088.532|51056582.077|1446188.269|7969|0|0|0|2022-04-17 19:11:54.616203+02
1285|1650219854.092547|2022-04-17 20:24:14.092547+02|16432|test|18|173754756|0|309383141|675850107|288235941|184595766|109920839|9909826|0|0|2|2007998464|0|||0|0|64387641.287|51071135.156|1447418.193|7971|0|0|0|2022-04-17 19:11:54.616203+02
1286|1650219855.112382|2022-04-17 20:24:15.112382+02|16432|test|18|173763183|0|309397989|675950059|288253536|184612848|109929262|9918249|0|0|2|2007998464|0|||0|0|64403693.343|51085345.813|1448523.484|7973|0|0|0|2022-04-17 19:11:54.616203+02
1287|1650219856.133430|2022-04-17 20:24:16.13343+02|16432|test|18|173773389|0|309415883|676071188|288274826|184633488|109939464|9928451|0|0|2|2007998464|0|||0|0|64423245.246|51102624.008|1449922.763|7975|0|0|0|2022-04-17 19:11:54.616203+02
1288|1650219857.154308|2022-04-17 20:24:17.154308+02|16432|test|18|173782027|0|309431109|676173682|288292828|184650992|109948098|9937085|0|0|2|2007998464|0|||0|0|64439798.342|51117256.199|1451086.809|7977|0|0|0|2022-04-17 19:11:54.616203+02
1289|1650219858.174049|2022-04-17 20:24:18.174049+02|16432|test|18|173789239|0|309443751|676258506|288307846|184665644|109955306|9944293|0|0|2|2007998464|0|||0|0|64455630.797|51131477.274|1452049.981|7979|0|0|0|2022-04-17 19:11:54.616203+02
1290|1650219859.194917|2022-04-17 20:24:19.194917+02|16432|test|18|173797339|0|309457911|676354140|288324706|184682072|109963402|9952389|0|0|2|2007998464|0|||0|0|64471702.403|51145778.392|1453104.055|7981|0|0|0|2022-04-17 19:11:54.616203+02
1291|1650219860.215409|2022-04-17 20:24:20.215409+02|16432|test|18|173804204|0|309469970|676435553|288339054|184696030|109970263|9959250|0|0|2|2007998464|0|||0|0|64487787.874|51160372.786|1453988.336|7983|0|0|0|2022-04-17 19:11:54.616203+02
1292|1650219861.235752|2022-04-17 20:24:21.235752+02|16432|test|18|173814366|0|309487638|676556584|288360254|184716582|109980421|9969408|0|0|2|2007998464|0|||0|0|64506864.874|51177164.904|1455383.061|7985|0|0|0|2022-04-17 19:11:54.616203+02
1293|1650219862.256783|2022-04-17 20:24:22.256783+02|16432|test|18|173822693|0|309502253|676655563|288377633|184733464|109988744|9977731|0|0|2|2007998464|0|||0|0|64522988.605|51191472.294|1456470.988|7987|0|0|0|2022-04-17 19:11:54.616203+02
1294|1650219863.283302|2022-04-17 20:24:23.283302+02|16432|test|18|173826754|0|309509467|676704231|288386237|184741814|109992801|9981788|0|0|2|2007998464|0|||0|0|64539789.993|51207362.317|1457012.128|7989|0|0|0|2022-04-17 19:11:54.616203+02
1295|1650219864.304410|2022-04-17 20:24:24.30441+02|16432|test|18|173834846|0|309523580|676799866|288403112|184758226|110000889|9989876|0|0|2|2007998464|0|||0|0|64555867.604|51221647.506|1458095.898|7991|0|0|0|2022-04-17 19:11:54.616203+02
1296|1650219865.326000|2022-04-17 20:24:25.326+02|16432|test|18|173843244|0|309538288|676899519|288420617|184775250|110009283|9998270|0|0|2|2007998464|0|||0|0|64571924.491|51235875.699|1459199.588|7993|0|0|0|2022-04-17 19:11:54.616203+02
1297|1650219866.348083|2022-04-17 20:24:26.348083+02|16432|test|18|173851794|0|309553332|677000500|288438402|184792578|110017829|10006816|0|0|2|2007998464|0|||0|0|64587980.791|51249929.393|1460416.058|7995|0|0|0|2022-04-17 19:11:54.616203+02
1298|1650219867.369831|2022-04-17 20:24:27.369831+02|16432|test|18|173860210|0|309568008|677100311|288455950|184809638|110026241|10015228|0|0|2|2007998464|0|||0|0|64604028.549|51264068.285|1461572.632|7997|0|0|0|2022-04-17 19:11:54.616203+02
1299|1650219868.389880|2022-04-17 20:24:28.38988+02|16432|test|18|173868477|0|309582502|677197908|288473124|184826400|110034504|10023491|0|0|2|2007998464|0|||0|0|64620137.596|51278359.834|1462680.903|7999|0|0|0|2022-04-17 19:11:54.616203+02
1300|1650219869.411273|2022-04-17 20:24:29.411273+02|16432|test|18|173877152|0|309597911|677301067|288491233|184843978|110043175|10032162|0|0|2|2007998464|0|||0|0|64636696.69|51292942.93|1463889.92|8001|0|0|0|2022-04-17 19:11:54.616203+02
1301|1650219870.433627|2022-04-17 20:24:30.433627+02|16432|test|18|173885570|0|309612722|677400156|288508753|184861042|110051589|10040576|0|0|2|2007998464|0|||0|0|64652744.369|51307149.982|1464996.972|8003|0|0|0|2022-04-17 19:11:54.616203+02
1302|1650219871.453802|2022-04-17 20:24:31.453802+02|16432|test|18|173892915|0|309625570|677487305|288524089|184875960|110058930|10047917|0|0|2|2007998464|0|||0|0|64668834.25|51321644.075|1465946.25|8005|0|0|0|2022-04-17 19:11:54.616203+02
1303|1650219872.477126|2022-04-17 20:24:32.477126+02|16432|test|18|173896424|0|309631704|677529143|288531534|184883206|110062435|10051422|0|0|2|2007998464|0|||0|0|64685407.385|51337372.719|1466433.232|8007|0|0|0|2022-04-17 19:11:54.616203+02
1304|1650219873.498115|2022-04-17 20:24:33.498115+02|16432|test|18|173905008|0|309646748|677630745|288549421|184900602|110071015|10060002|0|0|2|2007998464|0|||0|0|64701466.061|51351573.666|1467556.99|8009|0|0|0|2022-04-17 19:11:54.616203+02
1305|1650219874.518700|2022-04-17 20:24:34.5187+02|16432|test|18|173913449|0|309661596|677730646|288566982|184917712|110079452|10068439|0|0|2|2007998464|0|||0|0|64717524.444|51365714.613|1468726.425|8011|0|0|0|2022-04-17 19:11:54.616203+02
1306|1650219875.553174|2022-04-17 20:24:35.553174+02|16432|test|18|173920003|0|309673096|677808484|288580683|184931048|110086002|10074989|0|0|2|2007998464|0|||0|0|64733604.307|51380272.345|1469641.814|8013|0|0|0|2022-04-17 19:11:54.616203+02
1307|1650219876.572975|2022-04-17 20:24:36.572975+02|16432|test|18|173928692|0|309688368|677911270|288598754|184948654|110094687|10083674|0|0|2|2007998464|0|||0|0|64750189.083|51394897.333|1470829.246|8015|0|0|0|2022-04-17 19:11:54.616203+02
1308|1650219877.594107|2022-04-17 20:24:37.594107+02|16432|test|18|173937339|0|309703601|678013774|288616751|184966176|110103330|10092317|0|0|2|2007998464|0|||0|0|64766246.846|51408979.94|1472041.992|8017|0|0|0|2022-04-17 19:11:54.616203+02
1309|1650219878.614147|2022-04-17 20:24:38.614147+02|16432|test|18|173945775|0|309718376|678113702|288634312|184983276|110111762|10100749|0|0|2|2007998464|0|||0|0|64782326.57|51423176.105|1473177.615|8019|0|0|0|2022-04-17 19:11:54.616203+02
1310|1650219879.634392|2022-04-17 20:24:39.634392+02|16432|test|18|173953988|0|309732810|678211211|288651435|184999930|110119971|10108958|0|0|2|2007998464|0|||0|0|64798434.605|51437409.961|1474314.971|8021|0|0|0|2022-04-17 19:11:54.616203+02
1311|1650219880.657395|2022-04-17 20:24:40.657395+02|16432|test|18|173962356|0|309747596|678310045|288668848|185016894|110128335|10117322|0|0|2|2007998464|0|||0|0|64814490.541|51451594.674|1475443.279|8023|0|0|0|2022-04-17 19:11:54.616203+02
1312|1650219881.678564|2022-04-17 20:24:41.678564+02|16432|test|18|173970772|0|309762367|678409583|288686368|185033954|110136747|10125734|0|0|2|2007998464|0|||0|0|64830553.377|51465760.577|1476583.826|8025|0|0|0|2022-04-17 19:11:54.616203+02
1313|1650219882.698617|2022-04-17 20:24:42.698617+02|16432|test|18|173979551|0|309777710|678513503|288704620|185051740|110145522|10134509|0|0|2|2007998464|0|||0|0|64846604.446|51479885.575|1477758.131|8027|0|0|0|2022-04-17 19:11:54.616203+02
1314|1650219883.718711|2022-04-17 20:24:43.718711+02|16432|test|18|173987622|0|309791875|678609195|288721444|185068110|110153589|10142576|0|0|2|2007998464|0|||0|0|64862650.574|51494085.672|1478877.455|8029|0|0|0|2022-04-17 19:11:54.616203+02
1315|1650219884.740801|2022-04-17 20:24:44.740801+02|16432|test|18|173995138|0|309804950|678698257|288737099|185083370|110161101|10150088|0|0|2|2007998464|0|||0|0|64878736.364|51508436.071|1479922.449|8031|0|0|0|2022-04-17 19:11:54.616203+02
1316|1650219885.761688|2022-04-17 20:24:45.761688+02|16432|test|18|174003098|0|309818919|678792711|288753675|185099518|110169057|10158044|0|0|2|2007998464|0|||0|0|64896303.446|51524262.544|1480968.856|8033|0|0|0|2022-04-17 19:11:54.616203+02
1317|1650219886.781897|2022-04-17 20:24:46.781897+02|16432|test|18|174010690|0|309832184|678882684|288769494|185114930|110176645|10165632|0|0|2|2007998464|0|||0|0|64910868.734|51537108.871|1482013.577|8035|0|0|0|2022-04-17 19:11:54.616203+02
1318|1650219887.803026|2022-04-17 20:24:47.803026+02|16432|test|18|174015524|0|309840648|678940065|288779646|185124826|110181475|10170462|0|0|2|2007998464|0|||0|0|64928700.292|51553720.403|1482754.152|8037|0|0|0|2022-04-17 19:11:54.616203+02
1319|1650219888.823008|2022-04-17 20:24:48.823008+02|16432|test|18|174024089|0|309855746|679041546|288797461|185142184|110190036|10179023|0|0|2|2007998464|0|||0|0|64944763.413|51567815.494|1483977.275|8039|0|0|0|2022-04-17 19:11:54.616203+02
1320|1650219889.843096|2022-04-17 20:24:49.843096+02|16432|test|18|174032473|0|309870509|679140928|288814921|185159180|110198416|10187403|0|0|2|2007998464|0|||0|0|64960819.857|51581933.011|1485153.882|8041|0|0|0|2022-04-17 19:11:54.616203+02
1321|1650219890.865107|2022-04-17 20:24:50.865107+02|16432|test|18|174040899|0|309885242|679240913|288832470|185176260|110206838|10195825|0|0|2|2007998464|0|||0|0|64976879.55|51596049.16|1486326.567|8043|0|0|0|2022-04-17 19:11:54.616203+02
1322|1650219891.885146|2022-04-17 20:24:51.885146+02|16432|test|18|174049700|0|309900718|679345572|288850778|185194090|110215635|10204622|0|0|2|2007998464|0|||0|0|64993945.581|51611079.678|1487570.032|8045|0|0|0|2022-04-17 19:11:54.616203+02
1323|1650219892.904941|2022-04-17 20:24:52.904941+02|16432|test|18|174058016|0|309915183|679444007|288868084|185210950|110223947|10212934|0|0|2|2007998464|0|||0|0|65010005.055|51625265.436|1488711.6|8047|0|0|0|2022-04-17 19:11:54.616203+02
1324|1650219893.925381|2022-04-17 20:24:53.925381+02|16432|test|18|174067264|0|309931413|679553780|288887339|185229674|110233191|10222178|0|0|2|2007998464|0|||0|0|65027059.878|51640210.464|1489987.948|8049|0|0|0|2022-04-17 19:11:54.616203+02
1325|1650219894.945205|2022-04-17 20:24:54.945205+02|16432|test|18|174077816|0|309949956|679678497|288909252|185251006|110243739|10232726|0|0|2|2007998464|0|||0|0|65046627.166|51657377.609|1491448.974|8051|0|0|0|2022-04-17 19:11:54.616203+02
1326|1650219895.965320|2022-04-17 20:24:55.96532+02|16432|test|18|174085293|0|309963055|679767027|288924825|185266188|110251212|10240199|0|0|2|2007998464|0|||0|0|65062783.192|51671799.505|1492504.815|8053|0|0|0|2022-04-17 19:11:54.616203+02
1327|1650219896.987407|2022-04-17 20:24:56.987407+02|16432|test|18|174093178|0|309976893|679860622|288941242|185282186|110259093|10248080|0|0|2|2007998464|0|||0|0|65077882.129|51685119.993|1493588.256|8055|0|0|0|2022-04-17 19:11:54.616203+02
1328|1650219898.015795|2022-04-17 20:24:58.015795+02|16432|test|18|174101471|0|309991562|679959048|288958536|185299000|110267382|10256369|0|0|2|2007998464|0|||0|0|65095022.359|51700383.151|1494745.099|8057|0|0|0|2022-04-17 19:11:54.616203+02
1329|1650219899.036478|2022-04-17 20:24:59.036478+02|16432|test|18|174107049|0|310001242|680025149|288970198|185310384|110272956|10261943|0|0|2|2007998464|0|||0|0|65108783.667|51712855.623|1495519.494|8059|0|0|0|2022-04-17 19:11:54.616203+02
1330|1650219900.056112|2022-04-17 20:25:00.056112+02|16432|test|18|174113886|0|310013188|680106299|288984462|185324286|110279789|10268776|0|0|2|2007998464|0|||0|0|65127568.379|51730070.274|1496483.946|8061|0|0|0|2022-04-17 19:11:54.616203+02
1331|1650219901.077645|2022-04-17 20:25:01.077645+02|16432|test|18|174122921|0|310029014|680213373|289003241|185342584|110288820|10277807|0|0|2|2007998464|0|||0|0|65144134.672|51744636.441|1497689.908|8063|0|0|0|2022-04-17 19:11:54.616203+02
1332|1650219902.098136|2022-04-17 20:25:02.098136+02|16432|test|18|174131577|0|310044238|680316119|289021269|185360124|110297472|10286459|0|0|2|2007998464|0|||0|0|65160188.755|51758700.765|1498905.898|8065|0|0|0|2022-04-17 19:11:54.616203+02
1333|1650219903.119337|2022-04-17 20:25:03.119337+02|16432|test|18|174140013|0|310059032|680415955|289038815|185377224|110305904|10294891|0|0|2|2007998464|0|||0|0|65176246.299|51772847.521|1500064.614|8067|0|0|0|2022-04-17 19:11:54.616203+02
1334|1650219904.139056|2022-04-17 20:25:04.139056+02|16432|test|18|174148659|0|310074171|680518195|289056763|185394744|110314546|10303533|0|0|2|2007998464|0|||0|0|65192787.544|51787404.163|1501269.082|8069|0|0|0|2022-04-17 19:11:54.616203+02
1335|1650219905.160163|2022-04-17 20:25:05.160163+02|16432|test|18|174153314|0|310082337|680573690|289066539|185404270|110319198|10308185|0|0|2|2007998464|0|||0|0|65200820.039|51794401.117|1501893.661|8070|0|0|0|2022-04-17 19:11:54.616203+02
1336|1650219906.171551|2022-04-17 20:25:06.171551+02|16432|test|18|174166078|0|310104770|680724924|289093872|185430049|110331955|10320942|0|0|2|2007998464|0|||0|0|65224887.278|51815601.186|1503629.109|8073|0|0|0|2022-04-17 19:11:54.616203+02
1337|1650219907.192549|2022-04-17 20:25:07.192549+02|16432|test|18|174174649|0|310119726|680826420|289111675|185447419|110340522|10329509|0|0|2|2007998464|0|||0|0|65240936.705|51829712.701|1504820.574|8075|0|0|0|2022-04-17 19:11:54.616203+02
1338|1650219908.212969|2022-04-17 20:25:08.212969+02|16432|test|18|174182132|0|310132922|680915088|289127264|185462613|110348001|10336988|0|0|2|2007998464|0|||0|0|65257015.237|51844068.88|1505861.163|8077|0|0|0|2022-04-17 19:11:54.616203+02
1339|1650219909.232931|2022-04-17 20:25:09.232931+02|16432|test|18|174190247|0|310147259|681011259|289144163|185479071|110356112|10345099|0|0|2|2007998464|0|||0|0|65273170.562|51858433.726|1506932.275|8079|0|0|0|2022-04-17 19:11:54.616203+02
1340|1650219910.253730|2022-04-17 20:25:10.25373+02|16432|test|18|174198378|0|310161444|681107670|289161085|185495561|110364239|10353226|0|0|2|2007998464|0|||0|0|65289226.415|51872697.307|1508023.343|8081|0|0|0|2022-04-17 19:11:54.616203+02
1341|1650219911.275233|2022-04-17 20:25:11.275233+02|16432|test|18|174202191|0|310168132|681153219|289169134|185503415|110368048|10357035|0|0|2|2007998464|0|||0|0|65306038.248|51888638.413|1508548.342|8083|0|0|0|2022-04-17 19:11:54.616203+02
1342|1650219912.295640|2022-04-17 20:25:12.29564+02|16432|test|18|174210591|0|310182924|681252901|289186608|185520443|110376444|10365431|0|0|2|2007998464|0|||0|0|65322092.319|51902830.828|1509695.964|8085|0|0|0|2022-04-17 19:11:54.616203+02
1343|1650219913.316027|2022-04-17 20:25:13.316027+02|16432|test|18|174218991|0|310197644|681352396|289204070|185537471|110384840|10373827|0|0|2|2007998464|0|||0|0|65338452.414|51917274.201|1510869.149|8087|0|0|0|2022-04-17 19:11:54.616203+02
1344|1650219914.337103|2022-04-17 20:25:14.337103+02|16432|test|18|174226264|0|310210358|681438621|289219207|185552245|110392109|10381096|0|0|2|2007998464|0|||0|0|65354508.148|51931686.402|1511876.692|8089|0|0|0|2022-04-17 19:11:54.616203+02
1345|1650219915.357955|2022-04-17 20:25:15.357955+02|16432|test|18|174234549|0|310224867|681536882|289236433|185569043|110400390|10389377|0|0|2|2007998464|0|||0|0|65370562.263|51945831.862|1513038.443|8091|0|0|0|2022-04-17 19:11:54.616203+02
1346|1650219916.378497|2022-04-17 20:25:16.378497+02|16432|test|18|174243165|0|310239925|681639097|289254334|185586503|110409002|10397989|0|0|2|2007998464|0|||0|0|65386613.786|51959973.709|1514203.018|8093|0|0|0|2022-04-17 19:11:54.616203+02
1347|1650219917.400024|2022-04-17 20:25:17.400024+02|16432|test|18|174250971|0|310253565|681732020|289270600|185602343|110416804|10405791|0|0|2|2007998464|0|||0|0|65403244.574|51974813.837|1515297.605|8095|0|0|0|2022-04-17 19:11:54.616203+02
1348|1650219918.419851|2022-04-17 20:25:18.419851+02|16432|test|18|174258305|0|310266474|681818906|289285855|185617239|110424134|10413121|0|0|2|2007998464|0|||0|0|65419790.363|51989764.093|1516243.639|8097|0|0|0|2022-04-17 19:11:54.616203+02
1349|1650219919.440854|2022-04-17 20:25:19.440854+02|16432|test|18|174267313|0|310282186|681925541|289304548|185635483|110433138|10422125|0|0|2|2007998464|0|||0|0|65436341.089|52004265.74|1517492.836|8099|0|0|0|2022-04-17 19:11:54.616203+02
1350|1650219920.461272|2022-04-17 20:25:20.461272+02|16432|test|18|174276118|0|310297687|682029415|289322797|185653321|110441939|10430926|0|0|2|2007998464|0|||0|0|65452393.897|52018366.381|1518685.838|8101|0|0|0|2022-04-17 19:11:54.616203+02
1351|1650219921.482320|2022-04-17 20:25:21.48232+02|16432|test|18|174284897|0|310313171|682133500|289341019|185671107|110450714|10439701|0|0|2|2007998464|0|||0|0|65468445.072|52032438.423|1519909.416|8103|0|0|0|2022-04-17 19:11:54.616203+02
1352|1650219922.503431|2022-04-17 20:25:22.503431+02|16432|test|18|174293465|0|310328011|682234558|289358796|185688471|110459278|10448265|0|0|2|2007998464|0|||0|0|65484493.923|52046565.801|1521071.748|8105|0|0|0|2022-04-17 19:11:54.616203+02
1353|1650219923.524059|2022-04-17 20:25:23.524059+02|16432|test|18|174303243|0|310345110|682350674|289379091|185708255|110469052|10458039|0|0|2|2007998464|0|||0|0|65503057.148|52062931.557|1522437.591|8107|0|0|0|2022-04-17 19:11:54.616203+02
1354|1650219924.544080|2022-04-17 20:25:24.54408+02|16432|test|18|174311723|0|310360066|682451150|289396719|185725443|110477528|10466515|0|0|2|2007998464|0|||0|0|65519101.373|52077028.74|1523624.937|8109|0|0|0|2022-04-17 19:11:54.616203+02
1355|1650219925.564754|2022-04-17 20:25:25.564754+02|16432|test|18|174320698|0|310375807|682557483|289415346|185743621|110486499|10475486|0|0|2|2007998464|0|||0|0|65535650.375|52091569.071|1524856.639|8111|0|0|0|2022-04-17 19:11:54.616203+02
1356|1650219926.584685|2022-04-17 20:25:26.584685+02|16432|test|18|174324307|0|310382250|682600322|289422960|185751067|110490104|10479091|0|0|2|2007998464|0|||0|0|65551872.301|52106939.209|1525357.538|8113|0|0|0|2022-04-17 19:11:54.616203+02
1357|1650219927.606086|2022-04-17 20:25:27.606086+02|16432|test|18|174332409|0|310396485|682696445|289439798|185767499|110498202|10487189|0|0|2|2007998464|0|||0|0|65567931.529|52121150.381|1526493.741|8115|0|0|0|2022-04-17 19:11:54.616203+02
1358|1650219928.625977|2022-04-17 20:25:28.625977+02|16432|test|18|174341599|0|310412631|682805390|289458876|185786107|110507388|10496375|0|0|2|2007998464|0|||0|0|65584993.23|52136055.827|1527805.455|8117|0|0|0|2022-04-17 19:11:54.616203+02
1359|1650219929.649048|2022-04-17 20:25:29.649048+02|16432|test|18|174350268|0|310427726|682908150|289476895|185803673|110516053|10505040|0|0|2|2007998464|0|||0|0|65601049.227|52150123.954|1529034.955|8119|0|0|0|2022-04-17 19:11:54.616203+02
1360|1650219930.670582|2022-04-17 20:25:30.670582+02|16432|test|18|174359001|0|310442996|683011465|289494991|185821367|110524782|10513769|0|0|2|2007998464|0|||0|0|65617107.325|52164238.942|1530234.704|8121|0|0|0|2022-04-17 19:11:54.616203+02
1361|1650219931.690344|2022-04-17 20:25:31.690344+02|16432|test|18|174367310|0|310457568|683109828|289512233|185838213|110533087|10522074|0|0|2|2007998464|0|||0|0|65633175.452|52178323.317|1531449.217|8123|0|0|0|2022-04-17 19:11:54.616203+02
1362|1650219932.709996|2022-04-17 20:25:32.709996+02|16432|test|18|174372717|0|310467065|683174098|289523564|185849255|110538490|10527477|0|0|2|2007998464|0|||0|0|65649359.501|52193242.36|1532208.568|8125|0|0|0|2022-04-17 19:11:54.616203+02
1363|1650219933.730920|2022-04-17 20:25:33.73092+02|16432|test|18|174381290|0|310482098|683275628|289541357|185866629|110547059|10536046|0|0|2|2007998464|0|||0|0|65665414.478|52207358.998|1533393.641|8127|0|0|0|2022-04-17 19:11:54.616203+02
1364|1650219934.751038|2022-04-17 20:25:34.751038+02|16432|test|18|174389871|0|310497095|683377461|289559209|185884019|110555636|10544623|0|0|2|2007998464|0|||0|0|65681460.614|52221366.941|1534650.912|8129|0|0|0|2022-04-17 19:11:54.616203+02
1365|1650219935.770819|2022-04-17 20:25:35.770819+02|16432|test|18|174398502|0|310512312|683479379|289577076|185901509|110564263|10553250|0|0|2|2007998464|0|||0|0|65697518.898|52235425.809|1535877.778|8131|0|0|0|2022-04-17 19:11:54.616203+02
1366|1650219936.790809|2022-04-17 20:25:36.790809+02|16432|test|18|174407327|0|310527783|683583747|289595352|185919387|110573084|10562071|0|0|2|2007998464|0|||0|0|65713566.406|52249421.744|1537133.057|8133|0|0|0|2022-04-17 19:11:54.616203+02
1367|1650219937.810757|2022-04-17 20:25:37.810757+02|16432|test|18|174413324|0|310538271|683655175|289607890|185931609|110579077|10568064|0|0|2|2007998464|0|||0|0|65730242.916|52264705.189|1537974.599|8135|0|0|0|2022-04-17 19:11:54.616203+02
1368|1650219938.830457|2022-04-17 20:25:38.830457+02|16432|test|18|174421416|0|310552541|683750860|289624663|185948021|110587165|10576152|0|0|2|2007998464|0|||0|0|65746297.791|52278932.075|1539088.164|8137|0|0|0|2022-04-17 19:11:54.616203+02
1369|1650219939.850622|2022-04-17 20:25:39.850622+02|16432|test|18|174429211|0|310566216|683843302|289640893|185963839|110594956|10583943|0|0|2|2007998464|0|||0|0|65762377.349|52293157.701|1540237.744|8139|0|0|0|2022-04-17 19:11:54.616203+02
1370|1650219940.870579|2022-04-17 20:25:40.870579+02|16432|test|18|174436053|0|310578256|683924839|289655164|185977751|110601794|10590781|0|0|2|2007998464|0|||0|0|65778478.032|52307690.972|1541203.203|8141|0|0|0|2022-04-17 19:11:54.616203+02
1371|1650219941.891600|2022-04-17 20:25:41.8916+02|16432|test|18|174444941|0|310593865|684030105|289673614|185995755|110610678|10599665|0|0|2|2007998464|0|||0|0|65795044.294|52322208.982|1542473.914|8143|0|0|0|2022-04-17 19:11:54.616203+02
1372|1650219942.911227|2022-04-17 20:25:42.911227+02|16432|test|18|174453917|0|310609670|684136302|289692219|186013935|110619650|10608637|0|0|2|2007998464|0|||0|0|65812106.935|52337164.976|1543772.358|8145|0|0|0|2022-04-17 19:11:54.616203+02
1373|1650219943.931876|2022-04-17 20:25:43.931876+02|16432|test|18|174460242|0|310620740|684211241|289705389|186026813|110625971|10614958|0|0|2|2007998464|0|||0|0|65828215.02|52351769.086|1544686.887|8147|0|0|0|2022-04-17 19:11:54.616203+02
1374|1650219944.952739|2022-04-17 20:25:44.952739+02|16432|test|18|174468867|0|310635964|684313490|289723306|186044291|110634592|10623579|0|0|2|2007998464|0|||0|0|65844771.627|52366330.41|1545910.813|8149|0|0|0|2022-04-17 19:11:54.616203+02
1375|1650219945.973315|2022-04-17 20:25:45.973315+02|16432|test|18|174477407|0|310650861|684414568|289741019|186061599|110643128|10632115|0|0|2|2007998464|0|||0|0|65860819.66|52380353.481|1547161.472|8151|0|0|0|2022-04-17 19:11:54.616203+02
1376|1650219946.993268|2022-04-17 20:25:46.993268+02|16432|test|18|174485771|0|310665486|684513478|289758376|186078555|110651488|10640475|0|0|2|2007998464|0|||0|0|65876884.657|52394533.545|1548312.904|8153|0|0|0|2022-04-17 19:11:54.616203+02
1377|1650219948.014428|2022-04-17 20:25:48.014428+02|16432|test|18|174494290|0|310680438|684614469|289776056|186095821|110660003|10648990|0|0|2|2007998464|0|||0|0|65892935.662|52408550.575|1549581.626|8155|0|0|0|2022-04-17 19:11:54.616203+02
1378|1650219949.035156|2022-04-17 20:25:49.035156+02|16432|test|18|174502532|0|310694888|684712138|289793187|186112533|110668241|10657228|0|0|2|2007998464|0|||0|0|65908988.644|52422702.128|1550729.669|8157|0|0|0|2022-04-17 19:11:54.616203+02
1379|1650219950.056124|2022-04-17 20:25:50.056124+02|16432|test|18|174511837|0|310711198|684821816|289812398|186131371|110677542|10666529|0|0|2|2007998464|0|||0|0|65926547.134|52438176.824|1552008.958|8159|0|0|0|2022-04-17 19:11:54.616203+02
1380|1650219951.075962|2022-04-17 20:25:51.075962+02|16432|test|18|174520015|0|310725610|684918759|289829382|186147955|110685716|10674703|0|0|2|2007998464|0|||0|0|65942600.372|52452340.163|1553184.981|8161|0|0|0|2022-04-17 19:11:54.616203+02
1381|1650219952.096263|2022-04-17 20:25:52.096263+02|16432|test|18|174529504|0|310742193|685030890|289849012|186167161|110695201|10684188|0|0|2|2007998464|0|||0|0|65960164.276|52467666.831|1554570.398|8163|0|0|0|2022-04-17 19:11:54.616203+02
1382|1650219953.117630|2022-04-17 20:25:53.11763+02|16432|test|18|174537072|0|310755505|685120507|289864731|186182525|110702765|10691752|0|0|2|2007998464|0|||0|0|65977415.06|52483196.591|1555600.212|8165|0|0|0|2022-04-17 19:11:54.616203+02
1383|1650219954.138389|2022-04-17 20:25:54.138389+02|16432|test|18|174546105|0|310771322|685227677|289883474|186200819|110711794|10700781|0|0|2|2007998464|0|||0|0|65993481.554|52497174.269|1556901.343|8167|0|0|0|2022-04-17 19:11:54.616203+02
1384|1650219955.160838|2022-04-17 20:25:55.160838+02|16432|test|18|174554940|0|310786895|685332298|289901788|186218717|110720625|10709612|0|0|2|2007998464|0|||0|0|66010040.484|52511634.243|1558202.651|8169|0|0|0|2022-04-17 19:11:54.616203+02
1385|1650219956.182772|2022-04-17 20:25:56.182772+02|16432|test|18|174562334|0|310799882|685420088|289917166|186233733|110728015|10717002|0|0|2|2007998464|0|||0|0|66026183.309|52526041.899|1559263.79|8171|0|0|0|2022-04-17 19:11:54.616203+02
1386|1650219957.203077|2022-04-17 20:25:57.203077+02|16432|test|18|174567156|0|310808334|685477491|289927261|186243605|110732833|10721820|0|0|2|2007998464|0|||0|0|66042497.681|52541224.991|1559942.935|8173|0|0|0|2022-04-17 19:11:54.616203+02
1387|1650219958.224387|2022-04-17 20:25:58.224387+02|16432|test|18|174575856|0|310823605|685580327|289945276|186261233|110741529|10730516|0|0|2|2007998464|0|||0|0|66058552.338|52555291.881|1561184.135|8175|0|0|0|2022-04-17 19:11:54.616203+02
1388|1650219959.244604|2022-04-17 20:25:59.244604+02|16432|test|18|174584791|0|310839233|685686070|289963788|186279331|110750460|10739447|0|0|2|2007998464|0|||0|0|66075105.538|52569778.671|1562464.857|8177|0|0|0|2022-04-17 19:11:54.616203+02
1389|1650219960.264954|2022-04-17 20:26:00.264954+02|16432|test|18|174593721|0|310855058|685791831|289982286|186297419|110759386|10748373|0|0|2|2007998464|0|||0|0|66091653.587|52584213.233|1563782.381|8179|0|0|0|2022-04-17 19:11:54.616203+02
1390|1650219961.285471|2022-04-17 20:26:01.285471+02|16432|test|18|174602183|0|310869863|685891956|289999851|186314571|110767844|10756831|0|0|2|2007998464|0|||0|0|66107721.734|52598248.793|1565032.043|8181|0|0|0|2022-04-17 19:11:54.616203+02
1391|1650219962.306076|2022-04-17 20:26:02.306076+02|16432|test|18|174610329|0|310884132|685988721|290016794|186331091|110775986|10764973|0|0|2|2007998464|0|||0|0|66123883.202|52612551.228|1566165.758|8183|0|0|0|2022-04-17 19:11:54.616203+02
1392|1650219963.326864|2022-04-17 20:26:03.326864+02|16432|test|18|174616484|0|310894961|686061874|290029631|186343629|110782137|10771124|0|0|2|2007998464|0|||0|0|66139936.515|52627167.643|1567052.168|8185|0|0|0|2022-04-17 19:11:54.616203+02
1393|1650219964.348997|2022-04-17 20:26:04.348997+02|16432|test|18|174625153|0|310910158|686164825|290047610|186361195|110790802|10779789|0|0|2|2007998464|0|||0|0|66155988.876|52641158.469|1568340.522|8187|0|0|0|2022-04-17 19:11:54.616203+02
1394|1650219965.370636|2022-04-17 20:26:05.370636+02|16432|test|19|174633836|0|310925328|686267749|290065618|186378789|110799481|10788468|0|0|2|2007998464|0|||0|0|66172062.943|52655201.253|1569612.215|8189|0|0|0|2022-04-17 19:11:54.616203+02
1395|1650219966.391961|2022-04-17 20:26:06.391961+02|16432|test|19|174641979|0|310939634|686364140|290082504|186395303|110807620|10796607|0|0|2|2007998464|0|||0|0|66188126.866|52669279.989|1570847.324|8191|0|0|0|2022-04-17 19:11:54.616203+02
1396|1650219967.412795|2022-04-17 20:26:07.412795+02|16432|test|18|174649074|0|310981340|686449534|290098901|186410071|110814707|10803700|0|0|2|2007998464|0|||0|0|66204565.465|52683938.247|1571942.659|8193|0|0|0|2022-04-17 19:11:54.616203+02
1397|1650219968.434916|2022-04-17 20:26:08.434916+02|16432|test|18|174656932|0|310995061|686542915|290115226|186426015|110822561|10811554|0|0|2|2007998464|0|||0|0|66221124.674|52698663.75|1573062.85|8195|0|0|0|2022-04-17 19:11:54.616203+02
1398|1650219969.455286|2022-04-17 20:26:09.455286+02|16432|test|18|174665471|0|311010094|686644114|290132927|186443321|110831096|10820089|0|0|2|2007998464|0|||0|0|66237183.15|52712780.76|1574273.552|8197|0|0|0|2022-04-17 19:11:54.616203+02
1399|1650219970.476982|2022-04-17 20:26:10.476982+02|16432|test|18|174674224|0|311025444|686747812|290151075|186461055|110839845|10828838|0|0|2|2007998464|0|||0|0|66253239.895|52726735.887|1575578.58|8199|0|0|0|2022-04-17 19:11:54.616203+02
1400|1650219971.498649|2022-04-17 20:26:11.498649+02|16432|test|18|174682986|0|311040847|686851447|290169241|186478807|110848603|10837596|0|0|2|2007998464|0|||0|0|66269287.6|52740809.983|1576805.956|8201|0|0|0|2022-04-17 19:11:54.616203+02
1401|1650219972.518893|2022-04-17 20:26:12.518893+02|16432|test|18|174692132|0|311057046|686959838|290188210|186497327|110857745|10846738|0|0|2|2007998464|0|||0|0|66285345.789|52754768.73|1578104.693|8203|0|0|0|2022-04-17 19:11:54.616203+02
1402|1650219973.540782|2022-04-17 20:26:13.540782+02|16432|test|18|174700915|0|311072415|687064019|290206418|186515121|110866524|10855517|0|0|2|2007998464|0|||0|0|66301410.484|52768769.525|1579393.232|8205|0|0|0|2022-04-17 19:11:54.616203+02
1403|1650219974.561832|2022-04-17 20:26:14.561832+02|16432|test|18|174710163|0|311088596|687173396|290225548|186533845|110875768|10864761|0|0|2|2007998464|0|||0|0|66317962.723|52783226.344|1580692.089|8207|0|0|0|2022-04-17 19:11:54.616203+02
1404|1650219975.583259|2022-04-17 20:26:15.583259+02|16432|test|18|174718515|0|311103279|687272231|290242850|186550777|110884116|10873109|0|0|2|2007998464|0|||0|0|66334007.664|52797290.532|1581894.739|8209|0|0|0|2022-04-17 19:11:54.616203+02
1405|1650219976.604407|2022-04-17 20:26:16.604407+02|16432|test|18|174725639|0|311115844|687356943|290257701|186565253|110891236|10880229|0|0|2|2007998464|0|||0|0|66350290.908|52811866.523|1582924.875|8211|0|0|0|2022-04-17 19:11:54.616203+02
1406|1650219977.624634|2022-04-17 20:26:17.624634+02|16432|test|18|174730521|0|311124435|687415210|290267945|186575245|110896114|10885107|0|0|2|2007998464|0|||0|0|66366404.708|52826831.718|1583616.592|8213|0|0|0|2022-04-17 19:11:54.616203+02
1407|1650219978.644843|2022-04-17 20:26:18.644843+02|16432|test|18|174739076|0|311139604|687516720|290285694|186592583|110904665|10893658|0|0|2|2007998464|0|||0|0|66382957.79|52841428.263|1584819.895|8215|0|0|0|2022-04-17 19:11:54.616203+02
1408|1650219979.664741|2022-04-17 20:26:19.664741+02|16432|test|18|174747483|0|311154293|687616541|290303148|186609625|110913068|10902061|0|0|2|2007998464|0|||0|0|66399010.703|52855503.805|1586040.315|8217|0|0|0|2022-04-17 19:11:54.616203+02
1409|1650219980.686126|2022-04-17 20:26:20.686126+02|16432|test|18|174754956|0|311167515|687705133|290318658|186624799|110920537|10909530|0|0|2|2007998464|0|||0|0|66415189.714|52869946.173|1587106.235|8219|0|0|0|2022-04-17 19:11:54.616203+02
1410|1650219981.707504|2022-04-17 20:26:21.707504+02|16432|test|18|174762953|0|311181490|687799927|290335250|186641021|110928530|10917523|0|0|2|2007998464|0|||0|0|66431286.067|52884226.678|1588214.467|8221|0|0|0|2022-04-17 19:11:54.616203+02
1411|1650219982.728270|2022-04-17 20:26:22.72827+02|16432|test|18|174773141|0|311199379|687920502|290356321|186661625|110938714|10927707|0|0|2|2007998464|0|||0|0|66450335.099|52900889.818|1589698.019|8223|0|0|0|2022-04-17 19:11:54.616203+02
1412|1650219983.749628|2022-04-17 20:26:23.749628+02|16432|test|18|174782729|0|311216263|688034191|290376182|186681029|110948298|10937291|0|0|2|2007998464|0|||0|0|66468401.196|52916668.801|1591121.816|8225|0|0|0|2022-04-17 19:11:54.616203+02
1413|1650219984.770398|2022-04-17 20:26:24.770398+02|16432|test|18|174791886|0|311232204|688142336|290395111|186699571|110957451|10946444|0|0|2|2007998464|0|||0|0|66484451.945|52930565.333|1592448.232|8227|0|0|0|2022-04-17 19:11:54.616203+02
1414|1650219985.790985|2022-04-17 20:26:25.790985+02|16432|test|18|174801013|0|311248156|688250533|290414022|186718053|110966574|10955567|0|0|2|2007998464|0|||0|0|66500995.085|52944964.107|1593790.897|8229|0|0|0|2022-04-17 19:11:54.616203+02
1415|1650219986.811899|2022-04-17 20:26:26.811899+02|16432|test|18|174809872|0|311263713|688355280|290432386|186735999|110975429|10964422|0|0|2|2007998464|0|||0|0|66517052.736|52958970.102|1595056.442|8231|0|0|0|2022-04-17 19:11:54.616203+02
1416|1650219987.832512|2022-04-17 20:26:27.832512+02|16432|test|18|174818840|0|311279508|688461099|290450925|186754163|110984393|10973386|0|0|2|2007998464|0|||0|0|66533601.619|52973478.154|1596328.705|8233|0|0|0|2022-04-17 19:11:54.616203+02
1417|1650219988.852731|2022-04-17 20:26:28.852731+02|16432|test|18|174827378|0|311294485|688561952|290468578|186771467|110992927|10981920|0|0|2|2007998464|0|||0|0|66549673.034|52987512.407|1597585.836|8235|0|0|0|2022-04-17 19:11:54.616203+02
1418|1650219989.872973|2022-04-17 20:26:29.872973+02|16432|test|18|174835316|0|311308509|688656061|290485051|186787571|111000861|10989854|0|0|2|2007998464|0|||0|0|66565748.784|53001755.149|1598716.388|8237|0|0|0|2022-04-17 19:11:54.616203+02
1419|1650219990.894271|2022-04-17 20:26:30.894271+02|16432|test|18|174843602|0|311322969|688754623|290502244|186804371|111009143|10998136|0|0|2|2007998464|0|||0|0|66582316.519|53016458.172|1599856.515|8239|0|0|0|2022-04-17 19:11:54.616203+02
1420|1650219991.914681|2022-04-17 20:26:31.914681+02|16432|test|18|174851344|0|311336520|688846427|290518299|186820083|111016881|11005874|0|0|2|2007998464|0|||0|0|66598893.484|53031154.012|1601010.551|8241|0|0|0|2022-04-17 19:11:54.616203+02
1421|1650219992.937820|2022-04-17 20:26:32.93782+02|16432|test|18|174856167|0|311345026|688903877|290528391|186829957|111021700|11010693|0|0|2|2007998464|0|||0|0|66615120.472|53046225.996|1601725.658|8243|0|0|0|2022-04-17 19:11:54.616203+02
1422|1650219993.958423|2022-04-17 20:26:33.958423+02|16432|test|18|174864728|0|311360060|689004964|290546117|186847307|111030257|11019250|0|0|2|2007998464|0|||0|0|66631165.675|53060276.647|1602971.992|8245|0|0|0|2022-04-17 19:11:54.616203+02
1423|1650219994.978850|2022-04-17 20:26:34.97885+02|16432|test|18|174873554|0|311375536|689109151|290564345|186865187|111039079|11028072|0|0|2|2007998464|0|||0|0|66647210.916|53074257.446|1604248.894|8247|0|0|0|2022-04-17 19:11:54.616203+02
1424|1650219995.999027|2022-04-17 20:26:35.999027+02|16432|test|18|174882393|0|311390913|689214187|290582651|186883093|111047914|11036907|0|0|2|2007998464|0|||0|0|66663270.786|53088280.002|1605521.497|8249|0|0|0|2022-04-17 19:11:54.616203+02
1425|1650219997.019961|2022-04-17 20:26:37.019961+02|16432|test|18|174890780|0|311405673|689313249|290599983|186900095|111056297|11045290|0|0|2|2007998464|0|||0|0|66679330.218|53102344.579|1606747.48|8251|0|0|0|2022-04-17 19:11:54.616203+02
1426|1650219998.041212|2022-04-17 20:26:38.041212+02|16432|test|18|174899614|0|311421301|689417524|290618231|186917991|111065127|11054120|0|0|2|2007998464|0|||0|0|66695390.997|53116330.206|1608042.764|8253|0|0|0|2022-04-17 19:11:54.616203+02
1427|1650219999.062716|2022-04-17 20:26:39.062716+02|16432|test|18|174908398|0|311436725|689521748|290636422|186935787|111073907|11062900|0|0|2|2007998464|0|||0|0|66711458.562|53130358.074|1609324.682|8255|0|0|0|2022-04-17 19:11:54.616203+02
1428|1650220000.083356|2022-04-17 20:26:40.083356+02|16432|test|18|174917276|0|311452205|689626647|290654811|186953771|111082781|11071774|0|0|2|2007998464|0|||0|0|66727523.492|53144301.308|1610667.088|8257|0|0|0|2022-04-17 19:11:54.616203+02
1429|1650220001.104122|2022-04-17 20:26:41.104122+02|16432|test|18|174925285|0|311466325|689721353|290671397|186970017|111090786|11079779|0|0|2|2007998464|0|||0|0|66743800.339|53158741.309|1611810.924|8259|0|0|0|2022-04-17 19:11:54.616203+02
1430|1650220002.124491|2022-04-17 20:26:42.124491+02|16432|test|18|174929103|0|311473025|689766913|290679434|186977881|111094600|11083593|0|0|2|2007998464|0|||0|0|66760235.528|53174276.912|1612357.727|8261|0|0|0|2022-04-17 19:11:54.616203+02
1431|1650220003.144663|2022-04-17 20:26:43.144663+02|16432|test|18|174938299|0|311489141|689875824|290698454|186996501|111103792|11092785|0|0|2|2007998464|0|||0|0|66776794.55|53188698.582|1613706.08|8263|0|0|0|2022-04-17 19:11:54.616203+02
1432|1650220004.164993|2022-04-17 20:26:44.164993+02|16432|test|18|174947394|0|311505015|689983444|290717253|187014919|111112883|11101876|0|0|2|2007998464|0|||0|0|66792835.864|53202588.507|1615070.839|8265|0|0|0|2022-04-17 19:11:54.616203+02
1433|1650220005.184843|2022-04-17 20:26:45.184843+02|16432|test|18|174956434|0|311520865|690090749|290735983|187033227|111121919|11110912|0|0|2|2007998464|0|||0|0|66808885.096|53216478.49|1616413.082|8267|0|0|0|2022-04-17 19:11:54.616203+02
1434|1650220006.205797|2022-04-17 20:26:46.205797+02|16432|test|18|174962723|0|311531980|690165432|290749062|187046033|111128204|11117197|0|0|2|2007998464|0|||0|0|66824978.226|53231144.004|1617282.19|8269|0|0|0|2022-04-17 19:11:54.616203+02
1435|1650220007.225931|2022-04-17 20:26:47.225931+02|16432|test|18|174971754|0|311547756|690272233|290767722|187064323|111137231|11126224|0|0|2|2007998464|0|||0|0|66841033.037|53245069.205|1618622.899|8271|0|0|0|2022-04-17 19:11:54.616203+02
1436|1650220008.247273|2022-04-17 20:26:48.247273+02|16432|test|18|174980704|0|311563481|690378207|290786221|187082451|111146177|11135170|0|0|2|2007998464|0|||0|0|66857090.65|53258984.681|1619971.139|8273|0|0|0|2022-04-17 19:11:54.616203+02
1437|1650220009.268392|2022-04-17 20:26:49.268392+02|16432|test|18|174989646|0|311579138|690484103|290804719|187100563|111155115|11144108|0|0|2|2007998464|0|||0|0|66873642.054|53273394.317|1621317.528|8275|0|0|0|2022-04-17 19:11:54.616203+02
1438|1650220010.289061|2022-04-17 20:26:50.289061+02|16432|test|18|174998508|0|311594735|690588858|290823025|187118515|111163973|11152966|0|0|2|2007998464|0|||0|0|66889682.532|53287363.944|1622609.76|8277|0|0|0|2022-04-17 19:11:54.616203+02
1439|1650220011.309717|2022-04-17 20:26:51.309717+02|16432|test|18|175007429|0|311610363|690695027|290841517|187136585|111172890|11161883|0|0|2|2007998464|0|||0|0|66905733.786|53301235.63|1623998.557|8279|0|0|0|2022-04-17 19:11:54.616203+02
1440|1650220012.329607|2022-04-17 20:26:52.329607+02|16432|test|18|175016394|0|311625972|690801381|290860080|187154743|111181851|11170844|0|0|2|2007998464|0|||0|0|66921781.573|53315179.872|1625337.194|8281|0|0|0|2022-04-17 19:11:54.616203+02
1441|1650220013.349586|2022-04-17 20:26:53.349586+02|16432|test|18|175026636|0|311644056|690922493|290881207|187175455|111192089|11181082|0|0|2|2007998464|0|||0|0|66940348.336|53331306.471|1626860.582|8283|0|0|0|2022-04-17 19:11:54.616203+02
1442|1650220014.371617|2022-04-17 20:26:54.371617+02|16432|test|18|175035519|0|311659684|691027524|290899551|187193449|111200968|11189961|0|0|2|2007998464|0|||0|0|66956403.946|53345187.044|1628242.657|8285|0|0|0|2022-04-17 19:11:54.616203+02
1443|1650220015.393522|2022-04-17 20:26:55.393522+02|16432|test|18|175043208|0|311673191|691118484|290915477|187209055|111208653|11197646|0|0|2|2007998464|0|||0|0|66972464.108|53359470.806|1629357.349|8287|0|0|0|2022-04-17 19:11:54.616203+02
1444|1650220016.414499|2022-04-17 20:26:56.414499+02|16432|test|18|175051526|0|311687852|691216692|290932670|187225919|111216967|11205960|0|0|2|2007998464|0|||0|0|66989606.388|53374576.485|1630618.601|8289|0|0|0|2022-04-17 19:11:54.616203+02
1445|1650220017.435968|2022-04-17 20:26:57.435968+02|16432|test|18|175056543|0|311696644|691276304|290943147|187236181|111221980|11210973|0|0|2|2007998464|0|||0|0|67006352.729|53390109.881|1631346.385|8291|0|0|0|2022-04-17 19:11:54.616203+02
1446|1650220018.456665|2022-04-17 20:26:58.456665+02|16432|test|18|175065055|0|311711528|691377045|290960743|187253433|111230488|11219481|0|0|2|2007998464|0|||0|0|67024418.359|53406120.137|1632622.378|8293|0|0|0|2022-04-17 19:11:54.616203+02
1447|1650220019.477541|2022-04-17 20:26:59.477541+02|16432|test|18|175073841|0|311726955|691481019|290978908|187271233|111239270|11228263|0|0|2|2007998464|0|||0|0|67040464.164|53420067.062|1633949.21|8295|0|0|0|2022-04-17 19:11:54.616203+02
1448|1650220020.498665|2022-04-17 20:27:00.498665+02|16432|test|18|175083538|0|311744093|691595510|290998905|187290855|111248963|11237956|0|0|2|2007998464|0|||0|0|67057522.606|53434824.31|1635407.433|8297|0|0|0|2022-04-17 19:11:54.616203+02
1449|1650220021.520982|2022-04-17 20:27:01.520982+02|16432|test|18|175092570|0|311759952|691702176|291017578|187309147|111257991|11246984|0|0|2|2007998464|0|||0|0|67073588.423|53448793.517|1636708.985|8299|0|0|0|2022-04-17 19:11:54.616203+02
1450|1650220022.541480|2022-04-17 20:27:02.54148+02|16432|test|18|175101556|0|311775672|691808416|291036125|187327347|111266973|11255966|0|0|2|2007998464|0|||0|0|67089644.44|53462719.923|1638051.562|8301|0|0|0|2022-04-17 19:11:54.616203+02
1451|1650220023.561615|2022-04-17 20:27:03.561615+02|16432|test|18|175110587|0|311791501|691915385|291054805|187345637|111276000|11264993|0|0|2|2007998464|0|||0|0|67105694.622|53476600.129|1639418.886|8303|0|0|0|2022-04-17 19:11:54.616203+02
1452|1650220024.582206|2022-04-17 20:27:04.582206+02|16432|test|18|175119765|0|311807762|692023709|291073767|187364221|111285174|11274167|0|0|2|2007998464|0|||0|0|67121775.834|53490435.056|1640847.61|8305|0|0|0|2022-04-17 19:11:54.616203+02
1453|1650220025.602775|2022-04-17 20:27:05.602775+02|16432|test|18|175128365|0|311822806|692125554|291092406|187381660|111293768|11282761|0|0|2|2007998464|0|||0|0|67137838.047|53504508.448|1642094.906|8307|0|0|0|2022-04-17 19:11:54.616203+02
1454|1650220026.624070|2022-04-17 20:27:06.62407+02|16432|test|18|175135698|0|311835613|692212617|291107611|187396554|111301097|11290090|0|0|2|2007998464|0|||0|0|67153908.701|53518780.909|1643219.805|8309|0|0|0|2022-04-17 19:11:54.616203+02
1455|1650220027.644607|2022-04-17 20:27:07.644607+02|16432|test|18|175144583|0|311851220|692317958|291125987|187414552|111309978|11298971|0|0|2|2007998464|0|||0|0|67169961.638|53532681.974|1644564.445|8311|0|0|0|2022-04-17 19:11:54.616203+02
1456|1650220028.668290|2022-04-17 20:27:08.66829+02|16432|test|18|175153650|0|311867121|692425604|291144746|187432914|111319041|11308034|0|0|2|2007998464|0|||0|0|67186013.393|53546519.416|1645955.853|8313|0|0|0|2022-04-17 19:11:54.616203+02
1457|1650220029.690124|2022-04-17 20:27:09.690124+02|16432|test|18|175158546|0|311875662|692483818|291154959|187442934|111323933|11312926|0|0|2|2007998464|0|||0|0|67202585.033|53561889.472|1646687.369|8315|0|0|0|2022-04-17 19:11:54.616203+02
1458|1650220030.710454|2022-04-17 20:27:10.710454+02|16432|test|18|175165857|0|311888485|692570527|291170105|187457784|111331240|11320233|0|0|2|2007998464|0|||0|0|67218649.325|53576273.625|1647742.809|8317|0|0|0|2022-04-17 19:11:54.616203+02
1459|1650220031.733106|2022-04-17 20:27:11.733106+02|16432|test|18|175174887|0|311904340|692677325|291188783|187476072|111340266|11329259|0|0|2|2007998464|0|||0|0|67234713.103|53590284.728|1649026.57|8319|0|0|0|2022-04-17 19:11:54.616203+02
1460|1650220032.754045|2022-04-17 20:27:12.754045+02|16432|test|18|175183407|0|311919342|692778272|291206384|187493340|111348782|11337775|0|0|2|2007998464|0|||0|0|67250819.862|53604313.98|1650324.795|8321|0|0|0|2022-04-17 19:11:54.616203+02
1461|1650220033.775103|2022-04-17 20:27:13.775103+02|16432|test|18|175192046|0|311934407|692880337|291224241|187510846|111357417|11346410|0|0|2|2007998464|0|||0|0|67267425.522|53618894.374|1651584.947|8323|0|0|0|2022-04-17 19:11:54.616203+02
1462|1650220034.796234|2022-04-17 20:27:14.796234+02|16432|test|18|175200540|0|311949381|692980855|291241784|187528062|111365907|11354900|0|0|2|2007998464|0|||0|0|67283496.495|53632918.016|1652866.362|8325|0|0|0|2022-04-17 19:11:54.616203+02
1463|1650220035.818631|2022-04-17 20:27:15.818631+02|16432|test|18|175205865|0|311958653|693043848|291252885|187538940|111371228|11360221|0|0|2|2007998464|0|||0|0|67299772.078|53647940.859|1653650.045|8327|0|0|0|2022-04-17 19:11:54.616203+02
1464|1650220036.839658|2022-04-17 20:27:16.839658+02|16432|test|18|175214029|0|311972924|693140335|291269750|187555496|111379388|11368381|0|0|2|2007998464|0|||0|0|67315820.255|53662064.602|1654850.141|8329|0|0|0|2022-04-17 19:11:54.616203+02
1465|1650220037.859618|2022-04-17 20:27:17.859618+02|16432|test|18|175222602|0|311988028|693241994|291287496|187572870|111387957|11376950|0|0|2|2007998464|0|||0|0|67331862.013|53676037.312|1656141.843|8331|0|0|0|2022-04-17 19:11:54.616203+02
1466|1650220038.881055|2022-04-17 20:27:18.881055+02|16432|test|18|175230966|0|312002667|693341075|291304788|187589826|111396317|11385310|0|0|2|2007998464|0|||0|0|67347978.88|53690183.743|1657377.222|8333|0|0|0|2022-04-17 19:11:54.616203+02
1467|1650220039.903220|2022-04-17 20:27:19.90322+02|16432|test|18|175239637|0|312017875|693443577|291322714|187607396|111404984|11393977|0|0|2|2007998464|0|||0|0|67364538.999|53704691.855|1658664.995|8335|0|0|0|2022-04-17 19:11:54.616203+02
1468|1650220040.924687|2022-04-17 20:27:20.924687+02|16432|test|18|175248200|0|312032843|693545232|291340454|187624750|111413543|11402536|0|0|2|2007998464|0|||0|0|67380588.456|53718725.467|1659916.005|8337|0|0|0|2022-04-17 19:11:54.616203+02
1469|1650220041.944315|2022-04-17 20:27:21.944315+02|16432|test|18|175256818|0|312047930|693647322|291358280|187642214|111422157|11411150|0|0|2|2007998464|0|||0|0|67396646.174|53732727.985|1661196.989|8339|0|0|0|2022-04-17 19:11:54.616203+02
1470|1650220042.964098|2022-04-17 20:27:22.964098+02|16432|test|18|175265402|0|312063014|693748840|291376024|187659610|111430737|11419730|0|0|2|2007998464|0|||0|0|67412701.421|53746751.834|1662476.303|8341|0|0|0|2022-04-17 19:11:54.616203+02
1471|1650220043.984236|2022-04-17 20:27:23.984236+02|16432|test|18|175274891|0|312079594|693861085|291395579|187678816|111440222|11429215|0|0|2|2007998464|0|||0|0|67430254.934|53762105.578|1663860.233|8343|0|0|0|2022-04-17 19:11:54.616203+02
1472|1650220045.004763|2022-04-17 20:27:25.004763+02|16432|test|18|175283336|0|312094422|693961178|291413061|187695934|111448663|11437656|0|0|2|2007998464|0|||0|0|67447315.015|53777073.329|1665162.769|8345|0|0|0|2022-04-17 19:11:54.616203+02
1473|1650220046.025033|2022-04-17 20:27:26.025033+02|16432|test|18|175290512|0|312106985|694046166|291427906|187710514|111455835|11444828|0|0|2|2007998464|0|||0|0|67461875.945|53790000.146|1666187.691|8347|0|0|0|2022-04-17 19:11:54.616203+02
1474|1650220047.045326|2022-04-17 20:27:27.045326+02|16432|test|18|175294889|0|312114625|694098137|291437042|187719496|111460208|11449201|0|0|2|2007998464|0|||0|0|67479218.899|53806278.756|1666847.642|8349|0|0|0|2022-04-17 19:11:54.616203+02
1475|1650220048.065360|2022-04-17 20:27:28.06536+02|16432|test|18|175303725|0|312130121|694202354|291455283|187737396|111469040|11458033|0|0|2|2007998464|0|||0|0|67497291.952|53822293.369|1668155.83|8351|0|0|0|2022-04-17 19:11:54.616203+02
1476|1650220049.085070|2022-04-17 20:27:29.08507+02|16432|test|18|175311924|0|312144460|694299648|291472266|187754022|111477235|11466228|0|0|2|2007998464|0|||0|0|67513381.777|53836365.374|1669436.24|8353|0|0|0|2022-04-17 19:11:54.616203+02
1477|1650220050.106209|2022-04-17 20:27:30.106209+02|16432|test|18|175321124|0|312160557|694408449|291491252|187772650|111486431|11475424|0|0|2|2007998464|0|||0|0|67530972.135|53851683.831|1670873.264|8355|0|0|0|2022-04-17 19:11:54.616203+02
1478|1650220051.126130|2022-04-17 20:27:31.12613+02|16432|test|18|175329472|0|312175282|694507355|291508513|187789574|111494775|11483768|0|0|2|2007998464|0|||0|0|67547025.313|53865767.106|1672109.598|8357|0|0|0|2022-04-17 19:11:54.616203+02
1479|1650220052.146137|2022-04-17 20:27:32.146137+02|16432|test|18|175338024|0|312190411|694608713|291526193|187806906|111503323|11492316|0|0|2|2007998464|0|||0|0|67563092.283|53879790.634|1673399.987|8359|0|0|0|2022-04-17 19:11:54.616203+02
1480|1650220053.167050|2022-04-17 20:27:33.16705+02|16432|test|18|175346893|0|312205794|694713206|291544489|187824872|111512188|11501181|0|0|2|2007998464|0|||0|0|67579150.725|53893757.422|1674716.647|8361|0|0|0|2022-04-17 19:11:54.616203+02
1481|1650220054.186849|2022-04-17 20:27:34.186849+02|16432|test|18|175353926|0|312218160|694796602|291559073|187839166|111519217|11508210|0|0|2|2007998464|0|||0|0|67595486.83|53908407.635|1675799.794|8363|0|0|0|2022-04-17 19:11:54.616203+02
1482|1650220055.206933|2022-04-17 20:27:35.206933+02|16432|test|18|175359466|0|312227963|694862323|291570605|187850474|111524753|11513746|0|0|2|2007998464|0|||0|0|67611566.896|53923190.407|1676611.591|8365|0|0|0|2022-04-17 19:11:54.616203+02
1483|1650220056.226915|2022-04-17 20:27:36.226915+02|16432|test|18|175368399|0|312243628|694968212|291589045|187868568|111533682|11522675|0|0|2|2007998464|0|||0|0|67628132.04|53937558.498|1678001.431|8367|0|0|0|2022-04-17 19:11:54.616203+02
1484|1650220057.247496|2022-04-17 20:27:37.247496+02|16432|test|18|175377698|0|312259991|695077956|291608208|187887394|111542977|11531970|0|0|2|2007998464|0|||0|0|67645199.838|53952361.162|1679427.93|8369|0|0|0|2022-04-17 19:11:54.616203+02
1485|1650220058.267854|2022-04-17 20:27:38.267854+02|16432|test|18|175386391|0|312275220|695180378|291626147|187905008|111551666|11540659|0|0|2|2007998464|0|||0|0|67661270.576|53966281.702|1680804.835|8371|0|0|0|2022-04-17 19:11:54.616203+02
1486|1650220059.288103|2022-04-17 20:27:39.288103+02|16432|test|18|175394879|0|312290205|695280575|291643703|187922212|111560150|11549143|0|0|2|2007998464|0|||0|0|67677333.747|53980234.2|1682133.557|8373|0|0|0|2022-04-17 19:11:54.616203+02
1487|1650220060.308988|2022-04-17 20:27:40.308988+02|16432|test|18|175403488|0|312305430|695382515|291661489|187939658|111568755|11557748|0|0|2|2007998464|0|||0|0|67693375.237|53994244.147|1683415.971|8375|0|0|0|2022-04-17 19:11:54.616203+02
1488|1650220061.329481|2022-04-17 20:27:41.329481+02|16432|test|18|175412129|0|312320509|695484797|291679365|187957168|111577392|11566385|0|0|2|2007998464|0|||0|0|67709441.137|54008233.302|1684737.378|8377|0|0|0|2022-04-17 19:11:54.616203+02
1489|1650220062.350591|2022-04-17 20:27:42.350591+02|16432|test|18|175421078|0|312336205|695590340|291697797|187975294|111586337|11575330|0|0|2|2007998464|0|||0|0|67725498.427|54022063.895|1686176.618|8379|0|0|0|2022-04-17 19:11:54.616203+02
1490|1650220063.373219|2022-04-17 20:27:43.373219+02|16432|test|18|175425103|0|312343237|695638156|291706224|187983572|111590358|11579351|0|0|2|2007998464|0|||0|0|67741911.267|54037561.421|1686725.265|8381|0|0|0|2022-04-17 19:11:54.616203+02
1491|1650220064.393943|2022-04-17 20:27:44.393943+02|16432|test|18|175433636|0|312358337|695738963|291723833|188000866|111598887|11587880|0|0|2|2007998464|0|||0|0|67757972.533|54051523.883|1688059.223|8383|0|0|0|2022-04-17 19:11:54.616203+02
1492|1650220065.415071|2022-04-17 20:27:45.415071+02|16432|test|18|175442684|0|312374157|695846066|291742534|188019190|111607931|11596924|0|0|2|2007998464|0|||0|0|67774517.787|54065804.52|1689519.555|8385|0|0|0|2022-04-17 19:11:54.616203+02
1493|1650220066.437354|2022-04-17 20:27:46.437354+02|16432|test|18|175451233|0|312389170|695947052|291760197|188036516|111616476|11605469|0|0|2|2007998464|0|||0|0|67790599.509|54079846.408|1690819.364|8387|0|0|0|2022-04-17 19:11:54.616203+02
1494|1650220067.457930|2022-04-17 20:27:47.45793+02|16432|test|18|175459636|0|312403922|696046640|291777576|188053550|111624875|11613868|0|0|2|2007998464|0|||0|0|67806688.163|54093884.304|1692111.482|8389|0|0|0|2022-04-17 19:11:54.616203+02
1495|1650220068.479095|2022-04-17 20:27:48.479095+02|16432|test|18|175466942|0|312416727|696133160|291792705|188068390|111632177|11621170|0|0|2|2007998464|0|||0|0|67822982.014|54108388.785|1693235.744|8391|0|0|0|2022-04-17 19:11:54.616203+02
1496|1650220069.500600|2022-04-17 20:27:49.5006+02|16432|test|18|175473599|0|312428390|696211874|291806504|188081932|111638830|11627823|0|0|2|2007998464|0|||0|0|67839554.576|54123376.697|1694209.755|8393|0|0|0|2022-04-17 19:11:54.616203+02
1497|1650220070.520859|2022-04-17 20:27:50.520859+02|16432|test|18|175482177|0|312443529|696313238|291824220|188099316|111647404|11636397|0|0|2|2007998464|0|||0|0|67855618.699|54137394.998|1695510.143|8395|0|0|0|2022-04-17 19:11:54.616203+02
1498|1650220071.541338|2022-04-17 20:27:51.541338+02|16432|test|18|175490959|0|312459033|696416934|291842319|188117108|111656182|11645175|0|0|2|2007998464|0|||0|0|67871675.336|54151316.562|1696846.264|8397|0|0|0|2022-04-17 19:11:54.616203+02
1499|1650220072.561932|2022-04-17 20:27:52.561932+02|16432|test|18|175499180|0|312473383|696514049|291859296|188133778|111664399|11653392|0|0|2|2007998464|0|||0|0|67887798.111|54165400.561|1698131.987|8399|0|0|0|2022-04-17 19:11:54.616203+02
1500|1650220073.581712|2022-04-17 20:27:53.581712+02|16432|test|18|175507358|0|312487741|696610500|291876179|188150362|111672573|11661566|0|0|2|2007998464|0|||0|0|67903852.103|54179533.154|1699339.37|8401|0|0|0|2022-04-17 19:11:54.616203+02
1501|1650220074.603860|2022-04-17 20:27:54.60386+02|16432|test|18|175515961|0|312502883|696711972|291893902|188167796|111681172|11670165|0|0|2|2007998464|0|||0|0|67919951.965|54193519.364|1700687.037|8403|0|0|0|2022-04-17 19:11:54.616203+02
1502|1650220075.624599|2022-04-17 20:27:55.624599+02|16432|test|18|175524455|0|312518020|696812399|291911424|188185012|111689662|11678655|0|0|2|2007998464|0|||0|0|67936014.558|54207521.583|1701986.125|8405|0|0|0|2022-04-17 19:11:54.616203+02
1503|1650220076.646082|2022-04-17 20:27:56.646082+02|16432|test|18|175534242|0|312535018|696927521|291931567|188204814|111699445|11688438|0|0|2|2007998464|0|||0|0|67954569.724|54223718.445|1703455.113|8407|0|0|0|2022-04-17 19:11:54.616203+02
1504|1650220077.668399|2022-04-17 20:27:57.668399+02|16432|test|18|175541301|0|312547359|697010820|291946161|188219160|111706500|11695493|0|0|2|2007998464|0|||0|0|67968124.988|54235636.182|1704470.31|8409|0|0|0|2022-04-17 19:11:54.616203+02
1505|1650220078.688477|2022-04-17 20:27:58.688477+02|16432|test|18|175548917|0|312560799|697100794|291961909|188234620|111714112|11703105|0|0|2|2007998464|0|||0|0|67987059.448|54252717.416|1705657.716|8411|0|0|0|2022-04-17 19:11:54.616203+02
1506|1650220079.711158|2022-04-17 20:27:59.711158+02|16432|test|18|175557065|0|312574958|697196985|291978713|188251144|111722256|11711249|0|0|2|2007998464|0|||0|0|68003119.656|54266801.86|1706900.154|8413|0|0|0|2022-04-17 19:11:54.616203+02
1507|1650220080.732049|2022-04-17 20:28:00.732049+02|16432|test|18|175565450|0|312589606|697296359|291996035|188268142|111730637|11719630|0|0|2|2007998464|0|||0|0|68019187.513|54280863.279|1708155.819|8415|0|0|0|2022-04-17 19:11:54.616203+02
1508|1650220081.754210|2022-04-17 20:28:01.75421+02|16432|test|18|175572054|0|312601240|697374711|292009722|188281578|111737237|11726230|0|0|2|2007998464|0|||0|0|68035516.991|54295581.752|1709146.139|8417|0|0|0|2022-04-17 19:11:54.616203+02
1509|1650220082.775137|2022-04-17 20:28:02.775137+02|16432|test|18|175576819|0|312609608|697431019|292019628|188291336|111741998|11730991|0|0|2|2007998464|0|||0|0|68051654.12|54310602.909|1709850.547|8419|0|0|0|2022-04-17 19:11:54.616203+02
1510|1650220083.795858|2022-04-17 20:28:03.795858+02|16432|test|18|175585005|0|312623994|697527911|292036560|188307936|111750180|11739173|0|0|2|2007998464|0|||0|0|68067730.094|54324632.427|1711155.59|8421|0|0|0|2022-04-17 19:11:54.616203+02
1511|1650220084.816997|2022-04-17 20:28:04.816997+02|16432|test|19|175593246|0|312638452|697625283|292053542|188324634|111758418|11747411|0|0|2|2007998464|0|||0|0|68083780.265|54338706.903|1712419.131|8422|0|0|0|2022-04-17 19:11:54.616203+02
1512|1650220085.827085|2022-04-17 20:28:05.827085+02|16432|test|18|175601724|0|312653310|697725375|292071872|188341841|111766889|11755882|0|0|2|2007998464|0|||0|0|68099826.158|54352671.91|1713731.676|8425|0|0|0|2022-04-17 19:11:54.616203+02
1513|1650220086.847398|2022-04-17 20:28:06.847398+02|16432|test|18|175610222|0|312668180|697825704|292089383|188359065|111775383|11764376|0|0|2|2007998464|0|||0|0|68115926.499|54366777.279|1714988.39|8427|0|0|0|2022-04-17 19:11:54.616203+02
1514|1650220087.867950|2022-04-17 20:28:07.86795+02|16432|test|18|175619642|0|312684661|697937008|292108814|188378133|111784799|11773792|0|0|2|2007998464|0|||0|0|68134001.794|54382645.604|1716395.892|8429|0|0|0|2022-04-17 19:11:54.616203+02
1515|1650220088.887870|2022-04-17 20:28:08.88787+02|16432|test|18|175624903|0|312693952|697999262|292119725|188388883|111790056|11779049|0|0|2|2007998464|0|||0|0|68150703.102|54398084.14|1717189.886|8431|0|0|0|2022-04-17 19:11:54.616203+02
1516|1650220089.908108|2022-04-17 20:28:09.908108+02|16432|test|18|175632920|0|312707989|698094047|292136285|188405145|111798069|11787062|0|0|2|2007998464|0|||0|0|68167270.362|54412763.689|1718376.308|8433|0|0|0|2022-04-17 19:11:54.616203+02
1517|1650220090.928586|2022-04-17 20:28:10.928586+02|16432|test|18|175642311|0|312724558|698205165|292155622|188424155|111807456|11796449|0|0|2|2007998464|0|||0|0|68184832.999|54428043.411|1719823.815|8435|0|0|0|2022-04-17 19:11:54.616203+02
1518|1650220091.949156|2022-04-17 20:28:11.949156+02|16432|test|18|175651017|0|312739683|698307953|292173579|188441795|111816158|11805151|0|0|2|2007998464|0|||0|0|68200878.448|54441949.23|1721183.992|8437|0|0|0|2022-04-17 19:11:54.616203+02
1519|1650220092.969994|2022-04-17 20:28:12.969994+02|16432|test|18|175659350|0|312754272|698406169|292190736|188458689|111824487|11813480|0|0|2|2007998464|0|||0|0|68216950.103|54456037.737|1722429.429|8439|0|0|0|2022-04-17 19:11:54.616203+02
1520|1650220093.991913|2022-04-17 20:28:13.991913+02|16432|test|18|175667708|0|312768955|698504770|292207950|188475633|111832841|11821834|0|0|2|2007998464|0|||0|0|68232999.14|54470109.633|1723693.551|8441|0|0|0|2022-04-17 19:11:54.616203+02
1521|1650220095.011982|2022-04-17 20:28:15.011982+02|16432|test|18|175676276|0|312784063|698605832|292225576|188492997|111841405|11830398|0|0|2|2007998464|0|||0|0|68249056.058|54484064.444|1725045.683|8443|0|0|0|2022-04-17 19:11:54.616203+02
1522|1650220096.033266|2022-04-17 20:28:16.033266+02|16432|test|18|175684881|0|312799267|698707180|292243312|188510435|111850006|11838999|0|0|2|2007998464|0|||0|0|68265104.659|54498048.992|1726342.459|8445|0|0|0|2022-04-17 19:11:54.616203+02
1523|1650220097.054433|2022-04-17 20:28:17.054433+02|16432|test|18|175693605|0|312814619|698810143|292261293|188528111|111858726|11847719|0|0|2|2007998464|0|||0|0|68281161.045|54511965.03|1727695.994|8447|0|0|0|2022-04-17 19:11:54.616203+02
1524|1650220098.075096|2022-04-17 20:28:18.075096+02|16432|test|18|175701209|0|312827938|698899857|292277020|188543547|111866326|11855319|0|0|2|2007998464|0|||0|0|68297285.904|54526229.355|1728847.394|8449|0|0|0|2022-04-17 19:11:54.616203+02
1525|1650220099.095486|2022-04-17 20:28:19.095486+02|16432|test|18|175707682|0|312839294|698976401|292290428|188556721|111872795|11861788|0|0|2|2007998464|0|||0|0|68313913.403|54541268.936|1729836.451|8451|0|0|0|2022-04-17 19:11:54.616203+02
1526|1650220100.115660|2022-04-17 20:28:20.11566+02|16432|test|18|175712184|0|312847228|699029850|292299814|188565953|111877293|11866286|0|0|2|2007998464|0|||0|0|68330554.54|54556897.878|1730463.012|8453|0|0|0|2022-04-17 19:11:54.616203+02
1527|1650220101.136654|2022-04-17 20:28:21.136654+02|16432|test|18|175719977|0|312860840|699122089|292315890|188581767|111885082|11874075|0|0|2|2007998464|0|||0|0|68346610.193|54571147.181|1731602.054|8455|0|0|0|2022-04-17 19:11:54.616203+02
1528|1650220102.157611|2022-04-17 20:28:22.157611+02|16432|test|18|175728036|0|312874877|699217455|292332515|188598113|111893137|11882130|0|0|2|2007998464|0|||0|0|68362664.177|54585213.321|1732856.857|8457|0|0|0|2022-04-17 19:11:54.616203+02
1529|1650220103.178242|2022-04-17 20:28:23.178242+02|16432|test|18|175736201|0|312889214|699313999|292349351|188614671|111901298|11890291|0|0|2|2007998464|0|||0|0|68378792.767|54599424.383|1734076.995|8459|0|0|0|2022-04-17 19:11:54.616203+02
1530|1650220104.198453|2022-04-17 20:28:24.198453+02|16432|test|18|175744306|0|312903447|699409765|292366067|188631109|111909399|11898392|0|0|2|2007998464|0|||0|0|68394860.15|54613549.271|1735291.723|8461|0|0|0|2022-04-17 19:11:54.616203+02
1531|1650220105.219573|2022-04-17 20:28:25.219573+02|16432|test|18|175752705|0|312918178|699508755|292383382|188648135|111917794|11906787|0|0|2|2007998464|0|||0|0|68410899.68|54627535.885|1736589.589|8463|0|0|0|2022-04-17 19:11:54.616203+02
1532|1650220106.239335|2022-04-17 20:28:26.239335+02|16432|test|18|175761033|0|312932745|699606777|292400530|188665019|111926118|11915111|0|0|2|2007998464|0|||0|0|68426958.837|54641561.766|1737863.051|8465|0|0|0|2022-04-17 19:11:54.616203+02
1533|1650220107.259606|2022-04-17 20:28:27.259606+02|16432|test|18|175766683|0|312942618|699673633|292412245|188676547|111931764|11920757|0|0|2|2007998464|0|||0|0|68443450.069|54656617|1738734.462|8467|0|0|0|2022-04-17 19:11:54.616203+02
1534|1650220108.279679|2022-04-17 20:28:28.279679+02|16432|test|18|175772795|0|312953396|699746091|292424910|188688999|111937872|11926865|0|0|2|2007998464|0|||0|0|68459502.66|54671244.189|1739621.712|8469|0|0|0|2022-04-17 19:11:54.616203+02
1535|1650220109.301518|2022-04-17 20:28:29.301518+02|16432|test|18|175780804|0|312967348|699840776|292441459|188705245|111945877|11934870|0|0|2|2007998464|0|||0|0|68475567.289|54685404.453|1740824.191|8471|0|0|0|2022-04-17 19:11:54.616203+02
1536|1650220110.325886|2022-04-17 20:28:30.325886+02|16432|test|18|175788952|0|312981662|699936785|292458241|188721769|111954021|11943014|0|0|2|2007998464|0|||0|0|68491633.166|54699464.645|1742093.343|8473|0|0|0|2022-04-17 19:11:54.616203+02
1537|1650220111.345657|2022-04-17 20:28:31.345657+02|16432|test|18|175797314|0|312996381|700035483|292475460|188738721|111962379|11951372|0|0|2|2007998464|0|||0|0|68507693.855|54713439.887|1743419.951|8475|0|0|0|2022-04-17 19:11:54.616203+02
1538|1650220112.365975|2022-04-17 20:28:32.365975+02|16432|test|18|175805373|0|313010637|700130972|292492103|188755067|111970434|11959427|0|0|2|2007998464|0|||0|0|68523744.95|54727653.986|1744566.705|8477|0|0|0|2022-04-17 19:11:54.616203+02
1539|1650220113.386819|2022-04-17 20:28:33.386819+02|16432|test|18|175814721|0|313027001|700240840|292511335|188773991|111979778|11968771|0|0|2|2007998464|0|||0|0|68541893.531|54743486.497|1746042.792|8479|0|0|0|2022-04-17 19:11:54.616203+02
1540|1650220114.406565|2022-04-17 20:28:34.406565+02|16432|test|18|175822725|0|313041092|700335140|292527820|188790227|111987778|11976771|0|0|2|2007998464|0|||0|0|68557958.584|54757597.277|1747281.48|8481|0|0|0|2022-04-17 19:11:54.616203+02
1541|1650220115.426613|2022-04-17 20:28:35.426613+02|16432|test|18|175828502|0|313051270|700403376|292539762|188802009|111993551|11982544|0|0|2|2007998464|0|||0|0|68575578.182|54773815.23|1748133.279|8483|0|0|0|2022-04-17 19:11:54.616203+02
1542|1650220116.447679|2022-04-17 20:28:36.447679+02|16432|test|18|175834928|0|313062560|700479430|292553080|188815089|111999973|11988966|0|0|2|2007998464|0|||0|0|68591633.821|54788417.881|1749037.048|8485|0|0|0|2022-04-17 19:11:54.616203+02
1543|1650220117.469296|2022-04-17 20:28:37.469296+02|16432|test|18|175842867|0|313076525|700573065|292569441|188831195|112007908|11996901|0|0|2|2007998464|0|||0|0|68607722.533|54802563.199|1750266.169|8487|0|0|0|2022-04-17 19:11:54.616203+02
1544|1650220118.490080|2022-04-17 20:28:38.49008+02|16432|test|18|175851378|0|313091492|700673560|292586989|188848445|112016415|12005408|0|0|2|2007998464|0|||0|0|68625283.912|54818098.87|1751534.642|8489|0|0|0|2022-04-17 19:11:54.616203+02
1545|1650220119.510815|2022-04-17 20:28:39.510815+02|16432|test|18|175859324|0|313105483|700767290|292603376|188864565|112024357|12013350|0|0|2|2007998464|0|||0|0|68641379.79|54832230.193|1752786.987|8491|0|0|0|2022-04-17 19:11:54.616203+02
1546|1650220120.531574|2022-04-17 20:28:40.531574+02|16432|test|18|175868379|0|313121377|700874083|292622008|188882903|112033408|12022401|0|0|2|2007998464|0|||0|0|68658982.696|54847641.173|1754174.421|8493|0|0|0|2022-04-17 19:11:54.616203+02
1547|1650220121.551723|2022-04-17 20:28:41.551723+02|16432|test|18|175876371|0|313135352|700968430|292638475|188899115|112041396|12030389|0|0|2|2007998464|0|||0|0|68675043.42|54861824.788|1755359.889|8495|0|0|0|2022-04-17 19:11:54.616203+02
1548|1650220122.572043|2022-04-17 20:28:42.572043+02|16432|test|18|175884566|0|313149893|701065112|292655386|188915733|112049587|12038580|0|0|2|2007998464|0|||0|0|68691123.015|54875841.121|1756668.513|8497|0|0|0|2022-04-17 19:11:54.616203+02
1549|1650220123.592396|2022-04-17 20:28:43.592396+02|16432|test|18|175892516|0|313163739|701159019|292671806|188931861|112057533|12046526|0|0|2|2007998464|0|||0|0|68707190.168|54889967.887|1757902.172|8499|0|0|0|2022-04-17 19:11:54.616203+02
1550|1650220124.613393|2022-04-17 20:28:44.613393+02|16432|test|18|175900562|0|313177914|701253909|292688375|188948181|112065575|12054568|0|0|2|2007998464|0|||0|0|68723252.289|54904035.923|1759174.789|8501|0|0|0|2022-04-17 19:11:54.616203+02
1551|1650220125.633593|2022-04-17 20:28:45.633593+02|16432|test|18|175908104|0|313191162|701342831|292703925|188963493|112073113|12062106|0|0|2|2007998464|0|||0|0|68739313.406|54918298.885|1760306.698|8503|0|0|0|2022-04-17 19:11:54.616203+02
1552|1650220126.653649|2022-04-17 20:28:46.653649+02|16432|test|18|175915792|0|313204735|701433817|292719803|188979097|112080797|12069790|0|0|2|2007998464|0|||0|0|68755580.767|54932816.924|1761407.191|8505|0|0|0|2022-04-17 19:11:54.616203+02
1553|1650220127.674112|2022-04-17 20:28:47.674112+02|16432|test|18|175919720|0|313211592|701480368|292728028|188987181|112084721|12073714|0|0|2|2007998464|0|||0|0|68772291.037|54948628.428|1761946.703|8507|0|0|0|2022-04-17 19:11:54.616203+02
1554|1650220128.694130|2022-04-17 20:28:48.69413+02|16432|test|18|175928136|0|313226413|701579902|292745391|189004241|112093133|12082126|0|0|2|2007998464|0|||0|0|68789345.031|54963715.913|1763201.758|8509|0|0|0|2022-04-17 19:11:54.616203+02
1555|1650220129.714213|2022-04-17 20:28:49.714213+02|16432|test|18|175936383|0|313240783|701676723|292762357|189020963|112101376|12090369|0|0|2|2007998464|0|||0|0|68805452.345|54977927.387|1764387.846|8511|0|0|0|2022-04-17 19:11:54.616203+02
1556|1650220130.734498|2022-04-17 20:28:50.734498+02|16432|test|18|175944692|0|313255369|701774847|292779460|189037809|112109681|12098674|0|0|2|2007998464|0|||0|0|68821512.844|54992046.84|1765615.656|8513|0|0|0|2022-04-17 19:11:54.616203+02
1557|1650220131.756715|2022-04-17 20:28:51.756715+02|16432|test|18|175952518|0|313269008|701866912|292795552|189053689|112117503|12106496|0|0|2|2007998464|0|||0|0|68837590.713|55006156.992|1766865.247|8515|0|0|0|2022-04-17 19:11:54.616203+02
1558|1650220132.776820|2022-04-17 20:28:52.77682+02|16432|test|18|175961103|0|313283971|701968332|292813226|189071087|112126084|12115077|0|0|2|2007998464|0|||0|0|68853648.931|55020073.758|1768239.919|8517|0|0|0|2022-04-17 19:11:54.616203+02
1559|1650220133.797403|2022-04-17 20:28:53.797403+02|16432|test|18|175969546|0|313298787|702068024|292830651|189088201|112134523|12123516|0|0|2|2007998464|0|||0|0|68869712.008|55034076.36|1769544.62|8519|0|0|0|2022-04-17 19:11:54.616203+02
1560|1650220134.819893|2022-04-17 20:28:54.819893+02|16432|test|18|175977845|0|313313348|702165871|292847723|189105027|112142818|12131811|0|0|2|2007998464|0|||0|0|68885782.196|55048101.835|1770838.953|8521|0|0|0|2022-04-17 19:11:54.616203+02
1561|1650220135.840102|2022-04-17 20:28:55.840102+02|16432|test|18|175986326|0|313328228|702266240|292865212|189122217|112151295|12140288|0|0|2|2007998464|0|||0|0|68901852.262|55062135.36|1772136.768|8523|0|0|0|2022-04-17 19:11:54.616203+02
1562|1650220136.860959|2022-04-17 20:28:56.860959+02|16432|test|18|175993760|0|313341369|702354034|292880543|189137313|112158725|12147718|0|0|2|2007998464|0|||0|0|68917945.037|55076297.893|1773317.322|8525|0|0|0|2022-04-17 19:11:54.616203+02
1563|1650220137.880516|2022-04-17 20:28:57.880516+02|16432|test|18|175997669|0|313348243|702400220|292888717|189145359|112162630|12151623|0|0|2|2007998464|0|||0|0|68934327.827|55091747.001|1773890.074|8527|0|0|0|2022-04-17 19:11:54.616203+02
1564|1650220138.900809|2022-04-17 20:28:58.900809+02|16432|test|18|176005371|0|313361788|702491257|292904611|189160991|112170328|12159321|0|0|2|2007998464|0|||0|0|68950442.909|55105986.873|1775084.484|8529|0|0|0|2022-04-17 19:11:54.616203+02
1565|1650220139.921458|2022-04-17 20:28:59.921458+02|16432|test|18|176013761|0|313376471|702590198|292921896|189177999|112178714|12167707|0|0|2|2007998464|0|||0|0|68966525.168|55120033.001|1776370.832|8531|0|0|0|2022-04-17 19:11:54.616203+02
1566|1650220140.942017|2022-04-17 20:29:00.942017+02|16432|test|18|176020787|0|313388889|702673018|292936405|189192279|112185736|12174729|0|0|2|2007998464|0|||0|0|68982645.433|55134361.657|1777522.6|8533|0|0|0|2022-04-17 19:11:54.616203+02
1567|1650220141.962555|2022-04-17 20:29:01.962555+02|16432|test|18|176028944|0|313403230|702769364|292953207|189208821|112193889|12182882|0|0|2|2007998464|0|||0|0|68998697.364|55148405.983|1778796.326|8535|0|0|0|2022-04-17 19:11:54.616203+02
1568|1650220142.983197|2022-04-17 20:29:02.983197+02|16432|test|18|176037482|0|313418162|702869940|292970784|189226125|112202423|12191416|0|0|2|2007998464|0|||0|0|69014761.62|55162281.271|1780212.538|8537|0|0|0|2022-04-17 19:11:54.616203+02
1569|1650220144.004073|2022-04-17 20:29:04.004073+02|16432|test|18|176046278|0|313433687|702973736|292988878|189243945|112211215|12200208|0|0|2|2007998464|0|||0|0|69030816.716|55176129.058|1781634.386|8539|0|0|0|2022-04-17 19:11:54.616203+02
1570|1650220145.025574|2022-04-17 20:29:05.025574+02|16432|test|19|176054269|0|313447662|703067855|293005342|189260143|112219203|12208196|0|0|2|2007998464|0|||0|0|69045364.025|55188572.41|1782991.228|8540|0|0|0|2022-04-17 19:11:54.616203+02
1571|1650220146.036335|2022-04-17 20:29:06.036335+02|16432|test|19|176064428|0|313465567|703187372|293026212|189280701|112229357|12218350|0|0|2|2007998464|0|||0|0|69064928.722|55205501.38|1784689.218|8543|0|0|0|2022-04-17 19:11:54.616203+02
1572|1650220147.058396|2022-04-17 20:29:07.058396+02|16432|test|19|176073579|0|313481550|703295338|293045022|189299231|112238504|12227497|0|0|2|2007998464|0|||0|0|69081484.413|55219608.614|1786285.56|8545|0|0|0|2022-04-17 19:11:54.616203+02
1573|1650220148.078932|2022-04-17 20:29:08.078932+02|16432|test|19|176082739|0|313497702|703403066|293063816|189317779|112247660|12236653|0|0|2|2007998464|0|||0|0|69098538.928|55234254.17|1787863.541|8547|0|0|0|2022-04-17 19:11:54.616203+02
1574|1650220149.099675|2022-04-17 20:29:09.099675+02|16432|test|19|176087527|0|313506060|703459549|293073771|189327583|112252444|12241437|0|0|2|2007998464|0|||0|0|69116379.856|55250832.837|1788644.848|8549|0|0|0|2022-04-17 19:11:54.616203+02
1575|1650220150.120677|2022-04-17 20:29:10.120677+02|16432|test|19|176095122|0|313519468|703549068|293089420|189343001|112260035|12249028|0|0|2|2007998464|0|||0|0|69132429.496|55264935.729|1789885.769|8551|0|0|0|2022-04-17 19:11:54.616203+02
1576|1650220151.140778|2022-04-17 20:29:11.140778+02|16432|test|19|176103217|0|313533668|703644479|293106187|189359536|112268126|12257119|0|0|2|2007998464|0|||0|0|69148499.559|55278839.971|1791279.755|8553|0|0|0|2022-04-17 19:11:54.616203+02
1577|1650220152.161005|2022-04-17 20:29:12.161005+02|16432|test|19|176109325|0|313544273|703716631|293118854|189372007|112274230|12263223|0|0|2|2007998464|0|||0|0|69164627.213|55293492.302|1792175.852|8555|0|0|0|2022-04-17 19:11:54.616203+02
1578|1650220153.181129|2022-04-17 20:29:13.181129+02|16432|test|18|176116929|0|313614809|703841190|293136166|189387799|112281825|12270824|0|0|2|2007998464|0|||0|0|69181188.481|55308074.212|1793427.798|8557|0|0|0|2022-04-17 19:11:54.616203+02
1579|1650220154.202105|2022-04-17 20:29:14.202105+02|16432|test|18|176125334|0|313629501|703940384|293153485|189404837|112290226|12279225|0|0|2|2007998464|0|||0|0|69197229.553|55321969.813|1794810.747|8559|0|0|0|2022-04-17 19:11:54.616203+02
1580|1650220155.223029|2022-04-17 20:29:15.223029+02|16432|test|18|176134168|0|313645054|704044391|293171637|189422733|112299056|12288055|0|0|2|2007998464|0|||0|0|69214297.124|55336782.43|1796271.077|8561|0|0|0|2022-04-17 19:11:54.616203+02
1581|1650220156.245023|2022-04-17 20:29:16.245023+02|16432|test|18|176142330|0|313659341|704140717|293188466|189439285|112307214|12296213|0|0|2|2007998464|0|||0|0|69230388.028|55350885.714|1797544.058|8563|0|0|0|2022-04-17 19:11:54.616203+02
1582|1650220157.265702|2022-04-17 20:29:17.265702+02|16432|test|18|176150411|0|313673517|704236173|293205114|189455675|112315291|12304290|0|0|2|2007998464|0|||0|0|69246451.344|55364989.089|1798801.958|8565|0|0|0|2022-04-17 19:11:54.616203+02
1583|1650220158.286262|2022-04-17 20:29:18.286262+02|16432|test|18|176158448|0|313687612|704330841|293221668|189471977|112323324|12312323|0|0|2|2007998464|0|||0|0|69262513.676|55379030.19|1800096.932|8567|0|0|0|2022-04-17 19:11:54.616203+02
1584|1650220159.306759|2022-04-17 20:29:19.306759+02|16432|test|18|176166595|0|313701958|704426950|293238444|189488499|112331467|12320466|0|0|2|2007998464|0|||0|0|69278571.453|55393076.774|1801365.799|8569|0|0|0|2022-04-17 19:11:54.616203+02
1585|1650220160.327946|2022-04-17 20:29:20.327946+02|16432|test|18|176175071|0|313716701|704526784|293255897|189505679|112339939|12328938|0|0|2|2007998464|0|||0|0|69294649.442|55407029.623|1802726.72|8571|0|0|0|2022-04-17 19:11:54.616203+02
1586|1650220161.348626|2022-04-17 20:29:21.348626+02|16432|test|18|176183618|0|313731748|704627643|293273505|189523001|112348482|12337481|0|0|2|2007998464|0|||0|0|69310720.224|55420954.542|1804119.333|8573|0|0|0|2022-04-17 19:11:54.616203+02
1587|1650220162.369747|2022-04-17 20:29:22.369747+02|16432|test|18|176190709|0|313744239|704711505|293288162|189537411|112355569|12344568|0|0|2|2007998464|0|||0|0|69326790.826|55435256.024|1805241.194|8575|0|0|0|2022-04-17 19:11:54.616203+02
1588|1650220163.390246|2022-04-17 20:29:23.390246+02|16432|test|18|176196157|0|313753786|704775979|293299450|189548535|112361013|12350012|0|0|2|2007998464|0|||0|0|69342038.668|55449111.074|1806124.816|8577|0|0|0|2022-04-17 19:11:54.616203+02
1589|1650220164.410066|2022-04-17 20:29:24.410066+02|16432|test|18|176202422|0|313764724|704850240|293312447|189561293|112367274|12356273|0|0|2|2007998464|0|||0|0|69360074.543|55465585.86|1807135.754|8579|0|0|0|2022-04-17 19:11:54.616203+02
1590|1650220165.430039|2022-04-17 20:29:25.430039+02|16432|test|18|176210490|0|313778952|704945393|293329066|189577657|112375338|12364337|0|0|2|2007998464|0|||0|0|69376136.903|55479600.992|1808459.575|8581|0|0|0|2022-04-17 19:11:54.616203+02
1591|1650220166.449922|2022-04-17 20:29:26.449922+02|16432|test|18|176218533|0|313793064|705040309|293345615|189593971|112383377|12372376|0|0|2|2007998464|0|||0|0|69392176.553|55493597.644|1809766.527|8583|0|0|0|2022-04-17 19:11:54.616203+02
1592|1650220167.469793|2022-04-17 20:29:27.469793+02|16432|test|18|176226361|0|313806695|705132851|293361764|189609855|112391201|12380200|0|0|2|2007998464|0|||0|0|69408250.899|55507675.107|1811044.12|8585|0|0|0|2022-04-17 19:11:54.616203+02
1593|1650220168.490452|2022-04-17 20:29:28.490452+02|16432|test|18|176234376|0|313820736|705227147|293378243|189626113|112399212|12388211|0|0|2|2007998464|0|||0|0|69424325.211|55521790.152|1812303.021|8587|0|0|0|2022-04-17 19:11:54.616203+02
1594|1650220169.510694|2022-04-17 20:29:29.510694+02|16432|test|18|176242802|0|313835610|705326491|293395583|189643193|112407634|12396633|0|0|2|2007998464|0|||0|0|69440375.436|55535705.893|1813693.225|8589|0|0|0|2022-04-17 19:11:54.616203+02
1595|1650220170.530813|2022-04-17 20:29:30.530813+02|16432|test|18|176250541|0|313849304|705418051|293411541|189658899|112415369|12404368|0|0|2|2007998464|0|||0|0|69456452.084|55549866.157|1814915.666|8591|0|0|0|2022-04-17 19:11:54.616203+02
1596|1650220171.551058|2022-04-17 20:29:31.551058+02|16432|test|18|176258575|0|313863261|705512657|293428104|189675195|112423399|12412398|0|0|2|2007998464|0|||0|0|69472504.981|55563932.314|1816185.793|8593|0|0|0|2022-04-17 19:11:54.616203+02
1597|1650220172.571056|2022-04-17 20:29:32.571056+02|16432|test|18|176266764|0|313877609|705608835|293444914|189691801|112431584|12420583|0|0|2|2007998464|0|||0|0|69488586.766|55577951.999|1817499.679|8595|0|0|0|2022-04-17 19:11:54.616203+02
1598|1650220173.591055|2022-04-17 20:29:33.591055+02|16432|test|18|176274395|0|313891036|705699089|293460660|189707291|112439211|12428210|0|0|2|2007998464|0|||0|0|69504646.599|55592094.679|1818741.311|8597|0|0|0|2022-04-17 19:11:54.616203+02
1599|1650220174.611229|2022-04-17 20:29:34.611229+02|16432|test|18|176278602|0|313898528|705748787|293469418|189715933|112443414|12432413|0|0|2|2007998464|0|||0|0|69521846.441|55608234.637|1819398.387|8599|0|0|0|2022-04-17 19:11:54.616203+02
1600|1650220175.632861|2022-04-17 20:29:35.632861+02|16432|test|18|176285928|0|313911267|705835079|293484530|189730813|112450736|12439735|0|0|2|2007998464|0|||0|0|69538907.034|55623466.213|1820561.652|8601|0|0|0|2022-04-17 19:11:54.616203+02
1601|1650220176.652878|2022-04-17 20:29:36.652878+02|16432|test|18|176293441|0|313924550|705923432|293499993|189746067|112458245|12447244|0|0|2|2007998464|0|||0|0|69554967.264|55637693.452|1821732.105|8603|0|0|0|2022-04-17 19:11:54.616203+02
1602|1650220177.673637|2022-04-17 20:29:37.673637+02|16432|test|18|176301374|0|313938506|706017115|293516344|189762161|112466174|12455173|0|0|2|2007998464|0|||0|0|69571017.155|55651788.697|1822993.386|8605|0|0|0|2022-04-17 19:11:54.616203+02
1603|1650220178.693962|2022-04-17 20:29:38.693962+02|16432|test|17|176309380|0|320609240|709912101|293534114|189778449|112474172|12463171|0|0|2|2007998464|0|||0|0|69587079.146|55665849.723|1824274.906|8607|0|0|0|2022-04-17 19:11:54.616203+02
1604|1650220179.713559|2022-04-17 20:29:39.713559+02|16432|test|17|176317572|0|320624120|710009784|293551124|189795201|112482360|12471359|0|0|2|2007998464|0|||0|0|69603134.129|55679933.284|1825537.103|8609|0|0|0|2022-04-17 19:11:54.616203+02
1605|1650220180.733063|2022-04-17 20:29:40.733063+02|16432|test|17|176325714|0|320638843|710106448|293567875|189811713|112490498|12479497|0|0|2|2007998464|0|||0|0|69619205.671|55694010.655|1826835.334|8611|0|0|0|2022-04-17 19:11:54.616203+02
1606|1650220181.753270|2022-04-17 20:29:41.75327+02|16432|test|17|176334187|0|320654129|710206658|293585271|189828887|112498967|12487966|0|0|2|2007998464|0|||0|0|69635279.121|55708010.184|1828170.383|8613|0|0|0|2022-04-17 19:11:54.616203+02
1607|1650220182.773172|2022-04-17 20:29:42.773172+02|16432|test|17|176342749|0|320669469|710307755|293602850|189846239|112507525|12496524|0|0|2|2007998464|0|||0|0|69651838.23|55722430.311|1829563.726|8615|0|0|0|2022-04-17 19:11:54.616203+02
1608|1650220183.793919|2022-04-17 20:29:43.793919+02|16432|test|17|176352846|0|320687689|710427264|293623558|189866661|112517618|12506617|0|0|2|2007998464|0|||0|0|69671405.638|55739443.567|1831236.462|8617|0|0|0|2022-04-17 19:11:54.616203+02
1609|1650220184.813760|2022-04-17 20:29:44.81376+02|16432|test|17|176361732|0|320704004|710533170|293641877|189884661|112526500|12515499|0|0|2|2007998464|0|||0|0|69688480.257|55754281.197|1832686.51|8619|0|0|0|2022-04-17 19:11:54.616203+02
1610|1650220185.836190|2022-04-17 20:29:45.83619+02|16432|test|17|176370270|0|320719385|710634308|293659434|189901965|112535034|12524033|0|0|2|2007998464|0|||0|0|69705071.548|55768787.154|1834039.057|8621|0|0|0|2022-04-17 19:11:54.616203+02
1611|1650220186.856660|2022-04-17 20:29:46.85666+02|16432|test|17|176378855|0|320735058|710736077|293677082|189919363|112543615|12532614|0|0|2|2007998464|0|||0|0|69721118.547|55782711.318|1835414.888|8623|0|0|0|2022-04-17 19:11:54.616203+02
1612|1650220187.877182|2022-04-17 20:29:47.877182+02|16432|test|17|176382558|0|320741753|710780052|293684821|189926997|112547314|12536313|0|0|2|2007998464|0|||0|0|69737264.425|55797981.507|1835959.219|8625|0|0|0|2022-04-17 19:11:54.616203+02
1613|1650220188.897515|2022-04-17 20:29:48.897515+02|16432|test|17|176390615|0|320756301|710875376|293701399|189943339|112555367|12544366|0|0|2|2007998464|0|||0|0|69753328.115|55812077.634|1837221.194|8627|0|0|0|2022-04-17 19:11:54.616203+02
1614|1650220189.917922|2022-04-17 20:29:49.917922+02|16432|test|17|176399372|0|320772118|710978949|293719368|189961081|112564120|12553119|0|0|2|2007998464|0|||0|0|69769387.294|55826073.734|1838570.266|8629|0|0|0|2022-04-17 19:11:54.616203+02
1615|1650220190.938340|2022-04-17 20:29:50.93834+02|16432|test|17|176407682|0|320787168|711077461|293736456|189977929|112572426|12561425|0|0|2|2007998464|0|||0|0|69785442.759|55840183.335|1839818.649|8631|0|0|0|2022-04-17 19:11:54.616203+02
1616|1650220191.957984|2022-04-17 20:29:51.957984+02|16432|test|17|176416462|0|320803158|711181579|293754494|189995717|112581202|12570201|0|0|2|2007998464|0|||0|0|69801488.452|55854014.096|1841251.166|8633|0|0|0|2022-04-17 19:11:54.616203+02
1617|1650220192.978555|2022-04-17 20:29:52.978555+02|16432|test|17|176425478|0|320819404|711288208|293773035|190013977|112590214|12579213|0|0|2|2007998464|0|||0|0|69817540.975|55867789.477|1842740.28|8635|0|0|0|2022-04-17 19:11:54.616203+02
1618|1650220193.999075|2022-04-17 20:29:53.999075+02|16432|test|17|176434766|0|320836255|711398208|293792119|190032781|112599498|12588497|0|0|2|2007998464|0|||0|0|69833601.308|55881536.863|1844264.605|8637|0|0|0|2022-04-17 19:11:54.616203+02
1619|1650220195.020428|2022-04-17 20:29:55.020428+02|16432|test|17|176443747|0|320852471|711504416|293810557|190050971|112608475|12597474|0|0|2|2007998464|0|||0|0|69850148.208|55895838.332|1845719.273|8639|0|0|0|2022-04-17 19:11:54.616203+02
1620|1650220196.040480|2022-04-17 20:29:56.04048+02|16432|test|17|176452680|0|320868711|711610418|293828932|190069065|112617404|12606403|0|0|2|2007998464|0|||0|0|69866191.625|55909617.088|1847191.256|8641|0|0|0|2022-04-17 19:11:54.616203+02
1621|1650220197.060359|2022-04-17 20:29:57.060359+02|16432|test|17|176462554|0|320886548|711727663|293849204|190089041|112627274|12616273|0|0|2|2007998464|0|||0|0|69883264.186|55924330.356|1848735.959|8643|0|0|0|2022-04-17 19:11:54.616203+02
1622|1650220198.082835|2022-04-17 20:29:58.082835+02|16432|test|17|176471891|0|320903546|711838289|293868386|190107943|112636607|12625606|0|0|2|2007998464|0|||0|0|69899313.486|55938081.514|1850246.941|8645|0|0|0|2022-04-17 19:11:54.616203+02
1623|1650220199.104053|2022-04-17 20:29:59.104053+02|16432|test|17|176481044|0|320920042|711946545|293887174|190126477|112645756|12634755|0|0|2|2007998464|0|||0|0|69915370.807|55951869.81|1851731.854|8647|0|0|0|2022-04-17 19:11:54.616203+02
1624|1650220200.126089|2022-04-17 20:30:00.126089+02|16432|test|17|176489851|0|320936206|712051170|293905279|190144319|112654559|12643558|0|0|2|2007998464|0|||0|0|69931431.872|55965704.569|1853194.032|8649|0|0|0|2022-04-17 19:11:54.616203+02
1625|1650220201.146658|2022-04-17 20:30:01.146658+02|16432|test|17|176498922|0|320952540|712158385|293923905|190162689|112663626|12652625|0|0|2|2007998464|0|||0|0|69947485.019|55979441.873|1854721.352|8651|0|0|0|2022-04-17 19:11:54.616203+02
1626|1650220202.168074|2022-04-17 20:30:02.168074+02|16432|test|17|176508396|0|320969748|712270695|293943359|190181865|112673096|12662095|0|0|2|2007998464|0|||0|0|69963550.849|55993158.137|1856284.944|8653|0|0|0|2022-04-17 19:11:54.616203+02
1627|1650220203.187837|2022-04-17 20:30:03.187837+02|16432|test|17|176517227|0|320985657|712375311|293961513|190199755|112681923|12670922|0|0|2|2007998464|0|||0|0|69979605.525|56006994.944|1857747.528|8655|0|0|0|2022-04-17 19:11:54.616203+02
1628|1650220204.208707|2022-04-17 20:30:04.208707+02|16432|test|17|176526975|0|321003171|712490859|293981517|190219479|112691667|12680666|0|0|2|2007998464|0|||0|0|69996671.452|56021621.309|1859343.884|8657|0|0|0|2022-04-17 19:11:54.616203+02
1629|1650220205.228978|2022-04-17 20:30:05.228978+02|16432|test|18|176533559|0|321015237|712569083|293995092|190232863|112698248|12687247|0|0|2|2007998464|0|||0|0|70008220.241|56031511.351|1860429.747|8658|0|0|0|2022-04-17 19:11:54.616203+02
1630|1650220206.239816|2022-04-17 20:30:06.239816+02|16432|test|18|176543321|0|321032885|712684861|294015154|190252627|112708005|12697004|0|0|2|2007998464|0|||0|0|70028801.862|56049568.89|1862030.284|8661|0|0|0|2022-04-17 19:11:54.616203+02
1631|1650220207.259570|2022-04-17 20:30:07.25957+02|16432|test|18|176551176|0|321047257|712778218|294031373|190268565|112715856|12704855|0|0|2|2007998464|0|||0|0|70044859.926|56063627.1|1863324.993|8663|0|0|0|2022-04-17 19:11:54.616203+02
1632|1650220208.287833|2022-04-17 20:30:08.287833+02|16432|test|18|176558762|0|321061183|712868770|294047073|190283965|112723438|12712437|0|0|2|2007998464|0|||0|0|70060923.257|56077686.544|1864624.194|8665|0|0|0|2022-04-17 19:11:54.616203+02
1633|1650220209.309795|2022-04-17 20:30:09.309795+02|16432|test|17|176566866|0|321104736|712967212|294065396|190300747|112731534|12720537|0|0|2|2007998464|0|||0|0|70076980.58|56091532.368|1866028.187|8667|0|0|0|2022-04-17 19:11:54.616203+02
1634|1650220210.329914|2022-04-17 20:30:10.329914+02|16432|test|17|176574144|0|321117968|713053524|294080407|190315531|112738808|12727811|0|0|2|2007998464|0|||0|0|70092566.599|56105247.821|1867237.135|8669|0|0|0|2022-04-17 19:11:54.616203+02
1635|1650220211.350654|2022-04-17 20:30:11.350654+02|16432|test|17|176579197|0|321127133|713113459|294090898|190325865|112743857|12732860|0|0|2|2007998464|0|||0|0|70108673.764|56120147.701|1868006.352|8671|0|0|0|2022-04-17 19:11:54.616203+02
1636|1650220212.372621|2022-04-17 20:30:12.372621+02|16432|test|17|176588237|0|321143586|713220375|294109486|190344173|112752893|12741896|0|0|2|2007998464|0|||0|0|70125734.998|56135018.588|1869418.862|8673|0|0|0|2022-04-17 19:11:54.616203+02
1637|1650220213.394082|2022-04-17 20:30:13.394082+02|16432|test|17|176599376|0|321163954|713352094|294132350|190366679|112764028|12753031|0|0|2|2007998464|0|||0|0|70145804.189|56152407.231|1871163.846|8675|0|0|0|2022-04-17 19:11:54.616203+02
1638|1650220214.414733|2022-04-17 20:30:14.414733+02|16432|test|17|176608813|0|321181090|713463691|294151718|190385781|112773461|12762464|0|0|2|2007998464|0|||0|0|70163363.551|56167684.047|1872647.033|8677|0|0|0|2022-04-17 19:11:54.616203+02
1639|1650220215.435290|2022-04-17 20:30:15.43529+02|16432|test|17|176617345|0|321196631|713564901|294169272|190403073|112781989|12770992|0|0|2|2007998464|0|||0|0|70179491.537|56181715.12|1873999.624|8679|0|0|0|2022-04-17 19:11:54.616203+02
1640|1650220216.455218|2022-04-17 20:30:16.455218+02|16432|test|17|176626148|0|321212612|713669137|294187382|190420907|112790788|12779791|0|0|2|2007998464|0|||0|0|70195548.072|56195553.205|1875446.852|8681|0|0|0|2022-04-17 19:11:54.616203+02
1641|1650220217.476360|2022-04-17 20:30:17.47636+02|16432|test|17|176635108|0|321228991|713775360|294205808|190439055|112799744|12788747|0|0|2|2007998464|0|||0|0|70211606.128|56209387.43|1876899.332|8683|0|0|0|2022-04-17 19:11:54.616203+02
1642|1650220218.496757|2022-04-17 20:30:18.496757+02|16432|test|17|176643545|0|321244413|713875338|294223195|190456157|112808177|12797180|0|0|2|2007998464|0|||0|0|70227681.2|56223489.432|1878175.253|8685|0|0|0|2022-04-17 19:11:54.616203+02
1643|1650220219.517487|2022-04-17 20:30:19.517487+02|16432|test|17|176652392|0|321260401|713980258|294241387|190474079|112817020|12806023|0|0|2|2007998464|0|||0|0|70243737.406|56237299.699|1879643.218|8687|0|0|0|2022-04-17 19:11:54.616203+02
1644|1650220220.538353|2022-04-17 20:30:20.538353+02|16432|test|17|176661387|0|321276762|714087213|294259910|190492297|112826011|12815014|0|0|2|2007998464|0|||0|0|70259778.766|56251129.342|1881078.54|8689|0|0|0|2022-04-17 19:11:54.616203+02
1645|1650220221.558017|2022-04-17 20:30:21.558017+02|16432|test|17|176668843|0|321290425|714175696|294275279|190507437|112833463|12822466|0|0|2|2007998464|0|||0|0|70275829.903|56265305.084|1882267.503|8691|0|0|0|2022-04-17 19:11:54.616203+02
1646|1650220222.578108|2022-04-17 20:30:22.578108+02|16432|test|17|176677186|0|321305590|714274692|294292443|190524351|112841802|12830805|0|0|2|2007998464|0|||0|0|70291877.024|56279328.142|1883586.264|8693|0|0|0|2022-04-17 19:11:54.616203+02
1647|1650220223.599443|2022-04-17 20:30:23.599443+02|16432|test|17|176685970|0|321321617|714378383|294310505|190542147|112850582|12839585|0|0|2|2007998464|0|||0|0|70308436.375|56293751.185|1884976.382|8695|0|0|0|2022-04-17 19:11:54.616203+02
1648|1650220224.619135|2022-04-17 20:30:24.619135+02|16432|test|17|176694593|0|321337424|714480631|294328244|190559621|112859201|12848204|0|0|2|2007998464|0|||0|0|70324488.176|56307745.627|1886309.758|8697|0|0|0|2022-04-17 19:11:54.616203+02
1649|1650220225.638730|2022-04-17 20:30:25.63873+02|16432|test|17|176703160|0|321352988|714581849|294345865|190576983|112867764|12856767|0|0|2|2007998464|0|||0|0|70341045.011|56322227.207|1887664.488|8699|0|0|0|2022-04-17 19:11:54.616203+02
1650|1650220226.658889|2022-04-17 20:30:26.658889+02|16432|test|17|176711921|0|321369062|714685668|294363895|190594733|112876521|12865524|0|0|2|2007998464|0|||0|0|70357105.609|56336142.798|1889064.12|8701|0|0|0|2022-04-17 19:11:54.616203+02
1651|1650220227.678969|2022-04-17 20:30:27.678969+02|16432|test|17|176721133|0|321385703|714794659|294382800|190613385|112885729|12874732|0|0|2|2007998464|0|||0|0|70373680.898|56350484.917|1890513.383|8703|0|0|0|2022-04-17 19:11:54.616203+02
1652|1650220228.699142|2022-04-17 20:30:28.699142+02|16432|test|17|176729373|0|321400765|714892685|294399791|190630093|112893965|12882968|0|0|2|2007998464|0|||0|0|70389726.178|56364412.922|1891905.088|8705|0|0|0|2022-04-17 19:11:54.616203+02
1653|1650220229.719121|2022-04-17 20:30:29.719121+02|16432|test|17|176738395|0|321417289|714999729|294418340|190648365|112902983|12891986|0|0|2|2007998464|0|||0|0|70405780.446|56378221.729|1893380.461|8707|0|0|0|2022-04-17 19:11:54.616203+02
1654|1650220230.739215|2022-04-17 20:30:30.739215+02|16432|test|17|176746310|0|321431660|715093393|294434635|190664423|112910894|12899897|0|0|2|2007998464|0|||0|0|70421836.589|56392351.887|1894601.036|8709|0|0|0|2022-04-17 19:11:54.616203+02
1655|1650220231.760689|2022-04-17 20:30:31.760689+02|16432|test|17|176755477|0|321448311|715202032|294453463|190682985|112920057|12909060|0|0|2|2007998464|0|||0|0|70437898.604|56406170.074|1896071.666|8711|0|0|0|2022-04-17 19:11:54.616203+02
1656|1650220232.780462|2022-04-17 20:30:32.780462+02|16432|test|17|176764024|0|321463839|715303165|294471034|190700307|112928600|12917603|0|0|2|2007998464|0|||0|0|70453955.038|56420115.404|1897440.723|8713|0|0|0|2022-04-17 19:11:54.616203+02
1657|1650220233.799755|2022-04-17 20:30:33.799755+02|16432|test|17|176772009|0|321478331|715397624|294487463|190716505|112936581|12925584|0|0|2|2007998464|0|||0|0|70470223.993|56434424.613|1898708.852|8715|0|0|0|2022-04-17 19:11:54.616203+02
1658|1650220234.819514|2022-04-17 20:30:34.819514+02|16432|test|17|176774936|0|321483673|715432790|294493638|190722587|112939504|12928507|0|0|2|2007998464|0|||0|0|70486927.874|56450430.224|1899137.004|8717|0|0|0|2022-04-17 19:11:54.616203+02
1659|1650220235.839071|2022-04-17 20:30:35.839071+02|16432|test|17|176783490|0|321499242|715534096|294511217|190739923|112948054|12937057|0|0|2|2007998464|0|||0|0|70502982.621|56464363.475|1900505.886|8719|0|0|0|2022-04-17 19:11:54.616203+02
1660|1650220236.860151|2022-04-17 20:30:36.860151+02|16432|test|17|176791448|0|321513758|715628550|294527619|190756067|112956008|12945011|0|0|2|2007998464|0|||0|0|70519033.674|56478459.139|1901755.913|8721|0|0|0|2022-04-17 19:11:54.616203+02
1661|1650220237.880766|2022-04-17 20:30:37.880766+02|16432|test|17|176799860|0|321528958|715727718|294544900|190773119|112964416|12953419|0|0|2|2007998464|0|||0|0|70535093.78|56492400.115|1903135.052|8723|0|0|0|2022-04-17 19:11:54.616203+02
1662|1650220238.901466|2022-04-17 20:30:38.901466+02|16432|test|17|176808100|0|321544016|715825540|294561867|190789827|112972652|12961655|0|0|2|2007998464|0|||0|0|70551232.224|56506508.246|1904460.906|8725|0|0|0|2022-04-17 19:11:54.616203+02
1663|1650220239.922337|2022-04-17 20:30:39.922337+02|16432|test|17|176816300|0|321558931|715922669|294578743|190806455|112980848|12969851|0|0|2|2007998464|0|||0|0|70567302.521|56520564.541|1905761.4|8727|0|0|0|2022-04-17 19:11:54.616203+02
1664|1650220240.942848|2022-04-17 20:30:40.942848+02|16432|test|17|176824547|0|321573991|716020123|294595700|190823177|112989091|12978094|0|0|2|2007998464|0|||0|0|70583365.34|56534498.655|1907131.251|8729|0|0|0|2022-04-17 19:11:54.616203+02
1665|1650220241.963191|2022-04-17 20:30:41.963191+02|16432|test|17|176833119|0|321589681|716121424|294613308|190840549|112997659|12986662|0|0|2|2007998464|0|||0|0|70599409.45|56548447.749|1908490.296|8731|0|0|0|2022-04-17 19:11:54.616203+02
1666|1650220242.983309|2022-04-17 20:30:42.983309+02|16432|test|17|176841380|0|321604772|716219472|294630315|190857299|113005916|12994919|0|0|2|2007998464|0|||0|0|70615464.91|56562454.367|1909832.705|8733|0|0|0|2022-04-17 19:11:54.616203+02
1667|1650220244.003584|2022-04-17 20:30:44.003584+02|16432|test|17|176849989|0|321620373|716321521|294648047|190874745|113014521|13003524|0|0|2|2007998464|0|||0|0|70631545.347|56576461.715|1911179.598|8735|0|0|0|2022-04-17 19:11:54.616203+02
1668|1650220245.023395|2022-04-17 20:30:45.023395+02|16432|test|17|176859223|0|321637164|716430965|294667037|190893441|113023751|13012754|0|0|2|2007998464|0|||0|0|70649141.742|56591725.285|1912697.477|8737|0|0|0|2022-04-17 19:11:54.616203+02
1669|1650220246.043839|2022-04-17 20:30:46.043839+02|16432|test|17|176868722|0|321654550|716543717|294686566|190912667|113033246|13022249|0|0|2|2007998464|0|||0|0|70666707.142|56606995.381|1914184.156|8739|0|0|0|2022-04-17 19:11:54.616203+02
1670|1650220247.064169|2022-04-17 20:30:47.064169+02|16432|test|17|176878793|0|321672957|716663282|294707258|190933037|113043313|13032316|0|0|2|2007998464|0|||0|0|70684764.231|56622600.313|1915790.031|8741|0|0|0|2022-04-17 19:11:54.616203+02
1671|1650220248.085006|2022-04-17 20:30:48.085006+02|16432|test|17|176888594|0|321690875|716779649|294727410|190952867|113053110|13042113|0|0|2|2007998464|0|||0|0|70702389.036|56637842.331|1917341.16|8743|0|0|0|2022-04-17 19:11:54.616203+02
1672|1650220249.105196|2022-04-17 20:30:49.105196+02|16432|test|17|176897270|0|321706583|716882191|294745226|190970447|113061782|13050785|0|0|2|2007998464|0|||0|0|70718458.67|56651764.158|1918740.284|8745|0|0|0|2022-04-17 19:11:54.616203+02
1673|1650220250.125788|2022-04-17 20:30:50.125788+02|16432|test|17|176906311|0|321723104|716989189|294763812|190988757|113070819|13059822|0|0|2|2007998464|0|||0|0|70734517.856|56665580|1920200.981|8747|0|0|0|2022-04-17 19:11:54.616203+02
1674|1650220251.145891|2022-04-17 20:30:51.145891+02|16432|test|17|176915446|0|321739748|717097249|294782583|191007255|113079950|13068953|0|0|2|2007998464|0|||0|0|70750600.132|56679321.343|1921734.822|8749|0|0|0|2022-04-17 19:11:54.616203+02
1675|1650220252.166374|2022-04-17 20:30:52.166374+02|16432|test|17|176924980|0|321757196|717210039|294802153|191026551|113089480|13078483|0|0|2|2007998464|0|||0|0|70766657.779|56692951.395|1923330.854|8751|0|0|0|2022-04-17 19:11:54.616203+02
1676|1650220253.187342|2022-04-17 20:30:53.187342+02|16432|test|17|176934223|0|321774054|717319707|294821164|191045265|113098719|13087722|0|0|2|2007998464|0|||0|0|70782731.762|56706730.386|1924834.505|8753|0|0|0|2022-04-17 19:11:54.616203+02
1677|1650220254.207810|2022-04-17 20:30:54.20781+02|16432|test|17|176942283|0|321788745|717415477|294837769|191061613|113106775|13095778|0|0|2|2007998464|0|||0|0|70798818.746|56720819.006|1926131.579|8755|0|0|0|2022-04-17 19:11:54.616203+02
1678|1650220255.227670|2022-04-17 20:30:55.22767+02|16432|test|17|176951146|0|321804957|717520611|294856015|191079567|113115634|13104637|0|0|2|2007998464|0|||0|0|70814881.768|56734698.161|1927557.681|8757|0|0|0|2022-04-17 19:11:54.616203+02
1679|1650220256.247561|2022-04-17 20:30:56.247561+02|16432|test|17|176960033|0|321821163|717625845|294874270|191097569|113124517|13113520|0|0|2|2007998464|0|||0|0|70830943.095|56748540.675|1928993.947|8759|0|0|0|2022-04-17 19:11:54.616203+02
1680|1650220257.268842|2022-04-17 20:30:57.268842+02|16432|test|17|176964308|0|321829011|717676965|294883197|191106347|113128788|13117791|0|0|2|2007998464|0|||0|0|70847192.996|56763668.169|1929656.953|8761|0|0|0|2022-04-17 19:11:54.616203+02
1681|1650220258.289786|2022-04-17 20:30:58.289786+02|16432|test|17|176971366|0|321841898|717760543|294897754|191120691|113135842|13124845|0|0|2|2007998464|0|||0|0|70863815.784|56778565.63|1930757.466|8763|0|0|0|2022-04-17 19:11:54.616203+02
1682|1650220259.311458|2022-04-17 20:30:59.311458+02|16432|test|17|176979785|0|321857154|717860345|294915078|191137757|113144257|13133260|0|0|2|2007998464|0|||0|0|70880919.588|56793632.966|1932060.915|8765|0|0|0|2022-04-17 19:11:54.616203+02
1683|1650220260.331472|2022-04-17 20:31:00.331472+02|16432|test|17|176987712|0|321871674|717954380|294931421|191153839|113152180|13141183|0|0|2|2007998464|0|||0|0|70896975.287|56807723.185|1933343.62|8767|0|0|0|2022-04-17 19:11:54.616203+02
1684|1650220261.351120|2022-04-17 20:31:01.35112+02|16432|test|17|176995956|0|321886688|718051702|294948382|191170555|113160420|13149423|0|0|2|2007998464|0|||0|0|70913030.859|56821765.667|1934637.844|8769|0|0|0|2022-04-17 19:11:54.616203+02
1685|1650220262.372082|2022-04-17 20:31:02.372082+02|16432|test|17|177004125|0|321901671|718148262|294965193|191187121|113168585|13157588|0|0|2|2007998464|0|||0|0|70929085.616|56835789.249|1935933.898|8771|0|0|0|2022-04-17 19:11:54.616203+02
1686|1650220263.392140|2022-04-17 20:31:03.39214+02|16432|test|17|177012394|0|321916696|718245827|294982175|191203887|113176850|13165853|0|0|2|2007998464|0|||0|0|70945145.308|56849798.739|1937263.762|8773|0|0|0|2022-04-17 19:11:54.616203+02
1687|1650220264.413196|2022-04-17 20:31:04.413196+02|16432|test|17|177020782|0|321932009|718345277|294999444|191220891|113185234|13174237|0|0|2|2007998464|0|||0|0|70961195.6|56863812.315|1938584.135|8775|0|0|0|2022-04-17 19:11:54.616203+02
1688|1650220265.433464|2022-04-17 20:31:05.433464+02|16432|test|17|177029206|0|321947525|718445329|295018063|191237977|113193652|13182655|0|0|2|2007998464|0|||0|0|70977249.125|56877837.834|1939904.003|8777|0|0|0|2022-04-17 19:11:54.616203+02
1689|1650220266.453743|2022-04-17 20:31:06.453743+02|16432|test|17|177037573|0|321962726|718544250|295035280|191254939|113202015|13191018|0|0|2|2007998464|0|||0|0|70993308.086|56891835.955|1941231.718|8779|0|0|0|2022-04-17 19:11:54.616203+02
1690|1650220267.474737|2022-04-17 20:31:07.474737+02|16432|test|17|177046102|0|321978466|718645474|295052847|191272225|113210540|13199543|0|0|2|2007998464|0|||0|0|71009383.494|56905812.492|1942594.896|8781|0|0|0|2022-04-17 19:11:54.616203+02
1691|1650220268.494885|2022-04-17 20:31:08.494885+02|16432|test|17|177054452|0|321993823|718744787|295070061|191289153|113218886|13207889|0|0|2|2007998464|0|||0|0|71025427.997|56919812.629|1943895.975|8783|0|0|0|2022-04-17 19:11:54.616203+02
1692|1650220269.514801|2022-04-17 20:31:09.514801+02|16432|test|17|177062923|0|322009211|718844882|295087503|191306323|113227353|13216356|0|0|2|2007998464|0|||0|0|71041594.195|56933843.619|1945279.047|8785|0|0|0|2022-04-17 19:11:54.616203+02
1693|1650220270.534958|2022-04-17 20:31:10.534958+02|16432|test|17|177071212|0|322024340|718942969|295104567|191323129|113235638|13224641|0|0|2|2007998464|0|||0|0|71057651.371|56947887.958|1946583.973|8787|0|0|0|2022-04-17 19:11:54.616203+02
1694|1650220271.555381|2022-04-17 20:31:11.555381+02|16432|test|17|177079324|0|322039099|719038827|295121256|191339581|113243746|13232749|0|0|2|2007998464|0|||0|0|71073698.155|56961923.919|1947878.017|8789|0|0|0|2022-04-17 19:11:54.616203+02
1695|1650220272.575073|2022-04-17 20:31:12.575073+02|16432|test|17|177088064|0|322055000|719142159|295139218|191357289|113252482|13241485|0|0|2|2007998464|0|||0|0|71089760.697|56975807.819|1949294.65|8791|0|0|0|2022-04-17 19:11:54.616203+02
1696|1650220273.595990|2022-04-17 20:31:13.59599+02|16432|test|17|177096446|0|322070255|719241510|295156469|191374281|113260860|13249863|0|0|2|2007998464|0|||0|0|71105811.63|56989765.311|1950667.14|8793|0|0|0|2022-04-17 19:11:54.616203+02
1697|1650220274.615416|2022-04-17 20:31:14.615416+02|16432|test|17|177105162|0|322086178|719344343|295174378|191391941|113269572|13258575|0|0|2|2007998464|0|||0|0|71122365.458|57004171.466|1952060.439|8795|0|0|0|2022-04-17 19:11:54.616203+02
1698|1650220275.636117|2022-04-17 20:31:15.636117+02|16432|test|17|177113476|0|322101318|719442875|295191494|191408797|113277882|13266885|0|0|2|2007998464|0|||0|0|71138426.655|57018117.628|1953414.562|8797|0|0|0|2022-04-17 19:11:54.616203+02
1699|1650220276.657170|2022-04-17 20:31:16.65717+02|16432|test|17|177123608|0|322119852|719562554|295212295|191429289|113288010|13277013|0|0|2|2007998464|0|||0|0|71157504.834|57034601.984|1955101.168|8799|0|0|0|2022-04-17 19:11:54.616203+02
1700|1650220277.677451|2022-04-17 20:31:17.677451+02|16432|test|17|177133150|0|322137261|719675106|295231862|191448601|113297548|13286551|0|0|2|2007998464|0|||0|0|71175058.089|57049843.271|1956605.999|8801|0|0|0|2022-04-17 19:11:54.616203+02
1701|1650220278.699241|2022-04-17 20:31:18.699241+02|16432|test|17|177141270|0|322152021|719771428|295248604|191465069|113305664|13294667|0|0|2|2007998464|0|||0|0|71192677.071|57065461.868|1957898.021|8803|0|0|0|2022-04-17 19:11:54.616203+02
1702|1650220279.719669|2022-04-17 20:31:19.719669+02|16432|test|17|177149396|0|322166997|719868201|295265369|191481549|113313786|13302789|0|0|2|2007998464|0|||0|0|71208731.496|57079538.194|1959173.44|8805|0|0|0|2022-04-17 19:11:54.616203+02
1703|1650220280.739720|2022-04-17 20:31:20.73972+02|16432|test|17|177157754|0|322182271|719966989|295282554|191498493|113322140|13311143|0|0|2|2007998464|0|||0|0|71224782.806|57093528.173|1960520.296|8807|0|0|0|2022-04-17 19:11:54.616203+02
1704|1650220281.759782|2022-04-17 20:31:21.759782+02|16432|test|17|177165764|0|322196837|720061807|295299025|191514741|113330146|13319149|0|0|2|2007998464|0|||0|0|71241055.857|57107844.497|1961780.54|8809|0|0|0|2022-04-17 19:11:54.616203+02
1705|1650220282.779567|2022-04-17 20:31:22.779567+02|16432|test|17|177170616|0|322205785|720119431|295309105|191524673|113334994|13323997|0|0|2|2007998464|0|||0|0|71257190.9|57122791.308|1962505.197|8811|0|0|0|2022-04-17 19:11:54.616203+02
1706|1650220283.800203|2022-04-17 20:31:23.800203+02|16432|test|17|177175239|0|322214317|720174375|295318720|191534147|113339613|13328616|0|0|2|2007998464|0|||0|0|71273258.74|57137812.696|1963138.281|8813|0|0|0|2022-04-17 19:11:54.616203+02
1707|1650220284.821013|2022-04-17 20:31:24.821013+02|16432|test|17|177181606|0|322226028|720250008|295331888|191547109|113345976|13334979|0|0|2|2007998464|0|||0|0|71289355.038|57152464.591|1964019.404|8815|0|0|0|2022-04-17 19:11:54.616203+02
1708|1650220285.841525|2022-04-17 20:31:25.841525+02|16432|test|17|177188865|0|322239221|720335733|295346846|191561855|113353231|13342234|0|0|2|2007998464|0|||0|0|71305403.044|57166783.975|1965102.796|8817|0|0|0|2022-04-17 19:11:54.616203+02
1709|1650220286.861583|2022-04-17 20:31:26.861583+02|16432|test|17|177197023|0|322254143|720432377|295363655|191578399|113361385|13350388|0|0|2|2007998464|0|||0|0|71321955.147|57181340.28|1966378.901|8819|0|0|0|2022-04-17 19:11:54.616203+02
1710|1650220287.881239|2022-04-17 20:31:27.881239+02|16432|test|17|177205003|0|322268817|720526467|295380066|191594587|113369361|13358364|0|0|2|2007998464|0|||0|0|71338519.506|57195991.5|1967610.273|8821|0|0|0|2022-04-17 19:11:54.616203+02
1711|1650220288.901941|2022-04-17 20:31:28.901941+02|16432|test|17|177213236|0|322283818|720623863|295397014|191611281|113377590|13366593|0|0|2|2007998464|0|||0|0|71355074.5|57210553.902|1968885.092|8823|0|0|0|2022-04-17 19:11:54.616203+02
1712|1650220289.922153|2022-04-17 20:31:29.922153+02|16432|test|17|177221385|0|322298902|720720627|295413821|191627807|113385735|13374738|0|0|2|2007998464|0|||0|0|71371139.574|57224690.83|1970120.986|8825|0|0|0|2022-04-17 19:11:54.616203+02
1713|1650220290.944377|2022-04-17 20:31:30.944377+02|16432|test|17|177229210|0|322313188|720813162|295429921|191643685|113393556|13382559|0|0|2|2007998464|0|||0|0|71387205.228|57238792.37|1971399.85|8827|0|0|0|2022-04-17 19:11:54.616203+02
1714|1650220291.965044|2022-04-17 20:31:31.965044+02|16432|test|17|177237204|0|322327826|720907938|295446385|191659901|113401546|13390549|0|0|2|2007998464|0|||0|0|71403263.447|57252871.105|1972667.737|8829|0|0|0|2022-04-17 19:11:54.616203+02
1715|1650220292.984575|2022-04-17 20:31:32.984575+02|16432|test|17|177245373|0|322342814|721004856|295463222|191676467|113409711|13398714|0|0|2|2007998464|0|||0|0|71419315.464|57266898.288|1973974.54|8831|0|0|0|2022-04-17 19:11:54.616203+02
1716|1650220294.004941|2022-04-17 20:31:34.004941+02|16432|test|17|177253852|0|322358483|721105422|295480699|191693653|113418186|13407189|0|0|2|2007998464|0|||0|0|71435379.372|57280900.96|1975298.348|8833|0|0|0|2022-04-17 19:11:54.616203+02
1717|1650220295.025299|2022-04-17 20:31:35.025299+02|16432|test|17|177262509|0|322374295|721207864|295498502|191711195|113426839|13415842|0|0|2|2007998464|0|||0|0|71451424.962|57294855.216|1976666.406|8835|0|0|0|2022-04-17 19:11:54.616203+02
1718|1650220296.047172|2022-04-17 20:31:36.047172+02|16432|test|17|177270735|0|322389291|721305232|295515476|191727875|113435061|13424064|0|0|2|2007998464|0|||0|0|71467489.962|57308973.249|1977921.441|8837|0|0|0|2022-04-17 19:11:54.616203+02
1719|1650220297.067100|2022-04-17 20:31:37.0671+02|16432|test|17|177279107|0|322404477|721404128|295532687|191744847|113443429|13432432|0|0|2|2007998464|0|||0|0|71483540.565|57322953.641|1979266.377|8839|0|0|0|2022-04-17 19:11:54.616203+02
1720|1650220298.086828|2022-04-17 20:31:38.086828+02|16432|test|17|177287528|0|322419861|721503704|295550002|191761917|113451846|13440849|0|0|2|2007998464|0|||0|0|71499602.686|57336988.638|1980564.242|8841|0|0|0|2022-04-17 19:11:54.616203+02
1721|1650220299.106852|2022-04-17 20:31:39.106852+02|16432|test|17|177295999|0|322435486|721603987|295567442|191779087|113460313|13449316|0|0|2|2007998464|0|||0|0|71515660.771|57350908.561|1981951.647|8843|0|0|0|2022-04-17 19:11:54.616203+02
1722|1650220300.126988|2022-04-17 20:31:40.126988+02|16432|test|17|177304396|0|322450901|721703366|295584729|191796109|113468706|13457709|0|0|2|2007998464|0|||0|0|71531708.826|57364864.21|1983312.271|8845|0|0|0|2022-04-17 19:11:54.616203+02
1723|1650220301.149287|2022-04-17 20:31:41.149287+02|16432|test|17|177313288|0|322467269|721808589|295603026|191814121|113477594|13466597|0|0|2|2007998464|0|||0|0|71547777.719|57378711.192|1984751.289|8847|0|0|0|2022-04-17 19:11:54.616203+02
1724|1650220302.169606|2022-04-17 20:31:42.169606+02|16432|test|17|177321460|0|322482366|721905700|295619852|191830693|113485762|13474765|0|0|2|2007998464|0|||0|0|71563827.521|57392724.123|1986077.472|8849|0|0|0|2022-04-17 19:11:54.616203+02
1725|1650220303.190234|2022-04-17 20:31:43.190234+02|16432|test|17|177329991|0|322497976|722006560|295637417|191847983|113494289|13483292|0|0|2|2007998464|0|||0|0|71579896.094|57406646.553|1987468.567|8851|0|0|0|2022-04-17 19:11:54.616203+02
1726|1650220304.210720|2022-04-17 20:31:44.21072+02|16432|test|17|177337948|0|322512399|722100512|295653776|191864125|113502242|13491245|0|0|2|2007998464|0|||0|0|71595945.372|57420682.096|1988758.433|8853|0|0|0|2022-04-17 19:11:54.616203+02
1727|1650220305.230972|2022-04-17 20:31:45.230972+02|16432|test|17|177346948|0|322528886|722207143|295672300|191882353|113511238|13500241|0|0|2|2007998464|0|||0|0|71612508.598|57434950.314|1990254.152|8855|0|0|0|2022-04-17 19:11:54.616203+02
1728|1650220306.251644|2022-04-17 20:31:46.251644+02|16432|test|17|177355889|0|322545429|722312936|295690664|191900463|113520175|13509178|0|0|2|2007998464|0|||0|0|71630727.896|57450856.765|1991742.126|8857|0|0|0|2022-04-17 19:11:54.616203+02
1729|1650220307.270837|2022-04-17 20:31:47.270837+02|16432|test|17|177364455|0|322560993|722414086|295708310|191917823|113528737|13517740|0|0|2|2007998464|0|||0|0|71647788.394|57465818.21|1993094.037|8859|0|0|0|2022-04-17 19:11:54.616203+02
1730|1650220308.291315|2022-04-17 20:31:48.291315+02|16432|test|17|177374141|0|322578637|722528252|295728201|191937423|113538419|13527422|0|0|2|2007998464|0|||0|0|71665350.655|57481010.843|1994622.177|8861|0|0|0|2022-04-17 19:11:54.616203+02
1731|1650220309.312976|2022-04-17 20:31:49.312976+02|16432|test|17|177382765|0|322594476|722630372|295745936|191954899|113547039|13536042|0|0|2|2007998464|0|||0|0|71681414.711|57494916.511|1996024.739|8863|0|0|0|2022-04-17 19:11:54.616203+02
1732|1650220310.333271|2022-04-17 20:31:50.333271+02|16432|test|17|177388455|0|322604897|722698186|295757747|191966507|113552725|13541728|0|0|2|2007998464|0|||0|0|71697780.299|57509887.478|1996903.444|8865|0|0|0|2022-04-17 19:11:54.616203+02
1733|1650220311.354946|2022-04-17 20:31:51.354946+02|16432|test|17|177395179|0|322617257|722777750|295771624|191980183|113559445|13548448|0|0|2|2007998464|0|||0|0|71713917.456|57524384.167|1997958.853|8867|0|0|0|2022-04-17 19:11:54.616203+02
1734|1650220312.374610|2022-04-17 20:31:52.37461+02|16432|test|17|177403500|0|322632500|722876330|295788760|191997053|113567762|13556765|0|0|2|2007998464|0|||0|0|71730980.709|57539347.827|1999335.34|8869|0|0|0|2022-04-17 19:11:54.616203+02
1735|1650220313.395267|2022-04-17 20:31:53.395267+02|16432|test|17|177411630|0|322647239|722972674|295805521|192013541|113575888|13564891|0|0|2|2007998464|0|||0|0|71747539.121|57553874.002|2000653.4|8871|0|0|0|2022-04-17 19:11:54.616203+02
1736|1650220314.415821|2022-04-17 20:31:54.415821+02|16432|test|17|177420248|0|322662981|723074560|295823250|192031005|113584502|13573505|0|0|2|2007998464|0|||0|0|71763589.323|57567763.207|2002068.257|8873|0|0|0|2022-04-17 19:11:54.616203+02
1737|1650220315.436475|2022-04-17 20:31:55.436475+02|16432|test|17|177428616|0|322678371|723173390|295840475|192047969|113592866|13581869|0|0|2|2007998464|0|||0|0|71779647.655|57581754.69|2003408.858|8875|0|0|0|2022-04-17 19:11:54.616203+02
1738|1650220316.457027|2022-04-17 20:31:56.457027+02|16432|test|17|177435511|0|322691145|723255029|295854700|192061987|113599757|13588760|0|0|2|2007998464|0|||0|0|71795702.413|57596090.118|2004520.701|8877|0|0|0|2022-04-17 19:11:54.616203+02
1739|1650220317.476595|2022-04-17 20:31:57.476595+02|16432|test|17|177443817|0|322706172|723353019|295871788|192078827|113608059|13597062|0|0|2|2007998464|0|||0|0|71811762.04|57610196.483|2005777.776|8879|0|0|0|2022-04-17 19:11:54.616203+02
1740|1650220318.497131|2022-04-17 20:31:58.497131+02|16432|test|17|177452790|0|322722831|723459301|295890266|192097001|113617028|13606031|0|0|2|2007998464|0|||0|0|71829332.008|57625621.302|2007161.993|8881|0|0|0|2022-04-17 19:11:54.616203+02
1741|1650220319.517714|2022-04-17 20:31:59.517714+02|16432|test|17|177461295|0|322738372|723559904|295907775|192114239|113625529|13614532|0|0|2|2007998464|0|||0|0|71845392.679|57639641.425|2008501.32|8883|0|0|0|2022-04-17 19:11:54.616203+02
1742|1650220320.539028|2022-04-17 20:32:00.539028+02|16432|test|17|177469714|0|322753870|723659693|295925093|192131305|113633944|13622947|0|0|2|2007998464|0|||0|0|71861479.507|57653639.212|2009870.804|8885|0|0|0|2022-04-17 19:11:54.616203+02
1743|1650220321.559462|2022-04-17 20:32:01.559462+02|16432|test|17|177477513|0|322768280|723752212|295941168|192147131|113641739|13630742|0|0|2|2007998464|0|||0|0|71877542.057|57667800.421|2011094.132|8887|0|0|0|2022-04-17 19:11:54.616203+02
1744|1650220322.580851|2022-04-17 20:32:02.580851+02|16432|test|17|177485649|0|322783290|723848736|295957943|192163631|113649871|13638874|0|0|2|2007998464|0|||0|0|71893605.16|57681831.32|2012404.489|8889|0|0|0|2022-04-17 19:11:54.616203+02
1745|1650220323.600458|2022-04-17 20:32:03.600458+02|16432|test|17|177494236|0|322798929|723950446|295975602|192181033|113658454|13647457|0|0|2|2007998464|0|||0|0|71909652.25|57695762.058|2013790.97|8891|0|0|0|2022-04-17 19:11:54.616203+02
1746|1650220324.621025|2022-04-17 20:32:04.621025+02|16432|test|17|177502604|0|322814277|724049310|295992815|192197997|113666818|13655821|0|0|2|2007998464|0|||0|0|71925711.557|57709689.984|2015156.982|8893|0|0|0|2022-04-17 19:11:54.616203+02
1747|1650220325.641348|2022-04-17 20:32:05.641348+02|16432|test|18|177510996|0|322829791|724148975|296010107|192215009|113675206|13664209|0|0|2|2007998464|0|||0|0|71941765.484|57723704.242|2016457.44|8895|0|0|0|2022-04-17 19:11:54.616203+02
1748|1650220326.661231|2022-04-17 20:32:06.661231+02|16432|test|18|177518440|0|322843408|724236739|296025449|192230125|113682646|13671649|0|0|2|2007998464|0|||0|0|71957828.268|57737937.044|2017619.985|8897|0|0|0|2022-04-17 19:11:54.616203+02
1749|1650220327.682598|2022-04-17 20:32:07.682598+02|16432|test|17|177526985|0|322888613|724338987|296044656|192247792|113691183|13680192|0|0|2|2007998464|0|||0|0|71973885.285|57751771.555|2019058.518|8899|0|0|0|2022-04-17 19:11:54.616203+02
1750|1650220328.702946|2022-04-17 20:32:08.702946+02|16432|test|17|177536047|0|322905265|724445831|296063260|192266144|113700241|13689250|0|0|2|2007998464|0|||0|0|71989949.42|57765588.615|2020522.097|8901|0|0|0|2022-04-17 19:11:54.616203+02
1751|1650220329.723034|2022-04-17 20:32:09.723034+02|16432|test|17|177545028|0|322921826|724552121|296081747|192284334|113709218|13698227|0|0|2|2007998464|0|||0|0|72005998.327|57779413.094|2021968.685|8903|0|0|0|2022-04-17 19:11:54.616203+02
1752|1650220330.743424|2022-04-17 20:32:10.743424+02|16432|test|17|177553829|0|322938018|724656701|296099871|192302164|113718015|13707024|0|0|2|2007998464|0|||0|0|72022051.749|57793235.475|2023421.006|8905|0|0|0|2022-04-17 19:11:54.616203+02
1753|1650220331.764236|2022-04-17 20:32:11.764236+02|16432|test|17|177561672|0|322952514|724749720|296116044|192318078|113725854|13714863|0|0|2|2007998464|0|||0|0|72038122.423|57807389.229|2024639.808|8907|0|0|0|2022-04-17 19:11:54.616203+02
1754|1650220332.784480|2022-04-17 20:32:12.78448+02|16432|test|17|177570599|0|322968940|724855139|296134373|192336160|113734777|13723786|0|0|2|2007998464|0|||0|0|72054181.479|57821281.76|2026055.23|8909|0|0|0|2022-04-17 19:11:54.616203+02
1755|1650220333.805413|2022-04-17 20:32:13.805413+02|16432|test|17|177578754|0|322983885|724951548|296151151|192352698|113742928|13731937|0|0|2|2007998464|0|||0|0|72070341.742|57835394.933|2027384.696|8911|0|0|0|2022-04-17 19:11:54.616203+02
1756|1650220334.831361|2022-04-17 20:32:14.831361+02|16432|test|17|177582266|0|322990433|724993338|296158523|192359950|113746436|13735445|0|0|2|2007998464|0|||0|0|72087001.49|57851219.25|2027880.065|8913|0|0|0|2022-04-17 19:11:54.616203+02
1757|1650220335.851204|2022-04-17 20:32:15.851204+02|16432|test|17|177590438|0|323005431|725090061|296175340|192376522|113754604|13743613|0|0|2|2007998464|0|||0|0|72103056.596|57865366.741|2029110.014|8915|0|0|0|2022-04-17 19:11:54.616203+02
1758|1650220336.871711|2022-04-17 20:32:16.871711+02|16432|test|17|177598829|0|323021017|725189695|296192630|192393532|113762991|13752000|0|0|2|2007998464|0|||0|0|72120120.501|57880399.394|2030429.027|8917|0|0|0|2022-04-17 19:11:54.616203+02
1759|1650220337.892228|2022-04-17 20:32:17.892228+02|16432|test|17|177607460|0|323037068|725292065|296210420|192411022|113771618|13760627|0|0|2|2007998464|0|||0|0|72137674.945|57895809.594|2031803.238|8919|0|0|0|2022-04-17 19:11:54.616203+02
1760|1650220338.913135|2022-04-17 20:32:18.913135+02|16432|test|17|177616752|0|323054319|725402114|296229548|192429834|113780906|13769915|0|0|2|2007998464|0|||0|0|72155742.74|57911623.643|2033264.033|8921|0|0|0|2022-04-17 19:11:54.616203+02
1761|1650220339.933657|2022-04-17 20:32:19.933657+02|16432|test|17|177624656|0|323068803|725495455|296245806|192445870|113788806|13777815|0|0|2|2007998464|0|||0|0|72171802.112|57925716.13|2034533.777|8923|0|0|0|2022-04-17 19:11:54.616203+02
1762|1650220340.953911|2022-04-17 20:32:20.953911+02|16432|test|17|177632938|0|323083890|725593365|296262848|192462662|113797084|13786093|0|0|2|2007998464|0|||0|0|72188363.904|57940285.732|2035834.392|8925|0|0|0|2022-04-17 19:11:54.616203+02
1763|1650220341.975355|2022-04-17 20:32:21.975355+02|16432|test|17|177641558|0|323099632|725695071|296280565|192480130|113805700|13794709|0|0|2|2007998464|0|||0|0|72205422.562|57955146.799|2037272.408|8927|0|0|0|2022-04-17 19:11:54.616203+02
1764|1650220342.996132|2022-04-17 20:32:22.996132+02|16432|test|1|177648203|0|323111945|725774560|296294832|192494188|113812331|13801340|0|0|2|2007998464|0|||0|0|72218140.06|57966320.176|2038278.045|8934|0|0|0|2022-04-17 19:11:54.616203+02
