before;24781005824;2630136832;27416692659
after;32258648064;2630181888;34894380979
