run|epoch|ts|lsn|checkpoints_timed|checkpoints_req|checkpoint_write_time|checkpoint_sync_time|buffers_checkpoint|buffers_clean|maxwritten_clean|buffers_backend|buffers_backend_fsync|buffers_alloc|stats_reset
1|1649958459.000950|2022-04-14 19:47:39.00095+02|0/4D16FB18|2|2|59440|3|600|0|0|80167|0|47672|2022-04-14 19:15:23.162217+02
1|1649958460.027398|2022-04-14 19:47:40.027398+02|0/4D16FB18|2|2|59440|3|600|0|0|80167|0|47672|2022-04-14 19:15:23.162217+02
2|1649958461.054727|2022-04-14 19:47:41.054727+02|0/4D16FB18|2|2|59440|3|600|0|0|80167|0|47672|2022-04-14 19:15:23.162217+02
3|1649958462.082131|2022-04-14 19:47:42.082131+02|0/4D16FB18|2|2|59440|3|600|0|0|80167|0|47672|2022-04-14 19:15:23.162217+02
4|1649958463.109436|2022-04-14 19:47:43.109436+02|0/4D16FB18|2|2|59440|3|600|0|0|80167|0|47672|2022-04-14 19:15:23.162217+02
5|1649958464.136885|2022-04-14 19:47:44.136885+02|0/4D16FB18|2|2|59440|3|600|0|0|80167|0|47672|2022-04-14 19:15:23.162217+02
6|1649958465.163506|2022-04-14 19:47:45.163506+02|0/4D16FB18|2|2|59440|3|600|0|0|80167|0|47672|2022-04-14 19:15:23.162217+02
7|1649958466.191239|2022-04-14 19:47:46.191239+02|0/4D16FB18|2|2|59440|3|600|0|0|80167|0|47672|2022-04-14 19:15:23.162217+02
8|1649958467.218516|2022-04-14 19:47:47.218516+02|0/4D16FB18|2|2|59440|3|600|0|0|80167|0|47672|2022-04-14 19:15:23.162217+02
9|1649958468.245720|2022-04-14 19:47:48.24572+02|0/4D16FB18|2|2|59440|3|600|0|0|80167|0|47672|2022-04-14 19:15:23.162217+02
10|1649958469.272446|2022-04-14 19:47:49.272446+02|0/4D16FB18|2|2|59440|3|600|0|0|80167|0|47672|2022-04-14 19:15:23.162217+02
11|1649958470.300028|2022-04-14 19:47:50.300028+02|0/4D16FB18|2|2|59440|3|600|0|0|80167|0|47672|2022-04-14 19:15:23.162217+02
12|1649958471.327326|2022-04-14 19:47:51.327326+02|0/4D16FB18|2|2|59440|3|600|0|0|80167|0|47672|2022-04-14 19:15:23.162217+02
13|1649958472.354568|2022-04-14 19:47:52.354568+02|0/4D16FB18|2|2|59440|3|600|0|0|80167|0|47672|2022-04-14 19:15:23.162217+02
14|1649958473.381179|2022-04-14 19:47:53.381179+02|0/4D16FB18|2|2|59440|3|600|0|0|80167|0|47672|2022-04-14 19:15:23.162217+02
15|1649958474.398392|2022-04-14 19:47:54.398392+02|0/4D16FB18|2|2|59440|3|600|0|0|80167|0|47672|2022-04-14 19:15:23.162217+02
16|1649958475.425468|2022-04-14 19:47:55.425468+02|0/4D16FB18|2|2|59440|3|600|0|0|80167|0|47672|2022-04-14 19:15:23.162217+02
17|1649958476.452728|2022-04-14 19:47:56.452728+02|0/4D16FB18|2|2|59440|3|600|0|0|80167|0|47672|2022-04-14 19:15:23.162217+02
18|1649958477.480178|2022-04-14 19:47:57.480178+02|0/4D16FB18|2|2|59440|3|600|0|0|80167|0|47672|2022-04-14 19:15:23.162217+02
19|1649958478.506837|2022-04-14 19:47:58.506837+02|0/4D16FB18|2|2|59440|3|600|0|0|80167|0|47672|2022-04-14 19:15:23.162217+02
20|1649958479.533889|2022-04-14 19:47:59.533889+02|0/4D16FB18|2|2|59440|3|600|0|0|80167|0|47672|2022-04-14 19:15:23.162217+02
21|1649958480.561416|2022-04-14 19:48:00.561416+02|0/4D16FB18|2|2|59440|3|600|0|0|80167|0|47672|2022-04-14 19:15:23.162217+02
22|1649958481.588033|2022-04-14 19:48:01.588033+02|0/4D16FB18|2|2|59440|3|600|0|0|80167|0|47672|2022-04-14 19:15:23.162217+02
23|1649958482.614940|2022-04-14 19:48:02.61494+02|0/4D16FB18|2|2|59440|3|600|0|0|80167|0|47672|2022-04-14 19:15:23.162217+02
24|1649958483.642466|2022-04-14 19:48:03.642466+02|0/4D16FB18|2|2|59440|3|600|0|0|80167|0|47672|2022-04-14 19:15:23.162217+02
25|1649958484.669710|2022-04-14 19:48:04.66971+02|0/4D16FB18|2|2|59440|3|600|0|0|80167|0|47672|2022-04-14 19:15:23.162217+02
26|1649958485.696732|2022-04-14 19:48:05.696732+02|0/4D16FB18|2|2|59440|3|600|0|0|80167|0|47672|2022-04-14 19:15:23.162217+02
27|1649958486.724081|2022-04-14 19:48:06.724081+02|0/4D16FB18|2|2|59440|3|600|0|0|80167|0|47672|2022-04-14 19:15:23.162217+02
28|1649958487.751086|2022-04-14 19:48:07.751086+02|0/4D16FB18|2|2|59440|3|600|0|0|80167|0|47672|2022-04-14 19:15:23.162217+02
29|1649958488.778466|2022-04-14 19:48:08.778466+02|0/4D16FB18|2|2|59440|3|600|0|0|80167|0|47672|2022-04-14 19:15:23.162217+02
30|1649958489.805652|2022-04-14 19:48:09.805652+02|0/4D16FB18|2|2|59440|3|600|0|0|80167|0|47672|2022-04-14 19:15:23.162217+02
31|1649958490.833086|2022-04-14 19:48:10.833086+02|0/4D16FB18|2|2|59440|3|600|0|0|80167|0|47672|2022-04-14 19:15:23.162217+02
32|1649958491.859534|2022-04-14 19:48:11.859534+02|0/4D16FB18|2|2|59440|3|600|0|0|80167|0|47672|2022-04-14 19:15:23.162217+02
33|1649958492.886474|2022-04-14 19:48:12.886474+02|0/4D16FB18|2|2|59440|3|600|0|0|80167|0|47672|2022-04-14 19:15:23.162217+02
34|1649958493.913162|2022-04-14 19:48:13.913162+02|0/4D16FB18|2|2|59440|3|600|0|0|80167|0|47672|2022-04-14 19:15:23.162217+02
35|1649958494.940721|2022-04-14 19:48:14.940721+02|0/4D16FB18|2|2|59440|3|600|0|0|80167|0|47672|2022-04-14 19:15:23.162217+02
36|1649958495.967592|2022-04-14 19:48:15.967592+02|0/4D16FB18|2|2|59440|3|600|0|0|80167|0|47672|2022-04-14 19:15:23.162217+02
37|1649958496.994151|2022-04-14 19:48:16.994151+02|0/4D16FB18|2|2|59440|3|600|0|0|80167|0|47672|2022-04-14 19:15:23.162217+02
38|1649958498.020421|2022-04-14 19:48:18.020421+02|0/4D16FB18|2|2|59440|3|600|0|0|80167|0|47672|2022-04-14 19:15:23.162217+02
39|1649958499.047463|2022-04-14 19:48:19.047463+02|0/4D16FB18|2|2|59440|3|600|0|0|80167|0|47672|2022-04-14 19:15:23.162217+02
40|1649958500.074255|2022-04-14 19:48:20.074255+02|0/4D16FB18|2|2|59440|3|600|0|0|80167|0|47672|2022-04-14 19:15:23.162217+02
41|1649958501.101575|2022-04-14 19:48:21.101575+02|0/4D16FB18|2|2|59440|3|600|0|0|80167|0|47672|2022-04-14 19:15:23.162217+02
42|1649958502.129003|2022-04-14 19:48:22.129003+02|0/4D16FB18|2|2|59440|3|600|0|0|80167|0|47672|2022-04-14 19:15:23.162217+02
43|1649958503.155698|2022-04-14 19:48:23.155698+02|0/4D16FB18|2|2|59440|3|600|0|0|80167|0|47672|2022-04-14 19:15:23.162217+02
44|1649958504.182623|2022-04-14 19:48:24.182623+02|0/4D16FB18|2|2|59440|3|600|0|0|80167|0|47672|2022-04-14 19:15:23.162217+02
45|1649958505.210699|2022-04-14 19:48:25.210699+02|0/4D16FB18|2|2|59440|3|600|0|0|80167|0|47672|2022-04-14 19:15:23.162217+02
46|1649958506.238653|2022-04-14 19:48:26.238653+02|0/4D16FB18|2|2|59440|3|600|0|0|80167|0|47672|2022-04-14 19:15:23.162217+02
47|1649958507.265155|2022-04-14 19:48:27.265155+02|0/4D16FB18|2|2|59440|3|600|0|0|80167|0|47672|2022-04-14 19:15:23.162217+02
48|1649958508.292375|2022-04-14 19:48:28.292375+02|0/4D16FB18|2|2|59440|3|600|0|0|80167|0|47672|2022-04-14 19:15:23.162217+02
49|1649958509.319087|2022-04-14 19:48:29.319087+02|0/4D16FB18|2|2|59440|3|600|0|0|80167|0|47672|2022-04-14 19:15:23.162217+02
50|1649958510.345039|2022-04-14 19:48:30.345039+02|0/4D16FB18|2|2|59440|3|600|0|0|80167|0|47672|2022-04-14 19:15:23.162217+02
51|1649958511.371457|2022-04-14 19:48:31.371457+02|0/4D16FB18|2|2|59440|3|600|0|0|80167|0|47672|2022-04-14 19:15:23.162217+02
52|1649958512.398017|2022-04-14 19:48:32.398017+02|0/4D16FB18|2|2|59440|3|600|0|0|80167|0|47672|2022-04-14 19:15:23.162217+02
53|1649958513.425381|2022-04-14 19:48:33.425381+02|0/4D16FB18|2|2|59440|3|600|0|0|80167|0|47672|2022-04-14 19:15:23.162217+02
54|1649958514.452367|2022-04-14 19:48:34.452367+02|0/4D16FB18|2|2|59440|3|600|0|0|80167|0|47672|2022-04-14 19:15:23.162217+02
55|1649958515.478869|2022-04-14 19:48:35.478869+02|0/4D16FB18|2|2|59440|3|600|0|0|80167|0|47672|2022-04-14 19:15:23.162217+02
56|1649958516.506179|2022-04-14 19:48:36.506179+02|0/4D16FB18|2|2|59440|3|600|0|0|80167|0|47672|2022-04-14 19:15:23.162217+02
57|1649958517.533168|2022-04-14 19:48:37.533168+02|0/4D16FB18|2|2|59440|3|600|0|0|80167|0|47672|2022-04-14 19:15:23.162217+02
58|1649958518.560469|2022-04-14 19:48:38.560469+02|0/4D16FB18|2|2|59440|3|600|0|0|80167|0|47672|2022-04-14 19:15:23.162217+02
59|1649958519.586811|2022-04-14 19:48:39.586811+02|0/4D16FB18|2|2|59440|3|600|0|0|80167|0|47672|2022-04-14 19:15:23.162217+02
60|1649958520.613659|2022-04-14 19:48:40.613659+02|0/4D16FB18|2|2|59440|3|600|0|0|80167|0|47672|2022-04-14 19:15:23.162217+02
61|1649958521.640665|2022-04-14 19:48:41.640665+02|0/4D16FB18|2|2|59440|3|600|0|0|80167|0|47672|2022-04-14 19:15:23.162217+02
62|1649958522.667995|2022-04-14 19:48:42.667995+02|0/4D16FB18|2|2|59440|3|600|0|0|80167|0|47672|2022-04-14 19:15:23.162217+02
63|1649958523.695228|2022-04-14 19:48:43.695228+02|0/4D16FB18|2|2|59440|3|600|0|0|80167|0|47672|2022-04-14 19:15:23.162217+02
64|1649958524.721858|2022-04-14 19:48:44.721858+02|0/4D16FB18|2|2|59440|3|600|0|0|80167|0|47672|2022-04-14 19:15:23.162217+02
65|1649958525.748672|2022-04-14 19:48:45.748672+02|0/4D16FB18|2|2|59440|3|600|0|0|80167|0|47672|2022-04-14 19:15:23.162217+02
66|1649958526.775681|2022-04-14 19:48:46.775681+02|0/4D16FB18|2|2|59440|3|600|0|0|80167|0|47672|2022-04-14 19:15:23.162217+02
67|1649958527.801646|2022-04-14 19:48:47.801646+02|0/4D16FB18|2|2|59440|3|600|0|0|80167|0|47672|2022-04-14 19:15:23.162217+02
68|1649958528.828670|2022-04-14 19:48:48.82867+02|0/4D16FB18|2|2|59440|3|600|0|0|80167|0|47672|2022-04-14 19:15:23.162217+02
69|1649958529.855030|2022-04-14 19:48:49.85503+02|0/4D16FB18|2|2|59440|3|600|0|0|80167|0|47672|2022-04-14 19:15:23.162217+02
70|1649958530.882156|2022-04-14 19:48:50.882156+02|0/4D16FB18|2|2|59440|3|600|0|0|80167|0|47672|2022-04-14 19:15:23.162217+02
71|1649958531.910160|2022-04-14 19:48:51.91016+02|0/4D16FB18|2|2|59440|3|600|0|0|80167|0|47672|2022-04-14 19:15:23.162217+02
72|1649958532.937868|2022-04-14 19:48:52.937868+02|0/4D16FB18|2|2|59440|3|600|0|0|80167|0|47672|2022-04-14 19:15:23.162217+02
73|1649958533.965176|2022-04-14 19:48:53.965176+02|0/4D16FB18|2|2|59440|3|600|0|0|80167|0|47672|2022-04-14 19:15:23.162217+02
74|1649958534.992378|2022-04-14 19:48:54.992378+02|0/4D16FB18|2|2|59440|3|600|0|0|80167|0|47672|2022-04-14 19:15:23.162217+02
75|1649958536.019221|2022-04-14 19:48:56.019221+02|0/4D16FB18|2|2|59440|3|600|0|0|80167|0|47672|2022-04-14 19:15:23.162217+02
76|1649958537.046192|2022-04-14 19:48:57.046192+02|0/4D16FB18|2|2|59440|3|600|0|0|80167|0|47672|2022-04-14 19:15:23.162217+02
77|1649958538.073164|2022-04-14 19:48:58.073164+02|0/4D16FB18|2|2|59440|3|600|0|0|80167|0|47672|2022-04-14 19:15:23.162217+02
78|1649958539.100278|2022-04-14 19:48:59.100278+02|0/4D16FB18|2|2|59440|3|600|0|0|80167|0|47672|2022-04-14 19:15:23.162217+02
79|1649958540.126804|2022-04-14 19:49:00.126804+02|0/4D16FB18|2|2|59440|3|600|0|0|80167|0|47672|2022-04-14 19:15:23.162217+02
80|1649958541.153727|2022-04-14 19:49:01.153727+02|0/4D16FB18|2|2|59440|3|600|0|0|80167|0|47672|2022-04-14 19:15:23.162217+02
81|1649958542.180849|2022-04-14 19:49:02.180849+02|0/4D16FB18|2|2|59440|3|600|0|0|80167|0|47672|2022-04-14 19:15:23.162217+02
82|1649958543.207706|2022-04-14 19:49:03.207706+02|0/4D16FB18|2|2|59440|3|600|0|0|80167|0|47672|2022-04-14 19:15:23.162217+02
83|1649958544.234732|2022-04-14 19:49:04.234732+02|0/4D16FB18|2|2|59440|3|600|0|0|80167|0|47672|2022-04-14 19:15:23.162217+02
84|1649958545.261366|2022-04-14 19:49:05.261366+02|0/4D16FB18|2|2|59440|3|600|0|0|80167|0|47672|2022-04-14 19:15:23.162217+02
85|1649958546.288449|2022-04-14 19:49:06.288449+02|0/4D16FB18|2|2|59440|3|600|0|0|80167|0|47672|2022-04-14 19:15:23.162217+02
86|1649958547.315722|2022-04-14 19:49:07.315722+02|0/4D16FB18|2|2|59440|3|600|0|0|80167|0|47672|2022-04-14 19:15:23.162217+02
87|1649958548.343316|2022-04-14 19:49:08.343316+02|0/4D16FB18|2|2|59440|3|600|0|0|80167|0|47672|2022-04-14 19:15:23.162217+02
88|1649958549.369832|2022-04-14 19:49:09.369832+02|0/4D16FB18|2|2|59440|3|600|0|0|80167|0|47672|2022-04-14 19:15:23.162217+02
89|1649958550.396296|2022-04-14 19:49:10.396296+02|0/4D16FB18|2|2|59440|3|600|0|0|80167|0|47672|2022-04-14 19:15:23.162217+02
90|1649958551.423631|2022-04-14 19:49:11.423631+02|0/4D16FB18|2|2|59440|3|600|0|0|80167|0|47672|2022-04-14 19:15:23.162217+02
91|1649958552.451176|2022-04-14 19:49:12.451176+02|0/4D16FB18|2|2|59440|3|600|0|0|80167|0|47672|2022-04-14 19:15:23.162217+02
92|1649958553.479216|2022-04-14 19:49:13.479216+02|0/4D16FB18|2|2|59440|3|600|0|0|80167|0|47672|2022-04-14 19:15:23.162217+02
93|1649958554.506575|2022-04-14 19:49:14.506575+02|0/4D16FB18|2|2|59440|3|600|0|0|80167|0|47672|2022-04-14 19:15:23.162217+02
94|1649958555.533536|2022-04-14 19:49:15.533536+02|0/4D16FB18|2|2|59440|3|600|0|0|80167|0|47672|2022-04-14 19:15:23.162217+02
95|1649958556.560050|2022-04-14 19:49:16.56005+02|0/4D16FB18|2|2|59440|3|600|0|0|80167|0|47672|2022-04-14 19:15:23.162217+02
96|1649958557.586763|2022-04-14 19:49:17.586763+02|0/4D16FB18|2|2|59440|3|600|0|0|80167|0|47672|2022-04-14 19:15:23.162217+02
97|1649958558.614052|2022-04-14 19:49:18.614052+02|0/4D16FB18|2|2|59440|3|600|0|0|80167|0|47672|2022-04-14 19:15:23.162217+02
98|1649958559.640681|2022-04-14 19:49:19.640681+02|0/4D16FB18|2|2|59440|3|600|0|0|80167|0|47672|2022-04-14 19:15:23.162217+02
99|1649958560.666801|2022-04-14 19:49:20.666801+02|0/4D16FB18|2|2|59440|3|600|0|0|80167|0|47672|2022-04-14 19:15:23.162217+02
100|1649958561.693397|2022-04-14 19:49:21.693397+02|0/4D16FB18|2|2|59440|3|600|0|0|80167|0|47672|2022-04-14 19:15:23.162217+02
101|1649958562.720841|2022-04-14 19:49:22.720841+02|0/4D16FB18|2|2|59440|3|600|0|0|80167|0|47672|2022-04-14 19:15:23.162217+02
102|1649958563.747805|2022-04-14 19:49:23.747805+02|0/4D16FB18|2|2|59440|3|600|0|0|80167|0|47672|2022-04-14 19:15:23.162217+02
103|1649958564.774760|2022-04-14 19:49:24.77476+02|0/4D16FB18|2|2|59440|3|600|0|0|80167|0|47672|2022-04-14 19:15:23.162217+02
104|1649958565.801904|2022-04-14 19:49:25.801904+02|0/4D16FB18|2|2|59440|3|600|0|0|80167|0|47672|2022-04-14 19:15:23.162217+02
105|1649958566.828951|2022-04-14 19:49:26.828951+02|0/4D16FB18|2|2|59440|3|600|0|0|80167|0|47672|2022-04-14 19:15:23.162217+02
106|1649958567.856090|2022-04-14 19:49:27.85609+02|0/4D16FB18|2|2|59440|3|600|0|0|80167|0|47672|2022-04-14 19:15:23.162217+02
107|1649958568.883121|2022-04-14 19:49:28.883121+02|0/4D16FB18|2|2|59440|3|600|0|0|80167|0|47672|2022-04-14 19:15:23.162217+02
108|1649958569.909775|2022-04-14 19:49:29.909775+02|0/4D16FB18|2|2|59440|3|600|0|0|80167|0|47672|2022-04-14 19:15:23.162217+02
109|1649958570.937122|2022-04-14 19:49:30.937122+02|0/4D16FB18|2|2|59440|3|600|0|0|80167|0|47672|2022-04-14 19:15:23.162217+02
110|1649958571.964297|2022-04-14 19:49:31.964297+02|0/4D16FB18|2|2|59440|3|600|0|0|80167|0|47672|2022-04-14 19:15:23.162217+02
111|1649958572.991870|2022-04-14 19:49:32.99187+02|0/4D16FB18|2|2|59440|3|600|0|0|80167|0|47672|2022-04-14 19:15:23.162217+02
112|1649958574.018848|2022-04-14 19:49:34.018848+02|0/4D16FB18|2|2|59440|3|600|0|0|80167|0|47672|2022-04-14 19:15:23.162217+02
113|1649958575.046209|2022-04-14 19:49:35.046209+02|0/4D16FB18|2|2|59440|3|600|0|0|80167|0|47672|2022-04-14 19:15:23.162217+02
114|1649958576.074034|2022-04-14 19:49:36.074034+02|0/4D16FB18|2|2|59440|3|600|0|0|80167|0|47672|2022-04-14 19:15:23.162217+02
115|1649958577.101806|2022-04-14 19:49:37.101806+02|0/4D16FB18|2|2|59440|3|600|0|0|80167|0|47672|2022-04-14 19:15:23.162217+02
116|1649958578.129062|2022-04-14 19:49:38.129062+02|0/4D16FB18|2|2|59440|3|600|0|0|80167|0|47672|2022-04-14 19:15:23.162217+02
117|1649958579.156548|2022-04-14 19:49:39.156548+02|0/4D16FB18|2|2|59440|3|600|0|0|80167|0|47672|2022-04-14 19:15:23.162217+02
118|1649958580.183367|2022-04-14 19:49:40.183367+02|0/4D16FB18|2|2|59440|3|600|0|0|80167|0|47672|2022-04-14 19:15:23.162217+02
119|1649958581.210692|2022-04-14 19:49:41.210692+02|0/4D16FB18|2|2|59440|3|600|0|0|80167|0|47672|2022-04-14 19:15:23.162217+02
120|1649958582.238029|2022-04-14 19:49:42.238029+02|0/4D16FB18|2|2|59440|3|600|0|0|80167|0|47672|2022-04-14 19:15:23.162217+02
121|1649958583.265080|2022-04-14 19:49:43.26508+02|0/4D16FB18|2|2|59440|3|600|0|0|80167|0|47672|2022-04-14 19:15:23.162217+02
122|1649958584.291580|2022-04-14 19:49:44.29158+02|0/4D16FB18|2|2|59440|3|600|0|0|80167|0|47672|2022-04-14 19:15:23.162217+02
123|1649958585.318599|2022-04-14 19:49:45.318599+02|0/4D16FB18|2|2|59440|3|600|0|0|80167|0|47672|2022-04-14 19:15:23.162217+02
124|1649958586.345040|2022-04-14 19:49:46.34504+02|0/4D16FB18|2|2|59440|3|600|0|0|80167|0|47672|2022-04-14 19:15:23.162217+02
125|1649958587.372309|2022-04-14 19:49:47.372309+02|0/4D16FB18|2|2|59440|3|600|0|0|80167|0|47672|2022-04-14 19:15:23.162217+02
126|1649958588.399196|2022-04-14 19:49:48.399196+02|0/4D16FB18|2|2|59440|3|600|0|0|80167|0|47672|2022-04-14 19:15:23.162217+02
127|1649958589.426250|2022-04-14 19:49:49.42625+02|0/4D16FB18|2|2|59440|3|600|0|0|80167|0|47672|2022-04-14 19:15:23.162217+02
128|1649958590.452860|2022-04-14 19:49:50.45286+02|0/4D16FB18|2|2|59440|3|600|0|0|80167|0|47672|2022-04-14 19:15:23.162217+02
129|1649958591.479946|2022-04-14 19:49:51.479946+02|0/4D16FB18|2|2|59440|3|600|0|0|80167|0|47672|2022-04-14 19:15:23.162217+02
130|1649958592.507229|2022-04-14 19:49:52.507229+02|0/4D16FB18|2|2|59440|3|600|0|0|80167|0|47672|2022-04-14 19:15:23.162217+02
131|1649958593.534251|2022-04-14 19:49:53.534251+02|0/4D16FB18|2|2|59440|3|600|0|0|80167|0|47672|2022-04-14 19:15:23.162217+02
132|1649958594.551824|2022-04-14 19:49:54.551824+02|0/4D16FB18|2|2|59440|3|600|0|0|80167|0|47672|2022-04-14 19:15:23.162217+02
133|1649958595.578270|2022-04-14 19:49:55.57827+02|0/4D16FB18|2|2|59440|3|600|0|0|80167|0|47672|2022-04-14 19:15:23.162217+02
134|1649958596.604333|2022-04-14 19:49:56.604333+02|0/4D16FB18|2|2|59440|3|600|0|0|80167|0|47672|2022-04-14 19:15:23.162217+02
135|1649958597.631101|2022-04-14 19:49:57.631101+02|0/4D16FB18|2|2|59440|3|600|0|0|80167|0|47672|2022-04-14 19:15:23.162217+02
136|1649958598.658570|2022-04-14 19:49:58.65857+02|0/4D16FB18|2|2|59440|3|600|0|0|80167|0|47672|2022-04-14 19:15:23.162217+02
137|1649958599.685468|2022-04-14 19:49:59.685468+02|0/4D16FB18|2|2|59440|3|600|0|0|80167|0|47672|2022-04-14 19:15:23.162217+02
138|1649958600.713014|2022-04-14 19:50:00.713014+02|0/4D16FB18|2|2|59440|3|600|0|0|80167|0|47672|2022-04-14 19:15:23.162217+02
139|1649958601.740524|2022-04-14 19:50:01.740524+02|0/4D16FB18|2|2|59440|3|600|0|0|80167|0|47672|2022-04-14 19:15:23.162217+02
140|1649958602.767861|2022-04-14 19:50:02.767861+02|0/4D16FB18|2|2|59440|3|600|0|0|80167|0|47672|2022-04-14 19:15:23.162217+02
141|1649958603.794769|2022-04-14 19:50:03.794769+02|0/4D16FB18|2|2|59440|3|600|0|0|80167|0|47672|2022-04-14 19:15:23.162217+02
142|1649958604.821505|2022-04-14 19:50:04.821505+02|0/4D16FB18|2|2|59440|3|600|0|0|80167|0|47672|2022-04-14 19:15:23.162217+02
143|1649958605.848461|2022-04-14 19:50:05.848461+02|0/4D16FB18|2|2|59440|3|600|0|0|80167|0|47672|2022-04-14 19:15:23.162217+02
144|1649958606.875118|2022-04-14 19:50:06.875118+02|0/4D16FB18|2|2|59440|3|600|0|0|80167|0|47672|2022-04-14 19:15:23.162217+02
145|1649958607.902407|2022-04-14 19:50:07.902407+02|0/4D16FB18|2|2|59440|3|600|0|0|80167|0|47672|2022-04-14 19:15:23.162217+02
146|1649958608.929740|2022-04-14 19:50:08.92974+02|0/4D16FB18|2|2|59440|3|600|0|0|80167|0|47672|2022-04-14 19:15:23.162217+02
147|1649958609.956838|2022-04-14 19:50:09.956838+02|0/4D16FB18|2|2|59440|3|600|0|0|80167|0|47672|2022-04-14 19:15:23.162217+02
148|1649958610.982820|2022-04-14 19:50:10.98282+02|0/4D16FB18|2|2|59440|3|600|0|0|80167|0|47672|2022-04-14 19:15:23.162217+02
149|1649958612.009680|2022-04-14 19:50:12.00968+02|0/4D16FB18|2|2|59440|3|600|0|0|80167|0|47672|2022-04-14 19:15:23.162217+02
150|1649958613.037238|2022-04-14 19:50:13.037238+02|0/4D16FB18|2|2|59440|3|600|0|0|80167|0|47672|2022-04-14 19:15:23.162217+02
151|1649958614.064043|2022-04-14 19:50:14.064043+02|0/4D16FB18|2|2|59440|3|600|0|0|80167|0|47672|2022-04-14 19:15:23.162217+02
152|1649958615.091055|2022-04-14 19:50:15.091055+02|0/4D16FB18|2|2|59440|3|600|0|0|80167|0|47672|2022-04-14 19:15:23.162217+02
153|1649958616.118109|2022-04-14 19:50:16.118109+02|0/4D16FB18|2|2|59440|3|600|0|0|80167|0|47672|2022-04-14 19:15:23.162217+02
154|1649958617.144755|2022-04-14 19:50:17.144755+02|0/4D16FB18|2|2|59440|3|600|0|0|80167|0|47672|2022-04-14 19:15:23.162217+02
155|1649958618.171070|2022-04-14 19:50:18.17107+02|0/4D16FB18|2|2|59440|3|600|0|0|80167|0|47672|2022-04-14 19:15:23.162217+02
156|1649958619.197745|2022-04-14 19:50:19.197745+02|0/4D16FB18|2|2|59440|3|600|0|0|80167|0|47672|2022-04-14 19:15:23.162217+02
157|1649958620.225114|2022-04-14 19:50:20.225114+02|0/4D16FB18|2|2|59440|3|600|0|0|80167|0|47672|2022-04-14 19:15:23.162217+02
158|1649958621.252548|2022-04-14 19:50:21.252548+02|0/4D16FB18|2|2|59440|3|600|0|0|80167|0|47672|2022-04-14 19:15:23.162217+02
159|1649958622.279488|2022-04-14 19:50:22.279488+02|0/4D16FB18|2|2|59440|3|600|0|0|80167|0|47672|2022-04-14 19:15:23.162217+02
160|1649958623.306464|2022-04-14 19:50:23.306464+02|0/4D16FB18|2|2|59440|3|600|0|0|80167|0|47672|2022-04-14 19:15:23.162217+02
161|1649958624.333052|2022-04-14 19:50:24.333052+02|0/4D16FB18|2|2|59440|3|600|0|0|80167|0|47672|2022-04-14 19:15:23.162217+02
162|1649958625.360125|2022-04-14 19:50:25.360125+02|0/4D16FB18|2|2|59440|3|600|0|0|80167|0|47672|2022-04-14 19:15:23.162217+02
163|1649958626.386952|2022-04-14 19:50:26.386952+02|0/4D16FB18|2|2|59440|3|600|0|0|80167|0|47672|2022-04-14 19:15:23.162217+02
164|1649958627.414032|2022-04-14 19:50:27.414032+02|0/4D16FB18|2|2|59440|3|600|0|0|80167|0|47672|2022-04-14 19:15:23.162217+02
165|1649958628.441187|2022-04-14 19:50:28.441187+02|0/4D16FB18|2|2|59440|3|600|0|0|80167|0|47672|2022-04-14 19:15:23.162217+02
166|1649958629.468374|2022-04-14 19:50:29.468374+02|0/4D16FB18|2|2|59440|3|600|0|0|80167|0|47672|2022-04-14 19:15:23.162217+02
167|1649958630.495513|2022-04-14 19:50:30.495513+02|0/4D16FB18|2|2|59440|3|600|0|0|80167|0|47672|2022-04-14 19:15:23.162217+02
168|1649958631.522220|2022-04-14 19:50:31.52222+02|0/4D16FB18|2|2|59440|3|600|0|0|80167|0|47672|2022-04-14 19:15:23.162217+02
169|1649958632.549089|2022-04-14 19:50:32.549089+02|0/4D16FB18|2|2|59440|3|600|0|0|80167|0|47672|2022-04-14 19:15:23.162217+02
170|1649958633.577044|2022-04-14 19:50:33.577044+02|0/4D16FB18|2|2|59440|3|600|0|0|80167|0|47672|2022-04-14 19:15:23.162217+02
171|1649958634.604561|2022-04-14 19:50:34.604561+02|0/4D16FB18|2|2|59440|3|600|0|0|80167|0|47672|2022-04-14 19:15:23.162217+02
172|1649958635.632070|2022-04-14 19:50:35.63207+02|0/4D16FB18|2|2|59440|3|600|0|0|80167|0|47672|2022-04-14 19:15:23.162217+02
173|1649958636.659726|2022-04-14 19:50:36.659726+02|0/4D16FB18|2|2|59440|3|600|0|0|80167|0|47672|2022-04-14 19:15:23.162217+02
174|1649958637.686901|2022-04-14 19:50:37.686901+02|0/4D16FB18|2|2|59440|3|600|0|0|80167|0|47672|2022-04-14 19:15:23.162217+02
175|1649958638.714093|2022-04-14 19:50:38.714093+02|0/4D16FB18|2|2|59440|3|600|0|0|80167|0|47672|2022-04-14 19:15:23.162217+02
176|1649958639.740966|2022-04-14 19:50:39.740966+02|0/4D16FB18|2|2|59440|3|600|0|0|80167|0|47672|2022-04-14 19:15:23.162217+02
177|1649958640.767860|2022-04-14 19:50:40.76786+02|0/4D16FB18|2|2|59440|3|600|0|0|80167|0|47672|2022-04-14 19:15:23.162217+02
178|1649958641.794705|2022-04-14 19:50:41.794705+02|0/4D16FB18|2|2|59440|3|600|0|0|80167|0|47672|2022-04-14 19:15:23.162217+02
179|1649958642.822022|2022-04-14 19:50:42.822022+02|0/4D16FB18|2|2|59440|3|600|0|0|80167|0|47672|2022-04-14 19:15:23.162217+02
180|1649958643.848805|2022-04-14 19:50:43.848805+02|0/4D16FB18|2|2|59440|3|600|0|0|80167|0|47672|2022-04-14 19:15:23.162217+02
181|1649958644.876569|2022-04-14 19:50:44.876569+02|0/4D16FB18|2|2|59440|3|600|0|0|80167|0|47672|2022-04-14 19:15:23.162217+02
182|1649958645.903788|2022-04-14 19:50:45.903788+02|0/4D16FB18|2|2|59440|3|600|0|0|80167|0|47672|2022-04-14 19:15:23.162217+02
183|1649958646.930854|2022-04-14 19:50:46.930854+02|0/4D16FB18|2|2|59440|3|600|0|0|80167|0|47672|2022-04-14 19:15:23.162217+02
184|1649958647.957318|2022-04-14 19:50:47.957318+02|0/4D16FB18|2|2|59440|3|600|0|0|80167|0|47672|2022-04-14 19:15:23.162217+02
185|1649958648.984391|2022-04-14 19:50:48.984391+02|0/4D16FB18|2|2|59440|3|600|0|0|80167|0|47672|2022-04-14 19:15:23.162217+02
186|1649958650.010794|2022-04-14 19:50:50.010794+02|0/4D16FB18|2|2|59440|3|600|0|0|80167|0|47672|2022-04-14 19:15:23.162217+02
187|1649958651.037475|2022-04-14 19:50:51.037475+02|0/4D16FB18|2|2|59440|3|600|0|0|80167|0|47672|2022-04-14 19:15:23.162217+02
188|1649958652.064729|2022-04-14 19:50:52.064729+02|0/4D16FB18|2|2|59440|3|600|0|0|80167|0|47672|2022-04-14 19:15:23.162217+02
189|1649958653.092250|2022-04-14 19:50:53.09225+02|0/4D16FB18|2|2|59440|3|600|0|0|80167|0|47672|2022-04-14 19:15:23.162217+02
190|1649958654.119836|2022-04-14 19:50:54.119836+02|0/4D16FB18|2|2|59440|3|600|0|0|80167|0|47672|2022-04-14 19:15:23.162217+02
191|1649958655.146944|2022-04-14 19:50:55.146944+02|0/4D16FB18|2|2|59440|3|600|0|0|80167|0|47672|2022-04-14 19:15:23.162217+02
192|1649958656.173332|2022-04-14 19:50:56.173332+02|0/4D16FB18|2|2|59440|3|600|0|0|80167|0|47672|2022-04-14 19:15:23.162217+02
193|1649958657.200672|2022-04-14 19:50:57.200672+02|0/4D16FB18|2|2|59440|3|600|0|0|80167|0|47672|2022-04-14 19:15:23.162217+02
194|1649958658.227923|2022-04-14 19:50:58.227923+02|0/4D16FB18|2|2|59440|3|600|0|0|80167|0|47672|2022-04-14 19:15:23.162217+02
195|1649958659.254884|2022-04-14 19:50:59.254884+02|0/4D16FB18|2|2|59440|3|600|0|0|80167|0|47672|2022-04-14 19:15:23.162217+02
196|1649958660.281775|2022-04-14 19:51:00.281775+02|0/4D16FB18|2|2|59440|3|600|0|0|80167|0|47672|2022-04-14 19:15:23.162217+02
197|1649958661.308937|2022-04-14 19:51:01.308937+02|0/4D16FB18|2|2|59440|3|600|0|0|80167|0|47672|2022-04-14 19:15:23.162217+02
198|1649958662.336319|2022-04-14 19:51:02.336319+02|0/4D16FB18|2|2|59440|3|600|0|0|80167|0|47672|2022-04-14 19:15:23.162217+02
199|1649958663.362801|2022-04-14 19:51:03.362801+02|0/4D16FB18|2|2|59440|3|600|0|0|80167|0|47672|2022-04-14 19:15:23.162217+02
200|1649958664.389640|2022-04-14 19:51:04.38964+02|0/4D16FB18|2|2|59440|3|600|0|0|80167|0|47672|2022-04-14 19:15:23.162217+02
201|1649958665.417105|2022-04-14 19:51:05.417105+02|0/4D16FB18|2|2|59440|3|600|0|0|80167|0|47672|2022-04-14 19:15:23.162217+02
202|1649958666.444494|2022-04-14 19:51:06.444494+02|0/4D16FB18|2|2|59440|3|600|0|0|80167|0|47672|2022-04-14 19:15:23.162217+02
203|1649958667.472020|2022-04-14 19:51:07.47202+02|0/4D16FB18|2|2|59440|3|600|0|0|80167|0|47672|2022-04-14 19:15:23.162217+02
204|1649958668.499136|2022-04-14 19:51:08.499136+02|0/4D16FB18|2|2|59440|3|600|0|0|80167|0|47672|2022-04-14 19:15:23.162217+02
205|1649958669.526261|2022-04-14 19:51:09.526261+02|0/4D16FB18|2|2|59440|3|600|0|0|80167|0|47672|2022-04-14 19:15:23.162217+02
206|1649958670.552996|2022-04-14 19:51:10.552996+02|0/4D16FB18|2|2|59440|3|600|0|0|80167|0|47672|2022-04-14 19:15:23.162217+02
207|1649958671.579446|2022-04-14 19:51:11.579446+02|0/4D16FB18|2|2|59440|3|600|0|0|80167|0|47672|2022-04-14 19:15:23.162217+02
208|1649958672.606679|2022-04-14 19:51:12.606679+02|0/4D16FB18|2|2|59440|3|600|0|0|80167|0|47672|2022-04-14 19:15:23.162217+02
209|1649958673.633845|2022-04-14 19:51:13.633845+02|0/4D16FB18|2|2|59440|3|600|0|0|80167|0|47672|2022-04-14 19:15:23.162217+02
210|1649958674.661148|2022-04-14 19:51:14.661148+02|0/4D16FB18|2|2|59440|3|600|0|0|80167|0|47672|2022-04-14 19:15:23.162217+02
211|1649958675.688441|2022-04-14 19:51:15.688441+02|0/4D16FB18|2|2|59440|3|600|0|0|80167|0|47672|2022-04-14 19:15:23.162217+02
212|1649958676.715703|2022-04-14 19:51:16.715703+02|0/4D16FB18|2|2|59440|3|600|0|0|80167|0|47672|2022-04-14 19:15:23.162217+02
213|1649958677.742660|2022-04-14 19:51:17.74266+02|0/4D16FB18|2|2|59440|3|600|0|0|80167|0|47672|2022-04-14 19:15:23.162217+02
214|1649958678.769913|2022-04-14 19:51:18.769913+02|0/4D16FB18|2|2|59440|3|600|0|0|80167|0|47672|2022-04-14 19:15:23.162217+02
215|1649958679.797160|2022-04-14 19:51:19.79716+02|0/4D16FB18|2|2|59440|3|600|0|0|80167|0|47672|2022-04-14 19:15:23.162217+02
216|1649958680.824521|2022-04-14 19:51:20.824521+02|0/4D16FB18|2|2|59440|3|600|0|0|80167|0|47672|2022-04-14 19:15:23.162217+02
217|1649958681.851823|2022-04-14 19:51:21.851823+02|0/4D16FB18|2|2|59440|3|600|0|0|80167|0|47672|2022-04-14 19:15:23.162217+02
218|1649958682.878727|2022-04-14 19:51:22.878727+02|0/4D16FB18|2|2|59440|3|600|0|0|80167|0|47672|2022-04-14 19:15:23.162217+02
219|1649958683.906040|2022-04-14 19:51:23.90604+02|0/4D16FB18|2|2|59440|3|600|0|0|80167|0|47672|2022-04-14 19:15:23.162217+02
220|1649958684.933303|2022-04-14 19:51:24.933303+02|0/4D16FB18|2|2|59440|3|600|0|0|80167|0|47672|2022-04-14 19:15:23.162217+02
221|1649958685.960526|2022-04-14 19:51:25.960526+02|0/4D16FB18|2|2|59440|3|600|0|0|80167|0|47672|2022-04-14 19:15:23.162217+02
222|1649958686.988162|2022-04-14 19:51:26.988162+02|0/4D16FB18|2|2|59440|3|600|0|0|80167|0|47672|2022-04-14 19:15:23.162217+02
223|1649958688.015226|2022-04-14 19:51:28.015226+02|0/4D16FB18|2|2|59440|3|600|0|0|80167|0|47672|2022-04-14 19:15:23.162217+02
224|1649958689.042192|2022-04-14 19:51:29.042192+02|0/4D16FB18|2|2|59440|3|600|0|0|80167|0|47672|2022-04-14 19:15:23.162217+02
225|1649958690.069589|2022-04-14 19:51:30.069589+02|0/4D16FB18|2|2|59440|3|600|0|0|80167|0|47672|2022-04-14 19:15:23.162217+02
226|1649958691.096759|2022-04-14 19:51:31.096759+02|0/4D16FB18|2|2|59440|3|600|0|0|80167|0|47672|2022-04-14 19:15:23.162217+02
227|1649958692.124069|2022-04-14 19:51:32.124069+02|0/4D16FB18|2|2|59440|3|600|0|0|80167|0|47672|2022-04-14 19:15:23.162217+02
228|1649958693.151221|2022-04-14 19:51:33.151221+02|0/4D16FB18|2|2|59440|3|600|0|0|80167|0|47672|2022-04-14 19:15:23.162217+02
229|1649958694.178959|2022-04-14 19:51:34.178959+02|0/4D16FB18|2|2|59440|3|600|0|0|80167|0|47672|2022-04-14 19:15:23.162217+02
230|1649958695.206076|2022-04-14 19:51:35.206076+02|0/4D16FB18|2|2|59440|3|600|0|0|80167|0|47672|2022-04-14 19:15:23.162217+02
231|1649958696.233303|2022-04-14 19:51:36.233303+02|0/4D16FB18|2|2|59440|3|600|0|0|80167|0|47672|2022-04-14 19:15:23.162217+02
232|1649958697.260504|2022-04-14 19:51:37.260504+02|0/4D16FB18|2|2|59440|3|600|0|0|80167|0|47672|2022-04-14 19:15:23.162217+02
233|1649958698.287404|2022-04-14 19:51:38.287404+02|0/4D16FB18|2|2|59440|3|600|0|0|80167|0|47672|2022-04-14 19:15:23.162217+02
234|1649958699.314594|2022-04-14 19:51:39.314594+02|0/4D16FB18|2|2|59440|3|600|0|0|80167|0|47672|2022-04-14 19:15:23.162217+02
235|1649958700.342034|2022-04-14 19:51:40.342034+02|0/4D16FB18|2|2|59440|3|600|0|0|80167|0|47672|2022-04-14 19:15:23.162217+02
236|1649958701.369537|2022-04-14 19:51:41.369537+02|0/4D16FB18|2|2|59440|3|600|0|0|80167|0|47672|2022-04-14 19:15:23.162217+02
237|1649958702.397270|2022-04-14 19:51:42.39727+02|0/4D16FB18|2|2|59440|3|600|0|0|80167|0|47672|2022-04-14 19:15:23.162217+02
238|1649958703.424732|2022-04-14 19:51:43.424732+02|0/4D16FB18|2|2|59440|3|600|0|0|80167|0|47672|2022-04-14 19:15:23.162217+02
239|1649958704.451236|2022-04-14 19:51:44.451236+02|0/4D16FB18|2|2|59440|3|600|0|0|80167|0|47672|2022-04-14 19:15:23.162217+02
240|1649958705.478299|2022-04-14 19:51:45.478299+02|0/4D16FB18|2|2|59440|3|600|0|0|80167|0|47672|2022-04-14 19:15:23.162217+02
241|1649958706.505061|2022-04-14 19:51:46.505061+02|0/4D16FB18|2|2|59440|3|600|0|0|80167|0|47672|2022-04-14 19:15:23.162217+02
242|1649958707.531743|2022-04-14 19:51:47.531743+02|0/4D16FB18|2|2|59440|3|600|0|0|80167|0|47672|2022-04-14 19:15:23.162217+02
243|1649958708.558368|2022-04-14 19:51:48.558368+02|0/4D16FB18|2|2|59440|3|600|0|0|80167|0|47672|2022-04-14 19:15:23.162217+02
244|1649958709.585301|2022-04-14 19:51:49.585301+02|0/4D16FB18|2|2|59440|3|600|0|0|80167|0|47672|2022-04-14 19:15:23.162217+02
245|1649958710.612612|2022-04-14 19:51:50.612612+02|0/4D16FB18|2|2|59440|3|600|0|0|80167|0|47672|2022-04-14 19:15:23.162217+02
246|1649958711.639819|2022-04-14 19:51:51.639819+02|0/4D16FB18|2|2|59440|3|600|0|0|80167|0|47672|2022-04-14 19:15:23.162217+02
247|1649958712.666333|2022-04-14 19:51:52.666333+02|0/4D16FB18|2|2|59440|3|600|0|0|80167|0|47672|2022-04-14 19:15:23.162217+02
248|1649958713.693127|2022-04-14 19:51:53.693127+02|0/4D16FB18|2|2|59440|3|600|0|0|80167|0|47672|2022-04-14 19:15:23.162217+02
249|1649958714.709803|2022-04-14 19:51:54.709803+02|0/4D16FB18|2|2|59440|3|600|0|0|80167|0|47672|2022-04-14 19:15:23.162217+02
250|1649958715.736698|2022-04-14 19:51:55.736698+02|0/4D16FB18|2|2|59440|3|600|0|0|80167|0|47672|2022-04-14 19:15:23.162217+02
251|1649958716.763962|2022-04-14 19:51:56.763962+02|0/4D16FB18|2|2|59440|3|600|0|0|80167|0|47672|2022-04-14 19:15:23.162217+02
252|1649958717.790745|2022-04-14 19:51:57.790745+02|0/4D16FB18|2|2|59440|3|600|0|0|80167|0|47672|2022-04-14 19:15:23.162217+02
253|1649958718.817787|2022-04-14 19:51:58.817787+02|0/4D16FB18|2|2|59440|3|600|0|0|80167|0|47672|2022-04-14 19:15:23.162217+02
254|1649958719.844641|2022-04-14 19:51:59.844641+02|0/4D16FB18|2|2|59440|3|600|0|0|80167|0|47672|2022-04-14 19:15:23.162217+02
255|1649958720.871945|2022-04-14 19:52:00.871945+02|0/4D16FB18|2|2|59440|3|600|0|0|80167|0|47672|2022-04-14 19:15:23.162217+02
256|1649958721.899240|2022-04-14 19:52:01.89924+02|0/4D16FB18|2|2|59440|3|600|0|0|80167|0|47672|2022-04-14 19:15:23.162217+02
257|1649958722.926089|2022-04-14 19:52:02.926089+02|0/4D16FB18|2|2|59440|3|600|0|0|80167|0|47672|2022-04-14 19:15:23.162217+02
258|1649958723.952699|2022-04-14 19:52:03.952699+02|0/4D16FB18|2|2|59440|3|600|0|0|80167|0|47672|2022-04-14 19:15:23.162217+02
259|1649958724.979820|2022-04-14 19:52:04.97982+02|0/4D16FB18|2|2|59440|3|600|0|0|80167|0|47672|2022-04-14 19:15:23.162217+02
260|1649958726.007068|2022-04-14 19:52:06.007068+02|0/4D16FB18|2|2|59440|3|600|0|0|80167|0|47672|2022-04-14 19:15:23.162217+02
261|1649958727.034312|2022-04-14 19:52:07.034312+02|0/4D16FB18|2|2|59440|3|600|0|0|80167|0|47672|2022-04-14 19:15:23.162217+02
262|1649958728.060971|2022-04-14 19:52:08.060971+02|0/4D16FB18|2|2|59440|3|600|0|0|80167|0|47672|2022-04-14 19:15:23.162217+02
263|1649958729.087863|2022-04-14 19:52:09.087863+02|0/4D16FB18|2|2|59440|3|600|0|0|80167|0|47672|2022-04-14 19:15:23.162217+02
264|1649958730.115053|2022-04-14 19:52:10.115053+02|0/4D16FB18|2|2|59440|3|600|0|0|80167|0|47672|2022-04-14 19:15:23.162217+02
265|1649958731.142356|2022-04-14 19:52:11.142356+02|0/4D16FB18|2|2|59440|3|600|0|0|80167|0|47672|2022-04-14 19:15:23.162217+02
266|1649958732.169060|2022-04-14 19:52:12.16906+02|0/4D16FB18|2|2|59440|3|600|0|0|80167|0|47672|2022-04-14 19:15:23.162217+02
267|1649958733.196801|2022-04-14 19:52:13.196801+02|0/4D16FB18|2|2|59440|3|600|0|0|80167|0|47672|2022-04-14 19:15:23.162217+02
268|1649958734.223482|2022-04-14 19:52:14.223482+02|0/4D16FB18|2|2|59440|3|600|0|0|80167|0|47672|2022-04-14 19:15:23.162217+02
269|1649958735.250476|2022-04-14 19:52:15.250476+02|0/4D16FB18|2|2|59440|3|600|0|0|80167|0|47672|2022-04-14 19:15:23.162217+02
270|1649958736.277617|2022-04-14 19:52:16.277617+02|0/4D16FB18|2|2|59440|3|600|0|0|80167|0|47672|2022-04-14 19:15:23.162217+02
271|1649958737.304501|2022-04-14 19:52:17.304501+02|0/4D16FB18|2|2|59440|3|600|0|0|80167|0|47672|2022-04-14 19:15:23.162217+02
272|1649958738.331147|2022-04-14 19:52:18.331147+02|0/4D16FB18|2|2|59440|3|600|0|0|80167|0|47672|2022-04-14 19:15:23.162217+02
273|1649958739.358042|2022-04-14 19:52:19.358042+02|0/4D16FB18|2|2|59440|3|600|0|0|80167|0|47672|2022-04-14 19:15:23.162217+02
274|1649958740.384992|2022-04-14 19:52:20.384992+02|0/4D16FB18|2|2|59440|3|600|0|0|80167|0|47672|2022-04-14 19:15:23.162217+02
275|1649958741.412537|2022-04-14 19:52:21.412537+02|0/4D16FB18|2|2|59440|3|600|0|0|80167|0|47672|2022-04-14 19:15:23.162217+02
276|1649958742.440471|2022-04-14 19:52:22.440471+02|0/4D16FB18|2|2|59440|3|600|0|0|80167|0|47672|2022-04-14 19:15:23.162217+02
277|1649958743.467603|2022-04-14 19:52:23.467603+02|0/4D16FB18|2|2|59440|3|600|0|0|80167|0|47672|2022-04-14 19:15:23.162217+02
278|1649958744.494046|2022-04-14 19:52:24.494046+02|0/4D16FB18|2|2|59440|3|600|0|0|80167|0|47672|2022-04-14 19:15:23.162217+02
279|1649958745.521775|2022-04-14 19:52:25.521775+02|0/4D16FB18|2|2|59440|3|600|0|0|80167|0|47672|2022-04-14 19:15:23.162217+02
280|1649958746.547851|2022-04-14 19:52:26.547851+02|0/4D16FB18|2|2|59440|3|600|0|0|80167|0|47672|2022-04-14 19:15:23.162217+02
281|1649958747.574814|2022-04-14 19:52:27.574814+02|0/4D16FB18|2|2|59440|3|600|0|0|80167|0|47672|2022-04-14 19:15:23.162217+02
282|1649958748.601632|2022-04-14 19:52:28.601632+02|0/4D16FB18|2|2|59440|3|600|0|0|80167|0|47672|2022-04-14 19:15:23.162217+02
283|1649958749.628798|2022-04-14 19:52:29.628798+02|0/4D16FB18|2|2|59440|3|600|0|0|80167|0|47672|2022-04-14 19:15:23.162217+02
284|1649958750.655741|2022-04-14 19:52:30.655741+02|0/4D16FB18|2|2|59440|3|600|0|0|80167|0|47672|2022-04-14 19:15:23.162217+02
285|1649958751.682995|2022-04-14 19:52:31.682995+02|0/4D16FB18|2|2|59440|3|600|0|0|80167|0|47672|2022-04-14 19:15:23.162217+02
286|1649958752.710432|2022-04-14 19:52:32.710432+02|0/4D16FB18|2|2|59440|3|600|0|0|80167|0|47672|2022-04-14 19:15:23.162217+02
287|1649958753.738106|2022-04-14 19:52:33.738106+02|0/4D16FB18|2|2|59440|3|600|0|0|80167|0|47672|2022-04-14 19:15:23.162217+02
288|1649958754.765088|2022-04-14 19:52:34.765088+02|0/4D16FB18|2|2|59440|3|600|0|0|80167|0|47672|2022-04-14 19:15:23.162217+02
289|1649958755.792200|2022-04-14 19:52:35.7922+02|0/4D16FB18|2|2|59440|3|600|0|0|80167|0|47672|2022-04-14 19:15:23.162217+02
290|1649958756.819165|2022-04-14 19:52:36.819165+02|0/4D16FB18|2|2|59440|3|600|0|0|80167|0|47672|2022-04-14 19:15:23.162217+02
291|1649958757.846308|2022-04-14 19:52:37.846308+02|0/4D16FB18|2|2|59440|3|600|0|0|80167|0|47672|2022-04-14 19:15:23.162217+02
292|1649958758.872442|2022-04-14 19:52:38.872442+02|0/4D16FB18|2|2|59440|3|600|0|0|80167|0|47672|2022-04-14 19:15:23.162217+02
293|1649958759.899737|2022-04-14 19:52:39.899737+02|0/4D16FB18|2|2|59440|3|600|0|0|80167|0|47672|2022-04-14 19:15:23.162217+02
294|1649958760.926663|2022-04-14 19:52:40.926663+02|0/4D16FB18|2|2|59440|3|600|0|0|80167|0|47672|2022-04-14 19:15:23.162217+02
295|1649958761.954192|2022-04-14 19:52:41.954192+02|0/4D16FB18|2|2|59440|3|600|0|0|80167|0|47672|2022-04-14 19:15:23.162217+02
296|1649958762.981001|2022-04-14 19:52:42.981001+02|0/4D16FB18|2|2|59440|3|600|0|0|80167|0|47672|2022-04-14 19:15:23.162217+02
297|1649958764.008339|2022-04-14 19:52:44.008339+02|0/4D16FB18|2|2|59440|3|600|0|0|80167|0|47672|2022-04-14 19:15:23.162217+02
298|1649958765.035418|2022-04-14 19:52:45.035418+02|0/4D16FB18|2|2|59440|3|600|0|0|80167|0|47672|2022-04-14 19:15:23.162217+02
299|1649958766.063361|2022-04-14 19:52:46.063361+02|0/4D16FB18|2|2|59440|3|600|0|0|80167|0|47672|2022-04-14 19:15:23.162217+02
300|1649958767.090771|2022-04-14 19:52:47.090771+02|0/4D16FB18|2|2|59440|3|600|0|0|80167|0|47672|2022-04-14 19:15:23.162217+02
301|1649958768.117945|2022-04-14 19:52:48.117945+02|0/4D16FB18|2|2|59440|3|600|0|0|80167|0|47672|2022-04-14 19:15:23.162217+02
302|1649958769.145081|2022-04-14 19:52:49.145081+02|0/4D16FB18|2|2|59440|3|600|0|0|80167|0|47672|2022-04-14 19:15:23.162217+02
303|1649958770.172263|2022-04-14 19:52:50.172263+02|0/4D16FB18|2|2|59440|3|600|0|0|80167|0|47672|2022-04-14 19:15:23.162217+02
304|1649958771.199068|2022-04-14 19:52:51.199068+02|0/4D16FB18|2|2|59440|3|600|0|0|80167|0|47672|2022-04-14 19:15:23.162217+02
305|1649958772.226033|2022-04-14 19:52:52.226033+02|0/4D16FB18|2|2|59440|3|600|0|0|80167|0|47672|2022-04-14 19:15:23.162217+02
306|1649958773.252989|2022-04-14 19:52:53.252989+02|0/4D16FB18|2|2|59440|3|600|0|0|80167|0|47672|2022-04-14 19:15:23.162217+02
307|1649958774.280692|2022-04-14 19:52:54.280692+02|0/4D16FB18|2|2|59440|3|600|0|0|80167|0|47672|2022-04-14 19:15:23.162217+02
308|1649958775.307654|2022-04-14 19:52:55.307654+02|0/4D16FB18|2|2|59440|3|600|0|0|80167|0|47672|2022-04-14 19:15:23.162217+02
309|1649958776.334330|2022-04-14 19:52:56.33433+02|0/4D16FB18|2|2|59440|3|600|0|0|80167|0|47672|2022-04-14 19:15:23.162217+02
310|1649958777.361211|2022-04-14 19:52:57.361211+02|0/4D16FB18|2|2|59440|3|600|0|0|80167|0|47672|2022-04-14 19:15:23.162217+02
311|1649958778.388118|2022-04-14 19:52:58.388118+02|0/4D16FB18|2|2|59440|3|600|0|0|80167|0|47672|2022-04-14 19:15:23.162217+02
312|1649958779.415614|2022-04-14 19:52:59.415614+02|0/4D16FB18|2|2|59440|3|600|0|0|80167|0|47672|2022-04-14 19:15:23.162217+02
313|1649958780.442569|2022-04-14 19:53:00.442569+02|0/4D16FB18|2|2|59440|3|600|0|0|80167|0|47672|2022-04-14 19:15:23.162217+02
314|1649958781.469099|2022-04-14 19:53:01.469099+02|0/4D16FB18|2|2|59440|3|600|0|0|80167|0|47672|2022-04-14 19:15:23.162217+02
315|1649958782.495889|2022-04-14 19:53:02.495889+02|0/4D16FB18|2|2|59440|3|600|0|0|80167|0|47672|2022-04-14 19:15:23.162217+02
316|1649958783.523471|2022-04-14 19:53:03.523471+02|0/4D16FB18|2|2|59440|3|600|0|0|80167|0|47672|2022-04-14 19:15:23.162217+02
317|1649958784.550889|2022-04-14 19:53:04.550889+02|0/4D16FB18|2|2|59440|3|600|0|0|80167|0|47672|2022-04-14 19:15:23.162217+02
318|1649958785.578030|2022-04-14 19:53:05.57803+02|0/4D16FB18|2|2|59440|3|600|0|0|80167|0|47672|2022-04-14 19:15:23.162217+02
319|1649958786.605605|2022-04-14 19:53:06.605605+02|0/4D16FB18|2|2|59440|3|600|0|0|80167|0|47672|2022-04-14 19:15:23.162217+02
320|1649958787.632842|2022-04-14 19:53:07.632842+02|0/4D16FB18|2|2|59440|3|600|0|0|80167|0|47672|2022-04-14 19:15:23.162217+02
321|1649958788.660308|2022-04-14 19:53:08.660308+02|0/4D16FB18|2|2|59440|3|600|0|0|80167|0|47672|2022-04-14 19:15:23.162217+02
322|1649958789.687329|2022-04-14 19:53:09.687329+02|0/4D16FB18|2|2|59440|3|600|0|0|80167|0|47672|2022-04-14 19:15:23.162217+02
323|1649958790.714274|2022-04-14 19:53:10.714274+02|0/4D16FB18|2|2|59440|3|600|0|0|80167|0|47672|2022-04-14 19:15:23.162217+02
324|1649958791.741562|2022-04-14 19:53:11.741562+02|0/4D16FB18|2|2|59440|3|600|0|0|80167|0|47672|2022-04-14 19:15:23.162217+02
325|1649958792.769006|2022-04-14 19:53:12.769006+02|0/4D16FB18|2|2|59440|3|600|0|0|80167|0|47672|2022-04-14 19:15:23.162217+02
326|1649958793.796418|2022-04-14 19:53:13.796418+02|0/4D16FB18|2|2|59440|3|600|0|0|80167|0|47672|2022-04-14 19:15:23.162217+02
327|1649958794.822736|2022-04-14 19:53:14.822736+02|0/4D16FB18|2|2|59440|3|600|0|0|80167|0|47672|2022-04-14 19:15:23.162217+02
328|1649958795.849713|2022-04-14 19:53:15.849713+02|0/4D16FB18|2|2|59440|3|600|0|0|80167|0|47672|2022-04-14 19:15:23.162217+02
329|1649958796.876797|2022-04-14 19:53:16.876797+02|0/4D16FB18|2|2|59440|3|600|0|0|80167|0|47672|2022-04-14 19:15:23.162217+02
330|1649958797.904000|2022-04-14 19:53:17.904+02|0/4D16FB18|2|2|59440|3|600|0|0|80167|0|47672|2022-04-14 19:15:23.162217+02
331|1649958798.932004|2022-04-14 19:53:18.932004+02|0/4D16FB18|2|2|59440|3|600|0|0|80167|0|47672|2022-04-14 19:15:23.162217+02
332|1649958799.958602|2022-04-14 19:53:19.958602+02|0/4D16FB18|2|2|59440|3|600|0|0|80167|0|47672|2022-04-14 19:15:23.162217+02
333|1649958800.985795|2022-04-14 19:53:20.985795+02|0/4D16FB18|2|2|59440|3|600|0|0|80167|0|47672|2022-04-14 19:15:23.162217+02
334|1649958802.012673|2022-04-14 19:53:22.012673+02|0/4D16FB18|2|2|59440|3|600|0|0|80167|0|47672|2022-04-14 19:15:23.162217+02
335|1649958803.039707|2022-04-14 19:53:23.039707+02|0/4D16FB18|2|2|59440|3|600|0|0|80167|0|47672|2022-04-14 19:15:23.162217+02
336|1649958804.066857|2022-04-14 19:53:24.066857+02|0/4D16FB18|2|2|59440|3|600|0|0|80167|0|47672|2022-04-14 19:15:23.162217+02
337|1649958805.094322|2022-04-14 19:53:25.094322+02|0/4D16FB18|2|2|59440|3|600|0|0|80167|0|47672|2022-04-14 19:15:23.162217+02
338|1649958806.121422|2022-04-14 19:53:26.121422+02|0/4D16FB18|2|2|59440|3|600|0|0|80167|0|47672|2022-04-14 19:15:23.162217+02
339|1649958807.148511|2022-04-14 19:53:27.148511+02|0/4D16FB18|2|2|59440|3|600|0|0|80167|0|47672|2022-04-14 19:15:23.162217+02
340|1649958808.175354|2022-04-14 19:53:28.175354+02|0/4D16FB18|2|2|59440|3|600|0|0|80167|0|47672|2022-04-14 19:15:23.162217+02
341|1649958809.202675|2022-04-14 19:53:29.202675+02|0/4D16FB18|2|2|59440|3|600|0|0|80167|0|47672|2022-04-14 19:15:23.162217+02
342|1649958810.229935|2022-04-14 19:53:30.229935+02|0/4D16FB18|2|2|59440|3|600|0|0|80167|0|47672|2022-04-14 19:15:23.162217+02
343|1649958811.257888|2022-04-14 19:53:31.257888+02|0/4D16FB18|2|2|59440|3|600|0|0|80167|0|47672|2022-04-14 19:15:23.162217+02
344|1649958812.285127|2022-04-14 19:53:32.285127+02|0/4D16FB18|2|2|59440|3|600|0|0|80167|0|47672|2022-04-14 19:15:23.162217+02
345|1649958813.312071|2022-04-14 19:53:33.312071+02|0/4D16FB18|2|2|59440|3|600|0|0|80167|0|47672|2022-04-14 19:15:23.162217+02
346|1649958814.339632|2022-04-14 19:53:34.339632+02|0/4D16FB18|2|2|59440|3|600|0|0|80167|0|47672|2022-04-14 19:15:23.162217+02
347|1649958815.367083|2022-04-14 19:53:35.367083+02|0/4D16FB18|2|2|59440|3|600|0|0|80167|0|47672|2022-04-14 19:15:23.162217+02
348|1649958816.394574|2022-04-14 19:53:36.394574+02|0/4D16FB18|2|2|59440|3|600|0|0|80167|0|47672|2022-04-14 19:15:23.162217+02
349|1649958817.421836|2022-04-14 19:53:37.421836+02|0/4D16FB18|2|2|59440|3|600|0|0|80167|0|47672|2022-04-14 19:15:23.162217+02
350|1649958818.449475|2022-04-14 19:53:38.449475+02|0/4D16FB18|2|2|59440|3|600|0|0|80167|0|47672|2022-04-14 19:15:23.162217+02
351|1649958819.477025|2022-04-14 19:53:39.477025+02|0/4D16FB18|2|2|59440|3|600|0|0|80167|0|47672|2022-04-14 19:15:23.162217+02
352|1649958820.504252|2022-04-14 19:53:40.504252+02|0/4D16FB18|2|2|59440|3|600|0|0|80167|0|47672|2022-04-14 19:15:23.162217+02
353|1649958821.531418|2022-04-14 19:53:41.531418+02|0/4D16FB18|2|2|59440|3|600|0|0|80167|0|47672|2022-04-14 19:15:23.162217+02
354|1649958822.558778|2022-04-14 19:53:42.558778+02|0/4D16FB18|2|2|59440|3|600|0|0|80167|0|47672|2022-04-14 19:15:23.162217+02
355|1649958823.586314|2022-04-14 19:53:43.586314+02|0/4D16FB18|2|2|59440|3|600|0|0|80167|0|47672|2022-04-14 19:15:23.162217+02
356|1649958824.613570|2022-04-14 19:53:44.61357+02|0/4D16FB18|2|2|59440|3|600|0|0|80167|0|47672|2022-04-14 19:15:23.162217+02
357|1649958825.640933|2022-04-14 19:53:45.640933+02|0/4D16FB18|2|2|59440|3|600|0|0|80167|0|47672|2022-04-14 19:15:23.162217+02
358|1649958826.668371|2022-04-14 19:53:46.668371+02|0/4D16FB18|2|2|59440|3|600|0|0|80167|0|47672|2022-04-14 19:15:23.162217+02
359|1649958827.695471|2022-04-14 19:53:47.695471+02|0/4D16FB18|2|2|59440|3|600|0|0|80167|0|47672|2022-04-14 19:15:23.162217+02
360|1649958828.722363|2022-04-14 19:53:48.722363+02|0/4D16FB18|2|2|59440|3|600|0|0|80167|0|47672|2022-04-14 19:15:23.162217+02
361|1649958829.748965|2022-04-14 19:53:49.748965+02|0/4D16FB18|2|2|59440|3|600|0|0|80167|0|47672|2022-04-14 19:15:23.162217+02
362|1649958830.775680|2022-04-14 19:53:50.77568+02|0/4D16FB18|2|2|59440|3|600|0|0|80167|0|47672|2022-04-14 19:15:23.162217+02
363|1649958831.802261|2022-04-14 19:53:51.802261+02|0/4D16FB18|2|2|59440|3|600|0|0|80167|0|47672|2022-04-14 19:15:23.162217+02
364|1649958832.829597|2022-04-14 19:53:52.829597+02|0/4D16FB18|2|2|59440|3|600|0|0|80167|0|47672|2022-04-14 19:15:23.162217+02
365|1649958833.856857|2022-04-14 19:53:53.856857+02|0/4D16FB18|2|2|59440|3|600|0|0|80167|0|47672|2022-04-14 19:15:23.162217+02
366|1649958834.873819|2022-04-14 19:53:54.873819+02|0/4D16FB18|2|2|59440|3|600|0|0|80167|0|47672|2022-04-14 19:15:23.162217+02
367|1649958835.899808|2022-04-14 19:53:55.899808+02|0/4D16FB18|2|2|59440|3|600|0|0|80167|0|47672|2022-04-14 19:15:23.162217+02
368|1649958836.926822|2022-04-14 19:53:56.926822+02|0/4D16FB18|2|2|59440|3|600|0|0|80167|0|47672|2022-04-14 19:15:23.162217+02
369|1649958837.953239|2022-04-14 19:53:57.953239+02|0/4D16FB18|2|2|59440|3|600|0|0|80167|0|47672|2022-04-14 19:15:23.162217+02
370|1649958838.979315|2022-04-14 19:53:58.979315+02|0/4D16FB18|2|2|59440|3|600|0|0|80167|0|47672|2022-04-14 19:15:23.162217+02
371|1649958840.006539|2022-04-14 19:54:00.006539+02|0/4D16FB18|2|2|59440|3|600|0|0|80167|0|47672|2022-04-14 19:15:23.162217+02
372|1649958841.033341|2022-04-14 19:54:01.033341+02|0/4D16FB18|2|2|59440|3|600|0|0|80167|0|47672|2022-04-14 19:15:23.162217+02
373|1649958842.060510|2022-04-14 19:54:02.06051+02|0/4D16FB18|2|2|59440|3|600|0|0|80167|0|47672|2022-04-14 19:15:23.162217+02
374|1649958843.087954|2022-04-14 19:54:03.087954+02|0/4D16FB18|2|2|59440|3|600|0|0|80167|0|47672|2022-04-14 19:15:23.162217+02
375|1649958844.115393|2022-04-14 19:54:04.115393+02|0/4D16FB18|2|2|59440|3|600|0|0|80167|0|47672|2022-04-14 19:15:23.162217+02
376|1649958845.142258|2022-04-14 19:54:05.142258+02|0/4D16FB18|2|2|59440|3|600|0|0|80167|0|47672|2022-04-14 19:15:23.162217+02
377|1649958846.169505|2022-04-14 19:54:06.169505+02|0/4D16FB18|2|2|59440|3|600|0|0|80167|0|47672|2022-04-14 19:15:23.162217+02
378|1649958847.196982|2022-04-14 19:54:07.196982+02|0/4D16FB18|2|2|59440|3|600|0|0|80167|0|47672|2022-04-14 19:15:23.162217+02
379|1649958848.224391|2022-04-14 19:54:08.224391+02|0/4D16FB18|2|2|59440|3|600|0|0|80167|0|47672|2022-04-14 19:15:23.162217+02
380|1649958849.251288|2022-04-14 19:54:09.251288+02|0/4D16FB18|2|2|59440|3|600|0|0|80167|0|47672|2022-04-14 19:15:23.162217+02
381|1649958850.278373|2022-04-14 19:54:10.278373+02|0/4D16FB18|2|2|59440|3|600|0|0|80167|0|47672|2022-04-14 19:15:23.162217+02
382|1649958851.305759|2022-04-14 19:54:11.305759+02|0/4D16FB18|2|2|59440|3|600|0|0|80167|0|47672|2022-04-14 19:15:23.162217+02
383|1649958852.332658|2022-04-14 19:54:12.332658+02|0/4D16FB18|2|2|59440|3|600|0|0|80167|0|47672|2022-04-14 19:15:23.162217+02
384|1649958853.360291|2022-04-14 19:54:13.360291+02|0/4D16FB18|2|2|59440|3|600|0|0|80167|0|47672|2022-04-14 19:15:23.162217+02
385|1649958854.387162|2022-04-14 19:54:14.387162+02|0/4D16FB18|2|2|59440|3|600|0|0|80167|0|47672|2022-04-14 19:15:23.162217+02
386|1649958855.415131|2022-04-14 19:54:15.415131+02|0/4D16FB18|2|2|59440|3|600|0|0|80167|0|47672|2022-04-14 19:15:23.162217+02
387|1649958856.442007|2022-04-14 19:54:16.442007+02|0/4D16FB18|2|2|59440|3|600|0|0|80167|0|47672|2022-04-14 19:15:23.162217+02
388|1649958857.469032|2022-04-14 19:54:17.469032+02|0/4D16FB18|2|2|59440|3|600|0|0|80167|0|47672|2022-04-14 19:15:23.162217+02
389|1649958858.495628|2022-04-14 19:54:18.495628+02|0/4D16FB18|2|2|59440|3|600|0|0|80167|0|47672|2022-04-14 19:15:23.162217+02
390|1649958859.522450|2022-04-14 19:54:19.52245+02|0/4D16FB18|2|2|59440|3|600|0|0|80167|0|47672|2022-04-14 19:15:23.162217+02
391|1649958860.548888|2022-04-14 19:54:20.548888+02|0/4D16FB18|2|2|59440|3|600|0|0|80167|0|47672|2022-04-14 19:15:23.162217+02
392|1649958861.576078|2022-04-14 19:54:21.576078+02|0/4D16FB18|2|2|59440|3|600|0|0|80167|0|47672|2022-04-14 19:15:23.162217+02
393|1649958862.603082|2022-04-14 19:54:22.603082+02|0/4D16FB18|2|2|59440|3|600|0|0|80167|0|47672|2022-04-14 19:15:23.162217+02
394|1649958863.630498|2022-04-14 19:54:23.630498+02|0/4D16FB18|2|2|59440|3|600|0|0|80167|0|47672|2022-04-14 19:15:23.162217+02
395|1649958864.656637|2022-04-14 19:54:24.656637+02|0/4D16FB18|2|2|59440|3|600|0|0|80167|0|47672|2022-04-14 19:15:23.162217+02
396|1649958865.683139|2022-04-14 19:54:25.683139+02|0/4D16FB18|2|2|59440|3|600|0|0|80167|0|47672|2022-04-14 19:15:23.162217+02
397|1649958866.710002|2022-04-14 19:54:26.710002+02|0/4D16FB18|2|2|59440|3|600|0|0|80167|0|47672|2022-04-14 19:15:23.162217+02
398|1649958867.737023|2022-04-14 19:54:27.737023+02|0/4D16FB18|2|2|59440|3|600|0|0|80167|0|47672|2022-04-14 19:15:23.162217+02
399|1649958868.763214|2022-04-14 19:54:28.763214+02|0/4D16FB18|2|2|59440|3|600|0|0|80167|0|47672|2022-04-14 19:15:23.162217+02
400|1649958869.790794|2022-04-14 19:54:29.790794+02|0/4D16FB18|2|2|59440|3|600|0|0|80167|0|47672|2022-04-14 19:15:23.162217+02
401|1649958870.817822|2022-04-14 19:54:30.817822+02|0/4D16FB18|2|2|59440|3|600|0|0|80167|0|47672|2022-04-14 19:15:23.162217+02
402|1649958871.845121|2022-04-14 19:54:31.845121+02|0/4D16FB18|2|2|59440|3|600|0|0|80167|0|47672|2022-04-14 19:15:23.162217+02
403|1649958872.872322|2022-04-14 19:54:32.872322+02|0/4D16FB18|2|2|59440|3|600|0|0|80167|0|47672|2022-04-14 19:15:23.162217+02
404|1649958873.899475|2022-04-14 19:54:33.899475+02|0/4D16FB18|2|2|59440|3|600|0|0|80167|0|47672|2022-04-14 19:15:23.162217+02
405|1649958874.926333|2022-04-14 19:54:34.926333+02|0/4D16FB18|2|2|59440|3|600|0|0|80167|0|47672|2022-04-14 19:15:23.162217+02
406|1649958875.953564|2022-04-14 19:54:35.953564+02|0/4D16FB18|2|2|59440|3|600|0|0|80167|0|47672|2022-04-14 19:15:23.162217+02
407|1649958876.981116|2022-04-14 19:54:36.981116+02|0/4D16FB18|2|2|59440|3|600|0|0|80167|0|47672|2022-04-14 19:15:23.162217+02
408|1649958878.008163|2022-04-14 19:54:38.008163+02|0/4D16FB18|2|2|59440|3|600|0|0|80167|0|47672|2022-04-14 19:15:23.162217+02
409|1649958879.034987|2022-04-14 19:54:39.034987+02|0/4D16FB18|2|2|59440|3|600|0|0|80167|0|47672|2022-04-14 19:15:23.162217+02
410|1649958880.062224|2022-04-14 19:54:40.062224+02|0/4D16FB18|2|2|59440|3|600|0|0|80167|0|47672|2022-04-14 19:15:23.162217+02
411|1649958881.089752|2022-04-14 19:54:41.089752+02|0/4D16FB18|2|2|59440|3|600|0|0|80167|0|47672|2022-04-14 19:15:23.162217+02
412|1649958882.117277|2022-04-14 19:54:42.117277+02|0/4D16FB18|2|2|59440|3|600|0|0|80167|0|47672|2022-04-14 19:15:23.162217+02
413|1649958883.144614|2022-04-14 19:54:43.144614+02|0/4D16FB18|2|2|59440|3|600|0|0|80167|0|47672|2022-04-14 19:15:23.162217+02
414|1649958884.171729|2022-04-14 19:54:44.171729+02|0/4D16FB18|2|2|59440|3|600|0|0|80167|0|47672|2022-04-14 19:15:23.162217+02
415|1649958885.198467|2022-04-14 19:54:45.198467+02|0/4D16FB18|2|2|59440|3|600|0|0|80167|0|47672|2022-04-14 19:15:23.162217+02
416|1649958886.226018|2022-04-14 19:54:46.226018+02|0/4D16FB18|2|2|59440|3|600|0|0|80167|0|47672|2022-04-14 19:15:23.162217+02
417|1649958887.253184|2022-04-14 19:54:47.253184+02|0/4D16FB18|2|2|59440|3|600|0|0|80167|0|47672|2022-04-14 19:15:23.162217+02
418|1649958888.280652|2022-04-14 19:54:48.280652+02|0/4D16FB18|2|2|59440|3|600|0|0|80167|0|47672|2022-04-14 19:15:23.162217+02
419|1649958889.308157|2022-04-14 19:54:49.308157+02|0/4D16FB18|2|2|59440|3|600|0|0|80167|0|47672|2022-04-14 19:15:23.162217+02
420|1649958890.335101|2022-04-14 19:54:50.335101+02|0/4D16FB18|2|2|59440|3|600|0|0|80167|0|47672|2022-04-14 19:15:23.162217+02
421|1649958891.362446|2022-04-14 19:54:51.362446+02|0/4D16FB18|2|2|59440|3|600|0|0|80167|0|47672|2022-04-14 19:15:23.162217+02
422|1649958892.389523|2022-04-14 19:54:52.389523+02|0/4D16FB18|2|2|59440|3|600|0|0|80167|0|47672|2022-04-14 19:15:23.162217+02
423|1649958893.416220|2022-04-14 19:54:53.41622+02|0/4D16FB18|2|2|59440|3|600|0|0|80167|0|47672|2022-04-14 19:15:23.162217+02
424|1649958894.443387|2022-04-14 19:54:54.443387+02|0/4D16FB18|2|2|59440|3|600|0|0|80167|0|47672|2022-04-14 19:15:23.162217+02
425|1649958895.469859|2022-04-14 19:54:55.469859+02|0/4D16FB18|2|2|59440|3|600|0|0|80167|0|47672|2022-04-14 19:15:23.162217+02
426|1649958896.496837|2022-04-14 19:54:56.496837+02|0/4D16FB18|2|2|59440|3|600|0|0|80167|0|47672|2022-04-14 19:15:23.162217+02
427|1649958897.524143|2022-04-14 19:54:57.524143+02|0/4D16FB18|2|2|59440|3|600|0|0|80167|0|47672|2022-04-14 19:15:23.162217+02
428|1649958898.551100|2022-04-14 19:54:58.5511+02|0/4D16FB18|2|2|59440|3|600|0|0|80167|0|47672|2022-04-14 19:15:23.162217+02
429|1649958899.578214|2022-04-14 19:54:59.578214+02|0/4D16FB18|2|2|59440|3|600|0|0|80167|0|47672|2022-04-14 19:15:23.162217+02
430|1649958900.605591|2022-04-14 19:55:00.605591+02|0/4D16FB18|2|2|59440|3|600|0|0|80167|0|47672|2022-04-14 19:15:23.162217+02
431|1649958901.632375|2022-04-14 19:55:01.632375+02|0/4D16FB18|2|2|59440|3|600|0|0|80167|0|47672|2022-04-14 19:15:23.162217+02
432|1649958902.659409|2022-04-14 19:55:02.659409+02|0/4D16FB18|2|2|59440|3|600|0|0|80167|0|47672|2022-04-14 19:15:23.162217+02
433|1649958903.686908|2022-04-14 19:55:03.686908+02|0/4D16FB18|2|2|59440|3|600|0|0|80167|0|47672|2022-04-14 19:15:23.162217+02
434|1649958904.714061|2022-04-14 19:55:04.714061+02|0/4D16FB18|2|2|59440|3|600|0|0|80167|0|47672|2022-04-14 19:15:23.162217+02
435|1649958905.740589|2022-04-14 19:55:05.740589+02|0/4D16FB18|2|2|59440|3|600|0|0|80167|0|47672|2022-04-14 19:15:23.162217+02
436|1649958906.767912|2022-04-14 19:55:06.767912+02|0/4D16FB18|2|2|59440|3|600|0|0|80167|0|47672|2022-04-14 19:15:23.162217+02
437|1649958907.795002|2022-04-14 19:55:07.795002+02|0/4D16FB18|2|2|59440|3|600|0|0|80167|0|47672|2022-04-14 19:15:23.162217+02
438|1649958908.822191|2022-04-14 19:55:08.822191+02|0/4D16FB18|2|2|59440|3|600|0|0|80167|0|47672|2022-04-14 19:15:23.162217+02
439|1649958909.849070|2022-04-14 19:55:09.84907+02|0/4D16FB18|2|2|59440|3|600|0|0|80167|0|47672|2022-04-14 19:15:23.162217+02
440|1649958910.875178|2022-04-14 19:55:10.875178+02|0/4D16FB18|2|2|59440|3|600|0|0|80167|0|47672|2022-04-14 19:15:23.162217+02
441|1649958911.901531|2022-04-14 19:55:11.901531+02|0/4D16FB18|2|2|59440|3|600|0|0|80167|0|47672|2022-04-14 19:15:23.162217+02
442|1649958912.928683|2022-04-14 19:55:12.928683+02|0/4D16FB18|2|2|59440|3|600|0|0|80167|0|47672|2022-04-14 19:15:23.162217+02
443|1649958913.955661|2022-04-14 19:55:13.955661+02|0/4D16FB18|2|2|59440|3|600|0|0|80167|0|47672|2022-04-14 19:15:23.162217+02
444|1649958914.981910|2022-04-14 19:55:14.98191+02|0/4D16FB18|2|2|59440|3|600|0|0|80167|0|47672|2022-04-14 19:15:23.162217+02
445|1649958916.009526|2022-04-14 19:55:16.009526+02|0/4D16FB18|2|2|59440|3|600|0|0|80167|0|47672|2022-04-14 19:15:23.162217+02
446|1649958917.036763|2022-04-14 19:55:17.036763+02|0/4D16FB18|2|2|59440|3|600|0|0|80167|0|47672|2022-04-14 19:15:23.162217+02
447|1649958918.063334|2022-04-14 19:55:18.063334+02|0/4D16FB18|2|2|59440|3|600|0|0|80167|0|47672|2022-04-14 19:15:23.162217+02
448|1649958919.089972|2022-04-14 19:55:19.089972+02|0/4D16FB18|2|2|59440|3|600|0|0|80167|0|47672|2022-04-14 19:15:23.162217+02
449|1649958920.116889|2022-04-14 19:55:20.116889+02|0/4D16FB18|2|2|59440|3|600|0|0|80167|0|47672|2022-04-14 19:15:23.162217+02
450|1649958921.144354|2022-04-14 19:55:21.144354+02|0/4D16FB18|2|2|59440|3|600|0|0|80167|0|47672|2022-04-14 19:15:23.162217+02
451|1649958922.171374|2022-04-14 19:55:22.171374+02|0/4D16FB18|2|2|59440|3|600|0|0|80167|0|47672|2022-04-14 19:15:23.162217+02
452|1649958923.198510|2022-04-14 19:55:23.19851+02|0/4D16FB18|2|2|59440|3|600|0|0|80167|0|47672|2022-04-14 19:15:23.162217+02
453|1649958924.225605|2022-04-14 19:55:24.225605+02|0/4D16FB18|2|2|59440|3|600|0|0|80167|0|47672|2022-04-14 19:15:23.162217+02
454|1649958925.252990|2022-04-14 19:55:25.25299+02|0/4D16FB18|2|2|59440|3|600|0|0|80167|0|47672|2022-04-14 19:15:23.162217+02
455|1649958926.280274|2022-04-14 19:55:26.280274+02|0/4D16FB18|2|2|59440|3|600|0|0|80167|0|47672|2022-04-14 19:15:23.162217+02
456|1649958927.307048|2022-04-14 19:55:27.307048+02|0/4D16FB18|2|2|59440|3|600|0|0|80167|0|47672|2022-04-14 19:15:23.162217+02
457|1649958928.333424|2022-04-14 19:55:28.333424+02|0/4D16FB18|2|2|59440|3|600|0|0|80167|0|47672|2022-04-14 19:15:23.162217+02
458|1649958929.360771|2022-04-14 19:55:29.360771+02|0/4D16FB18|2|2|59440|3|600|0|0|80167|0|47672|2022-04-14 19:15:23.162217+02
459|1649958930.387544|2022-04-14 19:55:30.387544+02|0/4D16FB18|2|2|59440|3|600|0|0|80167|0|47672|2022-04-14 19:15:23.162217+02
460|1649958931.414493|2022-04-14 19:55:31.414493+02|0/4D16FB18|2|2|59440|3|600|0|0|80167|0|47672|2022-04-14 19:15:23.162217+02
461|1649958932.441804|2022-04-14 19:55:32.441804+02|0/4D16FB18|2|2|59440|3|600|0|0|80167|0|47672|2022-04-14 19:15:23.162217+02
462|1649958933.469014|2022-04-14 19:55:33.469014+02|0/4D16FB18|2|2|59440|3|600|0|0|80167|0|47672|2022-04-14 19:15:23.162217+02
463|1649958934.496711|2022-04-14 19:55:34.496711+02|0/4D16FB18|2|2|59440|3|600|0|0|80167|0|47672|2022-04-14 19:15:23.162217+02
464|1649958935.524105|2022-04-14 19:55:35.524105+02|0/4D16FB18|2|2|59440|3|600|0|0|80167|0|47672|2022-04-14 19:15:23.162217+02
465|1649958936.550804|2022-04-14 19:55:36.550804+02|0/4D16FB18|2|2|59440|3|600|0|0|80167|0|47672|2022-04-14 19:15:23.162217+02
466|1649958937.577737|2022-04-14 19:55:37.577737+02|0/4D16FB18|2|2|59440|3|600|0|0|80167|0|47672|2022-04-14 19:15:23.162217+02
467|1649958938.604276|2022-04-14 19:55:38.604276+02|0/4D16FB18|2|2|59440|3|600|0|0|80167|0|47672|2022-04-14 19:15:23.162217+02
468|1649958939.631307|2022-04-14 19:55:39.631307+02|0/4D16FB18|2|2|59440|3|600|0|0|80167|0|47672|2022-04-14 19:15:23.162217+02
469|1649958940.657879|2022-04-14 19:55:40.657879+02|0/4D16FB18|2|2|59440|3|600|0|0|80167|0|47672|2022-04-14 19:15:23.162217+02
470|1649958941.684796|2022-04-14 19:55:41.684796+02|0/4D16FB18|2|2|59440|3|600|0|0|80167|0|47672|2022-04-14 19:15:23.162217+02
471|1649958942.711706|2022-04-14 19:55:42.711706+02|0/4D16FB18|2|2|59440|3|600|0|0|80167|0|47672|2022-04-14 19:15:23.162217+02
472|1649958943.739068|2022-04-14 19:55:43.739068+02|0/4D16FB18|2|2|59440|3|600|0|0|80167|0|47672|2022-04-14 19:15:23.162217+02
473|1649958944.766418|2022-04-14 19:55:44.766418+02|0/4D16FB18|2|2|59440|3|600|0|0|80167|0|47672|2022-04-14 19:15:23.162217+02
474|1649958945.794061|2022-04-14 19:55:45.794061+02|0/4D16FB18|2|2|59440|3|600|0|0|80167|0|47672|2022-04-14 19:15:23.162217+02
475|1649958946.821586|2022-04-14 19:55:46.821586+02|0/4D16FB18|2|2|59440|3|600|0|0|80167|0|47672|2022-04-14 19:15:23.162217+02
476|1649958947.848298|2022-04-14 19:55:47.848298+02|0/4D16FB18|2|2|59440|3|600|0|0|80167|0|47672|2022-04-14 19:15:23.162217+02
477|1649958948.874702|2022-04-14 19:55:48.874702+02|0/4D16FB18|2|2|59440|3|600|0|0|80167|0|47672|2022-04-14 19:15:23.162217+02
478|1649958949.901737|2022-04-14 19:55:49.901737+02|0/4D16FB18|2|2|59440|3|600|0|0|80167|0|47672|2022-04-14 19:15:23.162217+02
479|1649958950.929031|2022-04-14 19:55:50.929031+02|0/4D16FB18|2|2|59440|3|600|0|0|80167|0|47672|2022-04-14 19:15:23.162217+02
480|1649958951.956331|2022-04-14 19:55:51.956331+02|0/4D16FB18|2|2|59440|3|600|0|0|80167|0|47672|2022-04-14 19:15:23.162217+02
481|1649958952.983157|2022-04-14 19:55:52.983157+02|0/4D16FB18|2|2|59440|3|600|0|0|80167|0|47672|2022-04-14 19:15:23.162217+02
482|1649958954.010513|2022-04-14 19:55:54.010513+02|0/4D16FB18|2|2|59440|3|600|0|0|80167|0|47672|2022-04-14 19:15:23.162217+02
483|1649958955.037641|2022-04-14 19:55:55.037641+02|0/4D16FB18|2|2|59440|3|600|0|0|80167|0|47672|2022-04-14 19:15:23.162217+02
484|1649958956.065018|2022-04-14 19:55:56.065018+02|0/4D16FB18|2|2|59440|3|600|0|0|80167|0|47672|2022-04-14 19:15:23.162217+02
485|1649958957.092020|2022-04-14 19:55:57.09202+02|0/4D16FB18|2|2|59440|3|600|0|0|80167|0|47672|2022-04-14 19:15:23.162217+02
486|1649958958.119242|2022-04-14 19:55:58.119242+02|0/4D16FB18|2|2|59440|3|600|0|0|80167|0|47672|2022-04-14 19:15:23.162217+02
487|1649958959.146828|2022-04-14 19:55:59.146828+02|0/4D16FB18|2|2|59440|3|600|0|0|80167|0|47672|2022-04-14 19:15:23.162217+02
488|1649958960.174211|2022-04-14 19:56:00.174211+02|0/4D16FB18|2|2|59440|3|600|0|0|80167|0|47672|2022-04-14 19:15:23.162217+02
489|1649958961.201610|2022-04-14 19:56:01.20161+02|0/4D16FB18|2|2|59440|3|600|0|0|80167|0|47672|2022-04-14 19:15:23.162217+02
490|1649958962.228986|2022-04-14 19:56:02.228986+02|0/4D16FB18|2|2|59440|3|600|0|0|80167|0|47672|2022-04-14 19:15:23.162217+02
491|1649958963.256162|2022-04-14 19:56:03.256162+02|0/4D16FB18|2|2|59440|3|600|0|0|80167|0|47672|2022-04-14 19:15:23.162217+02
492|1649958964.283372|2022-04-14 19:56:04.283372+02|0/4D16FB18|2|2|59440|3|600|0|0|80167|0|47672|2022-04-14 19:15:23.162217+02
493|1649958965.310431|2022-04-14 19:56:05.310431+02|0/4D16FB18|2|2|59440|3|600|0|0|80167|0|47672|2022-04-14 19:15:23.162217+02
494|1649958966.337646|2022-04-14 19:56:06.337646+02|0/4D16FB18|2|2|59440|3|600|0|0|80167|0|47672|2022-04-14 19:15:23.162217+02
495|1649958967.364962|2022-04-14 19:56:07.364962+02|0/4D16FB18|2|2|59440|3|600|0|0|80167|0|47672|2022-04-14 19:15:23.162217+02
496|1649958968.392018|2022-04-14 19:56:08.392018+02|0/4D16FB18|2|2|59440|3|600|0|0|80167|0|47672|2022-04-14 19:15:23.162217+02
497|1649958969.419424|2022-04-14 19:56:09.419424+02|0/4D16FB18|2|2|59440|3|600|0|0|80167|0|47672|2022-04-14 19:15:23.162217+02
498|1649958970.446730|2022-04-14 19:56:10.44673+02|0/4D16FB18|2|2|59440|3|600|0|0|80167|0|47672|2022-04-14 19:15:23.162217+02
499|1649958971.474377|2022-04-14 19:56:11.474377+02|0/4D16FB18|2|2|59440|3|600|0|0|80167|0|47672|2022-04-14 19:15:23.162217+02
500|1649958972.501974|2022-04-14 19:56:12.501974+02|0/4D16FB18|2|2|59440|3|600|0|0|80167|0|47672|2022-04-14 19:15:23.162217+02
501|1649958973.528632|2022-04-14 19:56:13.528632+02|0/4D16FB18|2|2|59440|3|600|0|0|80167|0|47672|2022-04-14 19:15:23.162217+02
502|1649958974.556352|2022-04-14 19:56:14.556352+02|0/4D16FB18|2|2|59440|3|600|0|0|80167|0|47672|2022-04-14 19:15:23.162217+02
503|1649958975.582499|2022-04-14 19:56:15.582499+02|0/4D16FB18|2|2|59440|3|600|0|0|80167|0|47672|2022-04-14 19:15:23.162217+02
504|1649958976.609223|2022-04-14 19:56:16.609223+02|0/4D16FB18|2|2|59440|3|600|0|0|80167|0|47672|2022-04-14 19:15:23.162217+02
505|1649958977.636383|2022-04-14 19:56:17.636383+02|0/4D16FB18|2|2|59440|3|600|0|0|80167|0|47672|2022-04-14 19:15:23.162217+02
506|1649958978.663699|2022-04-14 19:56:18.663699+02|0/4D16FB18|2|2|59440|3|600|0|0|80167|0|47672|2022-04-14 19:15:23.162217+02
507|1649958979.690694|2022-04-14 19:56:19.690694+02|0/4D16FB18|2|2|59440|3|600|0|0|80167|0|47672|2022-04-14 19:15:23.162217+02
508|1649958980.718271|2022-04-14 19:56:20.718271+02|0/4D16FB18|2|2|59440|3|600|0|0|80167|0|47672|2022-04-14 19:15:23.162217+02
509|1649958981.745580|2022-04-14 19:56:21.74558+02|0/4D16FB18|2|2|59440|3|600|0|0|80167|0|47672|2022-04-14 19:15:23.162217+02
510|1649958982.773061|2022-04-14 19:56:22.773061+02|0/4D16FB18|2|2|59440|3|600|0|0|80167|0|47672|2022-04-14 19:15:23.162217+02
511|1649958983.799991|2022-04-14 19:56:23.799991+02|0/4D16FB18|2|2|59440|3|600|0|0|80167|0|47672|2022-04-14 19:15:23.162217+02
512|1649958984.827346|2022-04-14 19:56:24.827346+02|0/4D16FB18|2|2|59440|3|600|0|0|80167|0|47672|2022-04-14 19:15:23.162217+02
513|1649958985.854034|2022-04-14 19:56:25.854034+02|0/4D16FB18|2|2|59440|3|600|0|0|80167|0|47672|2022-04-14 19:15:23.162217+02
514|1649958986.881091|2022-04-14 19:56:26.881091+02|0/4D16FB18|2|2|59440|3|600|0|0|80167|0|47672|2022-04-14 19:15:23.162217+02
515|1649958987.908018|2022-04-14 19:56:27.908018+02|0/4D16FB18|2|2|59440|3|600|0|0|80167|0|47672|2022-04-14 19:15:23.162217+02
516|1649958988.935442|2022-04-14 19:56:28.935442+02|0/4D16FB18|2|2|59440|3|600|0|0|80167|0|47672|2022-04-14 19:15:23.162217+02
517|1649958989.963183|2022-04-14 19:56:29.963183+02|0/4D16FB18|2|2|59440|3|600|0|0|80167|0|47672|2022-04-14 19:15:23.162217+02
518|1649958990.989880|2022-04-14 19:56:30.98988+02|0/4D16FB18|2|2|59440|3|600|0|0|80167|0|47672|2022-04-14 19:15:23.162217+02
519|1649958992.016348|2022-04-14 19:56:32.016348+02|0/4D16FB18|2|2|59440|3|600|0|0|80167|0|47672|2022-04-14 19:15:23.162217+02
520|1649958993.043958|2022-04-14 19:56:33.043958+02|0/4D16FB18|2|2|59440|3|600|0|0|80167|0|47672|2022-04-14 19:15:23.162217+02
521|1649958994.070643|2022-04-14 19:56:34.070643+02|0/4D16FB18|2|2|59440|3|600|0|0|80167|0|47672|2022-04-14 19:15:23.162217+02
522|1649958995.097377|2022-04-14 19:56:35.097377+02|0/4D16FB18|2|2|59440|3|600|0|0|80167|0|47672|2022-04-14 19:15:23.162217+02
523|1649958996.124258|2022-04-14 19:56:36.124258+02|0/4D16FB18|2|2|59440|3|600|0|0|80167|0|47672|2022-04-14 19:15:23.162217+02
524|1649958997.150751|2022-04-14 19:56:37.150751+02|0/4D16FB18|2|2|59440|3|600|0|0|80167|0|47672|2022-04-14 19:15:23.162217+02
525|1649958998.177574|2022-04-14 19:56:38.177574+02|0/4D16FB18|2|2|59440|3|600|0|0|80167|0|47672|2022-04-14 19:15:23.162217+02
526|1649958999.204587|2022-04-14 19:56:39.204587+02|0/4D16FB18|2|2|59440|3|600|0|0|80167|0|47672|2022-04-14 19:15:23.162217+02
527|1649959000.231585|2022-04-14 19:56:40.231585+02|0/4D16FB18|2|2|59440|3|600|0|0|80167|0|47672|2022-04-14 19:15:23.162217+02
528|1649959001.258299|2022-04-14 19:56:41.258299+02|0/4D16FB18|2|2|59440|3|600|0|0|80167|0|47672|2022-04-14 19:15:23.162217+02
529|1649959002.285437|2022-04-14 19:56:42.285437+02|0/4D16FB18|2|2|59440|3|600|0|0|80167|0|47672|2022-04-14 19:15:23.162217+02
530|1649959003.312447|2022-04-14 19:56:43.312447+02|0/4D16FB18|2|2|59440|3|600|0|0|80167|0|47672|2022-04-14 19:15:23.162217+02
531|1649959004.339260|2022-04-14 19:56:44.33926+02|0/4D16FB18|2|2|59440|3|600|0|0|80167|0|47672|2022-04-14 19:15:23.162217+02
532|1649959005.367160|2022-04-14 19:56:45.36716+02|0/4D16FB18|2|2|59440|3|600|0|0|80167|0|47672|2022-04-14 19:15:23.162217+02
533|1649959006.394333|2022-04-14 19:56:46.394333+02|0/4D16FB18|2|2|59440|3|600|0|0|80167|0|47672|2022-04-14 19:15:23.162217+02
534|1649959007.420758|2022-04-14 19:56:47.420758+02|0/4D16FB18|2|2|59440|3|600|0|0|80167|0|47672|2022-04-14 19:15:23.162217+02
535|1649959008.447967|2022-04-14 19:56:48.447967+02|0/4D16FB18|2|2|59440|3|600|0|0|80167|0|47672|2022-04-14 19:15:23.162217+02
536|1649959009.474830|2022-04-14 19:56:49.47483+02|0/4D16FB18|2|2|59440|3|600|0|0|80167|0|47672|2022-04-14 19:15:23.162217+02
537|1649959010.502495|2022-04-14 19:56:50.502495+02|0/4D16FB18|2|2|59440|3|600|0|0|80167|0|47672|2022-04-14 19:15:23.162217+02
538|1649959011.528831|2022-04-14 19:56:51.528831+02|0/4D16FB18|2|2|59440|3|600|0|0|80167|0|47672|2022-04-14 19:15:23.162217+02
539|1649959012.555328|2022-04-14 19:56:52.555328+02|0/4D16FB18|2|2|59440|3|600|0|0|80167|0|47672|2022-04-14 19:15:23.162217+02
540|1649959013.582164|2022-04-14 19:56:53.582164+02|0/4D16FB18|2|2|59440|3|600|0|0|80167|0|47672|2022-04-14 19:15:23.162217+02
541|1649959014.599291|2022-04-14 19:56:54.599291+02|0/4D16FB18|2|2|59440|3|600|0|0|80167|0|47672|2022-04-14 19:15:23.162217+02
542|1649959015.626164|2022-04-14 19:56:55.626164+02|0/4D16FB18|2|2|59440|3|600|0|0|80167|0|47672|2022-04-14 19:15:23.162217+02
543|1649959016.652778|2022-04-14 19:56:56.652778+02|0/4D16FB18|2|2|59440|3|600|0|0|80167|0|47672|2022-04-14 19:15:23.162217+02
544|1649959017.679502|2022-04-14 19:56:57.679502+02|0/4D16FB18|2|2|59440|3|600|0|0|80167|0|47672|2022-04-14 19:15:23.162217+02
545|1649959018.706552|2022-04-14 19:56:58.706552+02|0/4D16FB18|2|2|59440|3|600|0|0|80167|0|47672|2022-04-14 19:15:23.162217+02
546|1649959019.733740|2022-04-14 19:56:59.73374+02|0/4D16FB18|2|2|59440|3|600|0|0|80167|0|47672|2022-04-14 19:15:23.162217+02
547|1649959020.760309|2022-04-14 19:57:00.760309+02|0/4D16FB18|2|2|59440|3|600|0|0|80167|0|47672|2022-04-14 19:15:23.162217+02
548|1649959021.787329|2022-04-14 19:57:01.787329+02|0/4D16FB18|2|2|59440|3|600|0|0|80167|0|47672|2022-04-14 19:15:23.162217+02
549|1649959022.814186|2022-04-14 19:57:02.814186+02|0/4D16FB18|2|2|59440|3|600|0|0|80167|0|47672|2022-04-14 19:15:23.162217+02
550|1649959023.841151|2022-04-14 19:57:03.841151+02|0/4D16FB18|2|2|59440|3|600|0|0|80167|0|47672|2022-04-14 19:15:23.162217+02
551|1649959024.868651|2022-04-14 19:57:04.868651+02|0/4D16FB18|2|2|59440|3|600|0|0|80167|0|47672|2022-04-14 19:15:23.162217+02
552|1649959025.895906|2022-04-14 19:57:05.895906+02|0/4D16FB18|2|2|59440|3|600|0|0|80167|0|47672|2022-04-14 19:15:23.162217+02
553|1649959026.922333|2022-04-14 19:57:06.922333+02|0/4D16FB18|2|2|59440|3|600|0|0|80167|0|47672|2022-04-14 19:15:23.162217+02
554|1649959027.949640|2022-04-14 19:57:07.94964+02|0/4D16FB18|2|2|59440|3|600|0|0|80167|0|47672|2022-04-14 19:15:23.162217+02
555|1649959028.976726|2022-04-14 19:57:08.976726+02|0/4D16FB18|2|2|59440|3|600|0|0|80167|0|47672|2022-04-14 19:15:23.162217+02
556|1649959030.003965|2022-04-14 19:57:10.003965+02|0/4D16FB18|2|2|59440|3|600|0|0|80167|0|47672|2022-04-14 19:15:23.162217+02
557|1649959031.030841|2022-04-14 19:57:11.030841+02|0/4D16FB18|2|2|59440|3|600|0|0|80167|0|47672|2022-04-14 19:15:23.162217+02
558|1649959032.058241|2022-04-14 19:57:12.058241+02|0/4D16FB18|2|2|59440|3|600|0|0|80167|0|47672|2022-04-14 19:15:23.162217+02
559|1649959033.085520|2022-04-14 19:57:13.08552+02|0/4D16FB18|2|2|59440|3|600|0|0|80167|0|47672|2022-04-14 19:15:23.162217+02
560|1649959034.112134|2022-04-14 19:57:14.112134+02|0/4D16FB18|2|2|59440|3|600|0|0|80167|0|47672|2022-04-14 19:15:23.162217+02
561|1649959035.139228|2022-04-14 19:57:15.139228+02|0/4D16FB18|2|2|59440|3|600|0|0|80167|0|47672|2022-04-14 19:15:23.162217+02
562|1649959036.166562|2022-04-14 19:57:16.166562+02|0/4D16FB18|2|2|59440|3|600|0|0|80167|0|47672|2022-04-14 19:15:23.162217+02
563|1649959037.193611|2022-04-14 19:57:17.193611+02|0/4D16FB18|2|2|59440|3|600|0|0|80167|0|47672|2022-04-14 19:15:23.162217+02
564|1649959038.220779|2022-04-14 19:57:18.220779+02|0/4D16FB18|2|2|59440|3|600|0|0|80167|0|47672|2022-04-14 19:15:23.162217+02
565|1649959039.247592|2022-04-14 19:57:19.247592+02|0/4D16FB18|2|2|59440|3|600|0|0|80167|0|47672|2022-04-14 19:15:23.162217+02
566|1649959040.274876|2022-04-14 19:57:20.274876+02|0/4D16FB18|2|2|59440|3|600|0|0|80167|0|47672|2022-04-14 19:15:23.162217+02
567|1649959041.301802|2022-04-14 19:57:21.301802+02|0/4D16FB18|2|2|59440|3|600|0|0|80167|0|47672|2022-04-14 19:15:23.162217+02
568|1649959042.328813|2022-04-14 19:57:22.328813+02|0/4D16FB18|2|2|59440|3|600|0|0|80167|0|47672|2022-04-14 19:15:23.162217+02
569|1649959043.356219|2022-04-14 19:57:23.356219+02|0/4D16FB18|2|2|59440|3|600|0|0|80167|0|47672|2022-04-14 19:15:23.162217+02
570|1649959044.383339|2022-04-14 19:57:24.383339+02|0/4D16FB18|2|2|59440|3|600|0|0|80167|0|47672|2022-04-14 19:15:23.162217+02
571|1649959045.410255|2022-04-14 19:57:25.410255+02|0/4D16FB18|2|2|59440|3|600|0|0|80167|0|47672|2022-04-14 19:15:23.162217+02
572|1649959046.437632|2022-04-14 19:57:26.437632+02|0/4D16FB18|2|2|59440|3|600|0|0|80167|0|47672|2022-04-14 19:15:23.162217+02
573|1649959047.464988|2022-04-14 19:57:27.464988+02|0/4D16FB18|2|2|59440|3|600|0|0|80167|0|47672|2022-04-14 19:15:23.162217+02
574|1649959048.492347|2022-04-14 19:57:28.492347+02|0/4D16FB18|2|2|59440|3|600|0|0|80167|0|47672|2022-04-14 19:15:23.162217+02
575|1649959049.519397|2022-04-14 19:57:29.519397+02|0/4D16FB18|2|2|59440|3|600|0|0|80167|0|47672|2022-04-14 19:15:23.162217+02
576|1649959050.546347|2022-04-14 19:57:30.546347+02|0/4D16FB18|2|2|59440|3|600|0|0|80167|0|47672|2022-04-14 19:15:23.162217+02
577|1649959051.573435|2022-04-14 19:57:31.573435+02|0/4D16FB18|2|2|59440|3|600|0|0|80167|0|47672|2022-04-14 19:15:23.162217+02
578|1649959052.601378|2022-04-14 19:57:32.601378+02|0/4D16FB18|2|2|59440|3|600|0|0|80167|0|47672|2022-04-14 19:15:23.162217+02
579|1649959053.628395|2022-04-14 19:57:33.628395+02|0/4D16FB18|2|2|59440|3|600|0|0|80167|0|47672|2022-04-14 19:15:23.162217+02
580|1649959054.655294|2022-04-14 19:57:34.655294+02|0/4D16FB18|2|2|59440|3|600|0|0|80167|0|47672|2022-04-14 19:15:23.162217+02
581|1649959055.682954|2022-04-14 19:57:35.682954+02|0/4D16FB18|2|2|59440|3|600|0|0|80167|0|47672|2022-04-14 19:15:23.162217+02
582|1649959056.709340|2022-04-14 19:57:36.70934+02|0/4D16FB18|2|2|59440|3|600|0|0|80167|0|47672|2022-04-14 19:15:23.162217+02
583|1649959057.736418|2022-04-14 19:57:37.736418+02|0/4D16FB18|2|2|59440|3|600|0|0|80167|0|47672|2022-04-14 19:15:23.162217+02
584|1649959058.763703|2022-04-14 19:57:38.763703+02|0/4D16FB18|2|2|59440|3|600|0|0|80167|0|47672|2022-04-14 19:15:23.162217+02
585|1649959059.790296|2022-04-14 19:57:39.790296+02|0/4D16FB18|2|2|59440|3|600|0|0|80167|0|47672|2022-04-14 19:15:23.162217+02
586|1649959060.817811|2022-04-14 19:57:40.817811+02|0/4D16FB18|2|2|59440|3|600|0|0|80167|0|47672|2022-04-14 19:15:23.162217+02
587|1649959061.845604|2022-04-14 19:57:41.845604+02|0/4D16FB18|2|2|59440|3|600|0|0|80167|0|47672|2022-04-14 19:15:23.162217+02
588|1649959062.873065|2022-04-14 19:57:42.873065+02|0/4D16FB18|2|2|59440|3|600|0|0|80167|0|47672|2022-04-14 19:15:23.162217+02
589|1649959063.899977|2022-04-14 19:57:43.899977+02|0/4D16FB18|2|2|59440|3|600|0|0|80167|0|47672|2022-04-14 19:15:23.162217+02
590|1649959064.926520|2022-04-14 19:57:44.92652+02|0/4D16FB18|2|2|59440|3|600|0|0|80167|0|47672|2022-04-14 19:15:23.162217+02
591|1649959065.953857|2022-04-14 19:57:45.953857+02|0/4D16FB18|2|2|59440|3|600|0|0|80167|0|47672|2022-04-14 19:15:23.162217+02
592|1649959066.981185|2022-04-14 19:57:46.981185+02|0/4D16FB18|2|2|59440|3|600|0|0|80167|0|47672|2022-04-14 19:15:23.162217+02
593|1649959068.008097|2022-04-14 19:57:48.008097+02|0/4D16FB18|2|2|59440|3|600|0|0|80167|0|47672|2022-04-14 19:15:23.162217+02
594|1649959069.035168|2022-04-14 19:57:49.035168+02|0/4D16FB18|2|2|59440|3|600|0|0|80167|0|47672|2022-04-14 19:15:23.162217+02
595|1649959070.062009|2022-04-14 19:57:50.062009+02|0/4D16FB18|2|2|59440|3|600|0|0|80167|0|47672|2022-04-14 19:15:23.162217+02
596|1649959071.089365|2022-04-14 19:57:51.089365+02|0/4D16FB18|2|2|59440|3|600|0|0|80167|0|47672|2022-04-14 19:15:23.162217+02
597|1649959072.115917|2022-04-14 19:57:52.115917+02|0/4D16FB18|2|2|59440|3|600|0|0|80167|0|47672|2022-04-14 19:15:23.162217+02
598|1649959073.142382|2022-04-14 19:57:53.142382+02|0/4D16FB18|2|2|59440|3|600|0|0|80167|0|47672|2022-04-14 19:15:23.162217+02
599|1649959074.169070|2022-04-14 19:57:54.16907+02|0/4D16FB18|2|2|59440|3|600|0|0|80167|0|47672|2022-04-14 19:15:23.162217+02
600|1649959075.194889|2022-04-14 19:57:55.194889+02|0/4D16FB18|2|2|59440|3|600|0|0|80167|0|47672|2022-04-14 19:15:23.162217+02
601|1649959076.222357|2022-04-14 19:57:56.222357+02|0/4D16FB18|2|2|59440|3|600|0|0|80167|0|47672|2022-04-14 19:15:23.162217+02
602|1649959077.248762|2022-04-14 19:57:57.248762+02|0/4D16FB18|2|2|59440|3|600|0|0|80167|0|47672|2022-04-14 19:15:23.162217+02
603|1649959078.276189|2022-04-14 19:57:58.276189+02|0/4D16FB18|2|2|59440|3|600|0|0|80167|0|47672|2022-04-14 19:15:23.162217+02
604|1649959079.303356|2022-04-14 19:57:59.303356+02|0/4D16FB18|2|2|59440|3|600|0|0|80167|0|47672|2022-04-14 19:15:23.162217+02
605|1649959080.330747|2022-04-14 19:58:00.330747+02|0/4D16FB18|2|2|59440|3|600|0|0|80167|0|47672|2022-04-14 19:15:23.162217+02
606|1649959081.357524|2022-04-14 19:58:01.357524+02|0/4D16FB18|2|2|59440|3|600|0|0|80167|0|47672|2022-04-14 19:15:23.162217+02
607|1649959082.384597|2022-04-14 19:58:02.384597+02|0/4D16FB18|2|2|59440|3|600|0|0|80167|0|47672|2022-04-14 19:15:23.162217+02
608|1649959083.411280|2022-04-14 19:58:03.41128+02|0/4D16FB18|2|2|59440|3|600|0|0|80167|0|47672|2022-04-14 19:15:23.162217+02
609|1649959084.438681|2022-04-14 19:58:04.438681+02|0/4D16FB18|2|2|59440|3|600|0|0|80167|0|47672|2022-04-14 19:15:23.162217+02
610|1649959085.465468|2022-04-14 19:58:05.465468+02|0/4D16FB18|2|2|59440|3|600|0|0|80167|0|47672|2022-04-14 19:15:23.162217+02
611|1649959086.492376|2022-04-14 19:58:06.492376+02|0/4D16FB18|2|2|59440|3|600|0|0|80167|0|47672|2022-04-14 19:15:23.162217+02
612|1649959087.519701|2022-04-14 19:58:07.519701+02|0/4D16FB18|2|2|59440|3|600|0|0|80167|0|47672|2022-04-14 19:15:23.162217+02
613|1649959088.546226|2022-04-14 19:58:08.546226+02|0/4D16FB18|2|2|59440|3|600|0|0|80167|0|47672|2022-04-14 19:15:23.162217+02
614|1649959089.573003|2022-04-14 19:58:09.573003+02|0/4D16FB18|2|2|59440|3|600|0|0|80167|0|47672|2022-04-14 19:15:23.162217+02
615|1649959090.600170|2022-04-14 19:58:10.60017+02|0/4D16FB18|2|2|59440|3|600|0|0|80167|0|47672|2022-04-14 19:15:23.162217+02
616|1649959091.627705|2022-04-14 19:58:11.627705+02|0/4D16FB18|2|2|59440|3|600|0|0|80167|0|47672|2022-04-14 19:15:23.162217+02
617|1649959092.654934|2022-04-14 19:58:12.654934+02|0/4D16FB18|2|2|59440|3|600|0|0|80167|0|47672|2022-04-14 19:15:23.162217+02
618|1649959093.681953|2022-04-14 19:58:13.681953+02|0/4D16FB18|2|2|59440|3|600|0|0|80167|0|47672|2022-04-14 19:15:23.162217+02
619|1649959094.709642|2022-04-14 19:58:14.709642+02|0/4D16FB18|2|2|59440|3|600|0|0|80167|0|47672|2022-04-14 19:15:23.162217+02
620|1649959095.736729|2022-04-14 19:58:15.736729+02|0/4D16FB18|2|2|59440|3|600|0|0|80167|0|47672|2022-04-14 19:15:23.162217+02
621|1649959096.764157|2022-04-14 19:58:16.764157+02|0/4D16FB18|2|2|59440|3|600|0|0|80167|0|47672|2022-04-14 19:15:23.162217+02
622|1649959097.791618|2022-04-14 19:58:17.791618+02|0/4D16FB18|2|2|59440|3|600|0|0|80167|0|47672|2022-04-14 19:15:23.162217+02
623|1649959098.818353|2022-04-14 19:58:18.818353+02|0/4D16FB18|2|2|59440|3|600|0|0|80167|0|47672|2022-04-14 19:15:23.162217+02
624|1649959099.845632|2022-04-14 19:58:19.845632+02|0/4D16FB18|2|2|59440|3|600|0|0|80167|0|47672|2022-04-14 19:15:23.162217+02
625|1649959100.872724|2022-04-14 19:58:20.872724+02|0/4D16FB18|2|2|59440|3|600|0|0|80167|0|47672|2022-04-14 19:15:23.162217+02
626|1649959101.900006|2022-04-14 19:58:21.900006+02|0/4D16FB18|2|2|59440|3|600|0|0|80167|0|47672|2022-04-14 19:15:23.162217+02
627|1649959102.927408|2022-04-14 19:58:22.927408+02|0/4D16FB18|2|2|59440|3|600|0|0|80167|0|47672|2022-04-14 19:15:23.162217+02
628|1649959103.953637|2022-04-14 19:58:23.953637+02|0/4D16FB18|2|2|59440|3|600|0|0|80167|0|47672|2022-04-14 19:15:23.162217+02
629|1649959104.980924|2022-04-14 19:58:24.980924+02|0/4D16FB18|2|2|59440|3|600|0|0|80167|0|47672|2022-04-14 19:15:23.162217+02
630|1649959106.008527|2022-04-14 19:58:26.008527+02|0/4D16FB18|2|2|59440|3|600|0|0|80167|0|47672|2022-04-14 19:15:23.162217+02
631|1649959107.035453|2022-04-14 19:58:27.035453+02|0/4D16FB18|2|2|59440|3|600|0|0|80167|0|47672|2022-04-14 19:15:23.162217+02
632|1649959108.063003|2022-04-14 19:58:28.063003+02|0/4D16FB18|2|2|59440|3|600|0|0|80167|0|47672|2022-04-14 19:15:23.162217+02
633|1649959109.089797|2022-04-14 19:58:29.089797+02|0/4D16FB18|2|2|59440|3|600|0|0|80167|0|47672|2022-04-14 19:15:23.162217+02
634|1649959110.116945|2022-04-14 19:58:30.116945+02|0/4D16FB18|2|2|59440|3|600|0|0|80167|0|47672|2022-04-14 19:15:23.162217+02
635|1649959111.143892|2022-04-14 19:58:31.143892+02|0/4D16FB18|2|2|59440|3|600|0|0|80167|0|47672|2022-04-14 19:15:23.162217+02
636|1649959112.171841|2022-04-14 19:58:32.171841+02|0/4D16FB18|2|2|59440|3|600|0|0|80167|0|47672|2022-04-14 19:15:23.162217+02
637|1649959113.199510|2022-04-14 19:58:33.19951+02|0/4D16FB18|2|2|59440|3|600|0|0|80167|0|47672|2022-04-14 19:15:23.162217+02
638|1649959114.226707|2022-04-14 19:58:34.226707+02|0/4D16FB18|2|2|59440|3|600|0|0|80167|0|47672|2022-04-14 19:15:23.162217+02
639|1649959115.253692|2022-04-14 19:58:35.253692+02|0/4D16FB18|2|2|59440|3|600|0|0|80167|0|47672|2022-04-14 19:15:23.162217+02
640|1649959116.281510|2022-04-14 19:58:36.28151+02|0/4D16FB18|2|2|59440|3|600|0|0|80167|0|47672|2022-04-14 19:15:23.162217+02
641|1649959117.308301|2022-04-14 19:58:37.308301+02|0/4D16FB18|2|2|59440|3|600|0|0|80167|0|47672|2022-04-14 19:15:23.162217+02
642|1649959118.334816|2022-04-14 19:58:38.334816+02|0/4D16FB18|2|2|59440|3|600|0|0|80167|0|47672|2022-04-14 19:15:23.162217+02
643|1649959119.361105|2022-04-14 19:58:39.361105+02|0/4D16FB18|2|2|59440|3|600|0|0|80167|0|47672|2022-04-14 19:15:23.162217+02
644|1649959120.388437|2022-04-14 19:58:40.388437+02|0/4D16FB18|2|2|59440|3|600|0|0|80167|0|47672|2022-04-14 19:15:23.162217+02
645|1649959121.415201|2022-04-14 19:58:41.415201+02|0/4D16FB18|2|2|59440|3|600|0|0|80167|0|47672|2022-04-14 19:15:23.162217+02
646|1649959122.441761|2022-04-14 19:58:42.441761+02|0/4D16FB18|2|2|59440|3|600|0|0|80167|0|47672|2022-04-14 19:15:23.162217+02
647|1649959123.469011|2022-04-14 19:58:43.469011+02|0/4D16FB18|2|2|59440|3|600|0|0|80167|0|47672|2022-04-14 19:15:23.162217+02
648|1649959124.496209|2022-04-14 19:58:44.496209+02|0/4D16FB18|2|2|59440|3|600|0|0|80167|0|47672|2022-04-14 19:15:23.162217+02
649|1649959125.523789|2022-04-14 19:58:45.523789+02|0/4D16FB18|2|2|59440|3|600|0|0|80167|0|47672|2022-04-14 19:15:23.162217+02
650|1649959126.550673|2022-04-14 19:58:46.550673+02|0/4D16FB18|2|2|59440|3|600|0|0|80167|0|47672|2022-04-14 19:15:23.162217+02
651|1649959127.578107|2022-04-14 19:58:47.578107+02|0/4D16FB18|2|2|59440|3|600|0|0|80167|0|47672|2022-04-14 19:15:23.162217+02
652|1649959128.606296|2022-04-14 19:58:48.606296+02|0/4D16FB18|2|2|59440|3|600|0|0|80167|0|47672|2022-04-14 19:15:23.162217+02
653|1649959129.633573|2022-04-14 19:58:49.633573+02|0/4D16FB18|2|2|59440|3|600|0|0|80167|0|47672|2022-04-14 19:15:23.162217+02
654|1649959130.660342|2022-04-14 19:58:50.660342+02|0/4D16FB18|2|2|59440|3|600|0|0|80167|0|47672|2022-04-14 19:15:23.162217+02
655|1649959131.687363|2022-04-14 19:58:51.687363+02|0/4D16FB18|2|2|59440|3|600|0|0|80167|0|47672|2022-04-14 19:15:23.162217+02
656|1649959132.715051|2022-04-14 19:58:52.715051+02|0/4D16FB18|2|2|59440|3|600|0|0|80167|0|47672|2022-04-14 19:15:23.162217+02
657|1649959133.742344|2022-04-14 19:58:53.742344+02|0/4D16FB18|2|2|59440|3|600|0|0|80167|0|47672|2022-04-14 19:15:23.162217+02
658|1649959134.759410|2022-04-14 19:58:54.75941+02|0/4D16FB18|2|2|59440|3|600|0|0|80167|0|47672|2022-04-14 19:15:23.162217+02
659|1649959135.786571|2022-04-14 19:58:55.786571+02|0/4D16FB18|2|2|59440|3|600|0|0|80167|0|47672|2022-04-14 19:15:23.162217+02
660|1649959136.813903|2022-04-14 19:58:56.813903+02|0/4D16FB18|2|2|59440|3|600|0|0|80167|0|47672|2022-04-14 19:15:23.162217+02
661|1649959137.841162|2022-04-14 19:58:57.841162+02|0/4D16FB18|2|2|59440|3|600|0|0|80167|0|47672|2022-04-14 19:15:23.162217+02
662|1649959138.868568|2022-04-14 19:58:58.868568+02|0/4D16FB18|2|2|59440|3|600|0|0|80167|0|47672|2022-04-14 19:15:23.162217+02
663|1649959139.895738|2022-04-14 19:58:59.895738+02|0/4D16FB18|2|2|59440|3|600|0|0|80167|0|47672|2022-04-14 19:15:23.162217+02
664|1649959140.923060|2022-04-14 19:59:00.92306+02|0/4D16FB18|2|2|59440|3|600|0|0|80167|0|47672|2022-04-14 19:15:23.162217+02
665|1649959141.950051|2022-04-14 19:59:01.950051+02|0/4D16FB18|2|2|59440|3|600|0|0|80167|0|47672|2022-04-14 19:15:23.162217+02
666|1649959142.977332|2022-04-14 19:59:02.977332+02|0/4D16FB18|2|2|59440|3|600|0|0|80167|0|47672|2022-04-14 19:15:23.162217+02
667|1649959144.004948|2022-04-14 19:59:04.004948+02|0/4D16FB18|2|2|59440|3|600|0|0|80167|0|47672|2022-04-14 19:15:23.162217+02
668|1649959145.031831|2022-04-14 19:59:05.031831+02|0/4D16FB18|2|2|59440|3|600|0|0|80167|0|47672|2022-04-14 19:15:23.162217+02
669|1649959146.058243|2022-04-14 19:59:06.058243+02|0/4D16FB18|2|2|59440|3|600|0|0|80167|0|47672|2022-04-14 19:15:23.162217+02
670|1649959147.085150|2022-04-14 19:59:07.08515+02|0/4D16FB18|2|2|59440|3|600|0|0|80167|0|47672|2022-04-14 19:15:23.162217+02
671|1649959148.112517|2022-04-14 19:59:08.112517+02|0/4D16FB18|2|2|59440|3|600|0|0|80167|0|47672|2022-04-14 19:15:23.162217+02
672|1649959149.139357|2022-04-14 19:59:09.139357+02|0/4D16FB18|2|2|59440|3|600|0|0|80167|0|47672|2022-04-14 19:15:23.162217+02
673|1649959150.165756|2022-04-14 19:59:10.165756+02|0/4D16FB18|2|2|59440|3|600|0|0|80167|0|47672|2022-04-14 19:15:23.162217+02
674|1649959151.192467|2022-04-14 19:59:11.192467+02|0/4D16FB18|2|2|59440|3|600|0|0|80167|0|47672|2022-04-14 19:15:23.162217+02
675|1649959152.219893|2022-04-14 19:59:12.219893+02|0/4D16FB18|2|2|59440|3|600|0|0|80167|0|47672|2022-04-14 19:15:23.162217+02
676|1649959153.247178|2022-04-14 19:59:13.247178+02|0/4D16FB18|2|2|59440|3|600|0|0|80167|0|47672|2022-04-14 19:15:23.162217+02
677|1649959154.274469|2022-04-14 19:59:14.274469+02|0/4D16FB18|2|2|59440|3|600|0|0|80167|0|47672|2022-04-14 19:15:23.162217+02
678|1649959155.301380|2022-04-14 19:59:15.30138+02|0/4D16FB18|2|2|59440|3|600|0|0|80167|0|47672|2022-04-14 19:15:23.162217+02
679|1649959156.328460|2022-04-14 19:59:16.32846+02|0/4D16FB18|2|2|59440|3|600|0|0|80167|0|47672|2022-04-14 19:15:23.162217+02
680|1649959157.355574|2022-04-14 19:59:17.355574+02|0/4D16FB18|2|2|59440|3|600|0|0|80167|0|47672|2022-04-14 19:15:23.162217+02
681|1649959158.382463|2022-04-14 19:59:18.382463+02|0/4D16FB18|2|2|59440|3|600|0|0|80167|0|47672|2022-04-14 19:15:23.162217+02
682|1649959159.408432|2022-04-14 19:59:19.408432+02|0/4D16FB18|2|2|59440|3|600|0|0|80167|0|47672|2022-04-14 19:15:23.162217+02
683|1649959160.435740|2022-04-14 19:59:20.43574+02|0/4D16FB18|2|2|59440|3|600|0|0|80167|0|47672|2022-04-14 19:15:23.162217+02
684|1649959161.462669|2022-04-14 19:59:21.462669+02|0/4D16FB18|2|2|59440|3|600|0|0|80167|0|47672|2022-04-14 19:15:23.162217+02
685|1649959162.489727|2022-04-14 19:59:22.489727+02|0/4D16FB18|2|2|59440|3|600|0|0|80167|0|47672|2022-04-14 19:15:23.162217+02
686|1649959163.517090|2022-04-14 19:59:23.51709+02|0/4D16FB18|2|2|59440|3|600|0|0|80167|0|47672|2022-04-14 19:15:23.162217+02
687|1649959164.543435|2022-04-14 19:59:24.543435+02|0/4D16FB18|2|2|59440|3|600|0|0|80167|0|47672|2022-04-14 19:15:23.162217+02
688|1649959165.570802|2022-04-14 19:59:25.570802+02|0/4D16FB18|2|2|59440|3|600|0|0|80167|0|47672|2022-04-14 19:15:23.162217+02
689|1649959166.597845|2022-04-14 19:59:26.597845+02|0/4D16FB18|2|2|59440|3|600|0|0|80167|0|47672|2022-04-14 19:15:23.162217+02
690|1649959167.625285|2022-04-14 19:59:27.625285+02|0/4D16FB18|2|2|59440|3|600|0|0|80167|0|47672|2022-04-14 19:15:23.162217+02
691|1649959168.651775|2022-04-14 19:59:28.651775+02|0/4D16FB18|2|2|59440|3|600|0|0|80167|0|47672|2022-04-14 19:15:23.162217+02
692|1649959169.678924|2022-04-14 19:59:29.678924+02|0/4D16FB18|2|2|59440|3|600|0|0|80167|0|47672|2022-04-14 19:15:23.162217+02
693|1649959170.706168|2022-04-14 19:59:30.706168+02|0/4D16FB18|2|2|59440|3|600|0|0|80167|0|47672|2022-04-14 19:15:23.162217+02
694|1649959171.733218|2022-04-14 19:59:31.733218+02|0/4D16FB18|2|2|59440|3|600|0|0|80167|0|47672|2022-04-14 19:15:23.162217+02
695|1649959172.760228|2022-04-14 19:59:32.760228+02|0/4D16FB18|2|2|59440|3|600|0|0|80167|0|47672|2022-04-14 19:15:23.162217+02
696|1649959173.787212|2022-04-14 19:59:33.787212+02|0/4D16FB18|2|2|59440|3|600|0|0|80167|0|47672|2022-04-14 19:15:23.162217+02
697|1649959174.814475|2022-04-14 19:59:34.814475+02|0/4D16FB18|2|2|59440|3|600|0|0|80167|0|47672|2022-04-14 19:15:23.162217+02
698|1649959175.840748|2022-04-14 19:59:35.840748+02|0/4D16FB18|2|2|59440|3|600|0|0|80167|0|47672|2022-04-14 19:15:23.162217+02
699|1649959176.867898|2022-04-14 19:59:36.867898+02|0/4D16FB18|2|2|59440|3|600|0|0|80167|0|47672|2022-04-14 19:15:23.162217+02
700|1649959177.895451|2022-04-14 19:59:37.895451+02|0/4D16FB18|2|2|59440|3|600|0|0|80167|0|47672|2022-04-14 19:15:23.162217+02
701|1649959178.921982|2022-04-14 19:59:38.921982+02|0/4D16FB18|2|2|59440|3|600|0|0|80167|0|47672|2022-04-14 19:15:23.162217+02
702|1649959179.948195|2022-04-14 19:59:39.948195+02|0/4D16FB18|2|2|59440|3|600|0|0|80167|0|47672|2022-04-14 19:15:23.162217+02
703|1649959180.975773|2022-04-14 19:59:40.975773+02|0/4D16FB18|2|2|59440|3|600|0|0|80167|0|47672|2022-04-14 19:15:23.162217+02
704|1649959182.001967|2022-04-14 19:59:42.001967+02|0/4D16FB18|2|2|59440|3|600|0|0|80167|0|47672|2022-04-14 19:15:23.162217+02
705|1649959183.028738|2022-04-14 19:59:43.028738+02|0/4D16FB18|2|2|59440|3|600|0|0|80167|0|47672|2022-04-14 19:15:23.162217+02
706|1649959184.055686|2022-04-14 19:59:44.055686+02|0/4D16FB18|2|2|59440|3|600|0|0|80167|0|47672|2022-04-14 19:15:23.162217+02
707|1649959185.082396|2022-04-14 19:59:45.082396+02|0/4D16FB18|2|2|59440|3|600|0|0|80167|0|47672|2022-04-14 19:15:23.162217+02
708|1649959186.109720|2022-04-14 19:59:46.10972+02|0/4D16FB18|2|2|59440|3|600|0|0|80167|0|47672|2022-04-14 19:15:23.162217+02
709|1649959187.137326|2022-04-14 19:59:47.137326+02|0/4D16FB18|2|2|59440|3|600|0|0|80167|0|47672|2022-04-14 19:15:23.162217+02
710|1649959188.164359|2022-04-14 19:59:48.164359+02|0/4D16FB18|2|2|59440|3|600|0|0|80167|0|47672|2022-04-14 19:15:23.162217+02
711|1649959189.192239|2022-04-14 19:59:49.192239+02|0/4D16FB18|2|2|59440|3|600|0|0|80167|0|47672|2022-04-14 19:15:23.162217+02
712|1649959190.219445|2022-04-14 19:59:50.219445+02|0/4D16FB18|2|2|59440|3|600|0|0|80167|0|47672|2022-04-14 19:15:23.162217+02
713|1649959191.245643|2022-04-14 19:59:51.245643+02|0/4D16FB18|2|2|59440|3|600|0|0|80167|0|47672|2022-04-14 19:15:23.162217+02
714|1649959192.272053|2022-04-14 19:59:52.272053+02|0/4D16FB18|2|2|59440|3|600|0|0|80167|0|47672|2022-04-14 19:15:23.162217+02
715|1649959193.299168|2022-04-14 19:59:53.299168+02|0/4D16FB18|2|2|59440|3|600|0|0|80167|0|47672|2022-04-14 19:15:23.162217+02
716|1649959194.326485|2022-04-14 19:59:54.326485+02|0/4D16FB18|2|2|59440|3|600|0|0|80167|0|47672|2022-04-14 19:15:23.162217+02
717|1649959195.353048|2022-04-14 19:59:55.353048+02|0/4D16FB18|2|2|59440|3|600|0|0|80167|0|47672|2022-04-14 19:15:23.162217+02
718|1649959196.380166|2022-04-14 19:59:56.380166+02|0/4D16FB18|2|2|59440|3|600|0|0|80167|0|47672|2022-04-14 19:15:23.162217+02
719|1649959197.407090|2022-04-14 19:59:57.40709+02|0/4D16FB18|2|2|59440|3|600|0|0|80167|0|47672|2022-04-14 19:15:23.162217+02
720|1649959198.433738|2022-04-14 19:59:58.433738+02|0/4D16FB18|2|2|59440|3|600|0|0|80167|0|47672|2022-04-14 19:15:23.162217+02
721|1649959199.461244|2022-04-14 19:59:59.461244+02|0/4D16FB18|2|2|59440|3|600|0|0|80167|0|47672|2022-04-14 19:15:23.162217+02
722|1649959200.488709|2022-04-14 20:00:00.488709+02|0/4D16FB18|2|2|59440|3|600|0|0|80167|0|47672|2022-04-14 19:15:23.162217+02
723|1649959201.515383|2022-04-14 20:00:01.515383+02|0/4D16FB18|2|2|59440|3|600|0|0|80167|0|47672|2022-04-14 19:15:23.162217+02
724|1649959202.542051|2022-04-14 20:00:02.542051+02|0/4D16FB18|2|2|59440|3|600|0|0|80167|0|47672|2022-04-14 19:15:23.162217+02
725|1649959203.568513|2022-04-14 20:00:03.568513+02|0/4D16FB18|2|2|59440|3|600|0|0|80167|0|47672|2022-04-14 19:15:23.162217+02
726|1649959204.595142|2022-04-14 20:00:04.595142+02|0/4D16FB18|2|2|59440|3|600|0|0|80167|0|47672|2022-04-14 19:15:23.162217+02
727|1649959205.622207|2022-04-14 20:00:05.622207+02|0/4D16FB18|2|2|59440|3|600|0|0|80167|0|47672|2022-04-14 19:15:23.162217+02
728|1649959206.649382|2022-04-14 20:00:06.649382+02|0/4D16FB18|2|2|59440|3|600|0|0|80167|0|47672|2022-04-14 19:15:23.162217+02
729|1649959207.676610|2022-04-14 20:00:07.67661+02|0/4D16FB18|2|2|59440|3|600|0|0|80167|0|47672|2022-04-14 19:15:23.162217+02
730|1649959208.703574|2022-04-14 20:00:08.703574+02|0/4D16FB18|2|2|59440|3|600|0|0|80167|0|47672|2022-04-14 19:15:23.162217+02
731|1649959209.730395|2022-04-14 20:00:09.730395+02|0/4D16FB18|2|2|59440|3|600|0|0|80167|0|47672|2022-04-14 19:15:23.162217+02
732|1649959210.757727|2022-04-14 20:00:10.757727+02|0/4D16FB18|2|2|59440|3|600|0|0|80167|0|47672|2022-04-14 19:15:23.162217+02
733|1649959211.784457|2022-04-14 20:00:11.784457+02|0/4D16FB18|2|2|59440|3|600|0|0|80167|0|47672|2022-04-14 19:15:23.162217+02
734|1649959212.811372|2022-04-14 20:00:12.811372+02|0/4D16FB18|2|2|59440|3|600|0|0|80167|0|47672|2022-04-14 19:15:23.162217+02
735|1649959213.838127|2022-04-14 20:00:13.838127+02|0/4D16FB18|2|2|59440|3|600|0|0|80167|0|47672|2022-04-14 19:15:23.162217+02
736|1649959214.864296|2022-04-14 20:00:14.864296+02|0/4D16FB18|2|2|59440|3|600|0|0|80167|0|47672|2022-04-14 19:15:23.162217+02
737|1649959215.891086|2022-04-14 20:00:15.891086+02|0/4D16FB18|2|2|59440|3|600|0|0|80167|0|47672|2022-04-14 19:15:23.162217+02
738|1649959216.918355|2022-04-14 20:00:16.918355+02|0/4D16FB18|2|2|59440|3|600|0|0|80167|0|47672|2022-04-14 19:15:23.162217+02
739|1649959217.945264|2022-04-14 20:00:17.945264+02|0/4D16FB18|2|2|59440|3|600|0|0|80167|0|47672|2022-04-14 19:15:23.162217+02
740|1649959218.972663|2022-04-14 20:00:18.972663+02|0/4D16FB18|2|2|59440|3|600|0|0|80167|0|47672|2022-04-14 19:15:23.162217+02
741|1649959219.999659|2022-04-14 20:00:19.999659+02|0/4D16FB18|2|2|59440|3|600|0|0|80167|0|47672|2022-04-14 19:15:23.162217+02
742|1649959221.026785|2022-04-14 20:00:21.026785+02|0/4D16FB18|2|2|59440|3|600|0|0|80167|0|47672|2022-04-14 19:15:23.162217+02
743|1649959222.054318|2022-04-14 20:00:22.054318+02|0/4D16FB18|2|2|59440|3|600|0|0|80167|0|47672|2022-04-14 19:15:23.162217+02
744|1649959223.081281|2022-04-14 20:00:23.081281+02|0/4D16FB18|2|2|59440|3|600|0|0|80167|0|47672|2022-04-14 19:15:23.162217+02
745|1649959224.108193|2022-04-14 20:00:24.108193+02|0/4D16FB18|3|2|59440|3|600|0|0|80167|0|47672|2022-04-14 19:15:23.162217+02
746|1649959225.135233|2022-04-14 20:00:25.135233+02|0/4D16FB18|3|2|59440|3|600|0|0|80167|0|47672|2022-04-14 19:15:23.162217+02
747|1649959226.162577|2022-04-14 20:00:26.162577+02|0/4D16FB18|3|2|59440|3|600|0|0|80167|0|47672|2022-04-14 19:15:23.162217+02
748|1649959227.190096|2022-04-14 20:00:27.190096+02|0/4D16FB18|3|2|59440|3|600|0|0|80167|0|47672|2022-04-14 19:15:23.162217+02
749|1649959228.216370|2022-04-14 20:00:28.21637+02|0/4D16FB18|3|2|59440|3|600|0|0|80167|0|47672|2022-04-14 19:15:23.162217+02
750|1649959229.243111|2022-04-14 20:00:29.243111+02|0/4D16FB18|3|2|59440|3|600|0|0|80167|0|47672|2022-04-14 19:15:23.162217+02
751|1649959230.270260|2022-04-14 20:00:30.27026+02|0/4D16FB18|3|2|59440|3|600|0|0|80167|0|47672|2022-04-14 19:15:23.162217+02
752|1649959231.297836|2022-04-14 20:00:31.297836+02|0/4D16FB18|3|2|59440|3|600|0|0|80167|0|47672|2022-04-14 19:15:23.162217+02
753|1649959232.324278|2022-04-14 20:00:32.324278+02|0/4D16FB18|3|2|59440|3|600|0|0|80167|0|47672|2022-04-14 19:15:23.162217+02
754|1649959233.351705|2022-04-14 20:00:33.351705+02|0/4D16FB18|3|2|59440|3|600|0|0|80167|0|47672|2022-04-14 19:15:23.162217+02
755|1649959234.378886|2022-04-14 20:00:34.378886+02|0/4D16FB18|3|2|59440|3|600|0|0|80167|0|47672|2022-04-14 19:15:23.162217+02
756|1649959235.406068|2022-04-14 20:00:35.406068+02|0/4D16FB18|3|2|59440|3|600|0|0|80167|0|47672|2022-04-14 19:15:23.162217+02
757|1649959236.432670|2022-04-14 20:00:36.43267+02|0/4D16FB18|3|2|59440|3|600|0|0|80167|0|47672|2022-04-14 19:15:23.162217+02
758|1649959237.460163|2022-04-14 20:00:37.460163+02|0/4D16FB18|3|2|59440|3|600|0|0|80167|0|47672|2022-04-14 19:15:23.162217+02
759|1649959238.487353|2022-04-14 20:00:38.487353+02|0/4D16FB18|3|2|59440|3|600|0|0|80167|0|47672|2022-04-14 19:15:23.162217+02
760|1649959239.514488|2022-04-14 20:00:39.514488+02|0/4D16FB18|3|2|59440|3|600|0|0|80167|0|47672|2022-04-14 19:15:23.162217+02
761|1649959240.541343|2022-04-14 20:00:40.541343+02|0/4D16FB18|3|2|59440|3|600|0|0|80167|0|47672|2022-04-14 19:15:23.162217+02
762|1649959241.568557|2022-04-14 20:00:41.568557+02|0/4D16FB18|3|2|59440|3|600|0|0|80167|0|47672|2022-04-14 19:15:23.162217+02
763|1649959242.595948|2022-04-14 20:00:42.595948+02|0/4D16FB18|3|2|59440|3|600|0|0|80167|0|47672|2022-04-14 19:15:23.162217+02
764|1649959243.622729|2022-04-14 20:00:43.622729+02|0/4D16FB18|3|2|59440|3|600|0|0|80167|0|47672|2022-04-14 19:15:23.162217+02
765|1649959244.649839|2022-04-14 20:00:44.649839+02|0/4D16FB18|3|2|59440|3|600|0|0|80167|0|47672|2022-04-14 19:15:23.162217+02
766|1649959245.677196|2022-04-14 20:00:45.677196+02|0/4D16FB18|3|2|59440|3|600|0|0|80167|0|47672|2022-04-14 19:15:23.162217+02
767|1649959246.703818|2022-04-14 20:00:46.703818+02|0/4D16FB18|3|2|59440|3|600|0|0|80167|0|47672|2022-04-14 19:15:23.162217+02
768|1649959247.731509|2022-04-14 20:00:47.731509+02|0/4D16FB18|3|2|59440|3|600|0|0|80167|0|47672|2022-04-14 19:15:23.162217+02
769|1649959248.758954|2022-04-14 20:00:48.758954+02|0/4D16FB18|3|2|59440|3|600|0|0|80167|0|47672|2022-04-14 19:15:23.162217+02
770|1649959249.786701|2022-04-14 20:00:49.786701+02|0/4D16FB18|3|2|59440|3|600|0|0|80167|0|47672|2022-04-14 19:15:23.162217+02
771|1649959250.813811|2022-04-14 20:00:50.813811+02|0/4D16FB18|3|2|59440|3|600|0|0|80167|0|47672|2022-04-14 19:15:23.162217+02
772|1649959251.840933|2022-04-14 20:00:51.840933+02|0/4D16FB18|3|2|59440|3|600|0|0|80167|0|47672|2022-04-14 19:15:23.162217+02
773|1649959252.867564|2022-04-14 20:00:52.867564+02|0/4D16FB18|3|2|59440|3|600|0|0|80167|0|47672|2022-04-14 19:15:23.162217+02
774|1649959253.894638|2022-04-14 20:00:53.894638+02|0/4D16FB18|3|2|59440|3|600|0|0|80167|0|47672|2022-04-14 19:15:23.162217+02
775|1649959254.911990|2022-04-14 20:00:54.91199+02|0/4D16FB18|3|2|59440|3|600|0|0|80167|0|47672|2022-04-14 19:15:23.162217+02
776|1649959255.939338|2022-04-14 20:00:55.939338+02|0/4D16FB18|3|2|59440|3|600|0|0|80167|0|47672|2022-04-14 19:15:23.162217+02
777|1649959256.966283|2022-04-14 20:00:56.966283+02|0/4D16FB18|3|2|59440|3|600|0|0|80167|0|47672|2022-04-14 19:15:23.162217+02
778|1649959257.993304|2022-04-14 20:00:57.993304+02|0/4D16FB18|3|2|59440|3|600|0|0|80167|0|47672|2022-04-14 19:15:23.162217+02
779|1649959259.019950|2022-04-14 20:00:59.01995+02|0/4D16FB18|3|2|59440|3|600|0|0|80167|0|47672|2022-04-14 19:15:23.162217+02
780|1649959260.047805|2022-04-14 20:01:00.047805+02|0/4D16FB18|3|2|59440|3|600|0|0|80167|0|47672|2022-04-14 19:15:23.162217+02
781|1649959261.074769|2022-04-14 20:01:01.074769+02|0/4D16FB18|3|2|59440|3|600|0|0|80167|0|47672|2022-04-14 19:15:23.162217+02
782|1649959262.101844|2022-04-14 20:01:02.101844+02|0/4D16FB18|3|2|59440|3|600|0|0|80167|0|47672|2022-04-14 19:15:23.162217+02
783|1649959263.129049|2022-04-14 20:01:03.129049+02|0/4D16FB18|3|2|59440|3|600|0|0|80167|0|47672|2022-04-14 19:15:23.162217+02
784|1649959264.156287|2022-04-14 20:01:04.156287+02|0/4D16FB18|3|2|59440|3|600|0|0|80167|0|47672|2022-04-14 19:15:23.162217+02
785|1649959265.182652|2022-04-14 20:01:05.182652+02|0/4D16FB18|3|2|59440|3|600|0|0|80167|0|47672|2022-04-14 19:15:23.162217+02
786|1649959266.210018|2022-04-14 20:01:06.210018+02|0/4D16FB18|3|2|59440|3|600|0|0|80167|0|47672|2022-04-14 19:15:23.162217+02
787|1649959267.237087|2022-04-14 20:01:07.237087+02|0/4D16FB18|3|2|59440|3|600|0|0|80167|0|47672|2022-04-14 19:15:23.162217+02
788|1649959268.264108|2022-04-14 20:01:08.264108+02|0/4D16FB18|3|2|59440|3|600|0|0|80167|0|47672|2022-04-14 19:15:23.162217+02
789|1649959269.291786|2022-04-14 20:01:09.291786+02|0/4D16FB18|3|2|59440|3|600|0|0|80167|0|47672|2022-04-14 19:15:23.162217+02
790|1649959270.318181|2022-04-14 20:01:10.318181+02|0/4D16FB18|3|2|59440|3|600|0|0|80167|0|47672|2022-04-14 19:15:23.162217+02
791|1649959271.344756|2022-04-14 20:01:11.344756+02|0/4D16FB18|3|2|59440|3|600|0|0|80167|0|47672|2022-04-14 19:15:23.162217+02
792|1649959272.372295|2022-04-14 20:01:12.372295+02|0/4D16FB18|3|2|59440|3|600|0|0|80167|0|47672|2022-04-14 19:15:23.162217+02
793|1649959273.400386|2022-04-14 20:01:13.400386+02|0/4D16FB18|3|2|59440|3|600|0|0|80167|0|47672|2022-04-14 19:15:23.162217+02
794|1649959274.427902|2022-04-14 20:01:14.427902+02|0/4D16FB18|3|2|59440|3|600|0|0|80167|0|47672|2022-04-14 19:15:23.162217+02
795|1649959275.454638|2022-04-14 20:01:15.454638+02|0/4D16FB18|3|2|59440|3|600|0|0|80167|0|47672|2022-04-14 19:15:23.162217+02
796|1649959276.481762|2022-04-14 20:01:16.481762+02|0/4D16FB18|3|2|59440|3|600|0|0|80167|0|47672|2022-04-14 19:15:23.162217+02
797|1649959277.508972|2022-04-14 20:01:17.508972+02|0/4D16FB18|3|2|59440|3|600|0|0|80167|0|47672|2022-04-14 19:15:23.162217+02
798|1649959278.535564|2022-04-14 20:01:18.535564+02|0/4D16FB18|3|2|59440|3|600|0|0|80167|0|47672|2022-04-14 19:15:23.162217+02
799|1649959279.562931|2022-04-14 20:01:19.562931+02|0/4D16FB18|3|2|59440|3|600|0|0|80167|0|47672|2022-04-14 19:15:23.162217+02
800|1649959280.589861|2022-04-14 20:01:20.589861+02|0/4D16FB18|3|2|59440|3|600|0|0|80167|0|47672|2022-04-14 19:15:23.162217+02
801|1649959281.616908|2022-04-14 20:01:21.616908+02|0/4D16FB18|3|2|59440|3|600|0|0|80167|0|47672|2022-04-14 19:15:23.162217+02
802|1649959282.643662|2022-04-14 20:01:22.643662+02|0/4D16FB18|3|2|59440|3|600|0|0|80167|0|47672|2022-04-14 19:15:23.162217+02
803|1649959283.670769|2022-04-14 20:01:23.670769+02|0/4D16FB18|3|2|59440|3|600|0|0|80167|0|47672|2022-04-14 19:15:23.162217+02
804|1649959284.697962|2022-04-14 20:01:24.697962+02|0/4D16FB18|3|2|59440|3|600|0|0|80167|0|47672|2022-04-14 19:15:23.162217+02
805|1649959285.724443|2022-04-14 20:01:25.724443+02|0/4D16FB18|3|2|59440|3|600|0|0|80167|0|47672|2022-04-14 19:15:23.162217+02
806|1649959286.751936|2022-04-14 20:01:26.751936+02|0/4D16FB18|3|2|59440|3|600|0|0|80167|0|47672|2022-04-14 19:15:23.162217+02
807|1649959287.778949|2022-04-14 20:01:27.778949+02|0/4D16FB18|3|2|59440|3|600|0|0|80167|0|47672|2022-04-14 19:15:23.162217+02
808|1649959288.805834|2022-04-14 20:01:28.805834+02|0/4D16FB18|3|2|59440|3|600|0|0|80167|0|47672|2022-04-14 19:15:23.162217+02
809|1649959289.832832|2022-04-14 20:01:29.832832+02|0/4D16FB18|3|2|59440|3|600|0|0|80167|0|47672|2022-04-14 19:15:23.162217+02
810|1649959290.859471|2022-04-14 20:01:30.859471+02|0/4D16FB18|3|2|59440|3|600|0|0|80167|0|47672|2022-04-14 19:15:23.162217+02
811|1649959291.888518|2022-04-14 20:01:31.888518+02|0/4D16FB18|3|2|59440|3|600|0|0|80167|0|47672|2022-04-14 19:15:23.162217+02
812|1649959292.915537|2022-04-14 20:01:32.915537+02|0/4D16FB18|3|2|59440|3|600|0|0|80167|0|47672|2022-04-14 19:15:23.162217+02
813|1649959293.942469|2022-04-14 20:01:33.942469+02|0/4D16FB18|3|2|59440|3|600|0|0|80167|0|47672|2022-04-14 19:15:23.162217+02
814|1649959294.969592|2022-04-14 20:01:34.969592+02|0/4D16FB18|3|2|59440|3|600|0|0|80167|0|47672|2022-04-14 19:15:23.162217+02
815|1649959295.997260|2022-04-14 20:01:35.99726+02|0/4D16FB18|3|2|59440|3|600|0|0|80167|0|47672|2022-04-14 19:15:23.162217+02
816|1649959297.024675|2022-04-14 20:01:37.024675+02|0/4D16FB18|3|2|59440|3|600|0|0|80167|0|47672|2022-04-14 19:15:23.162217+02
817|1649959298.051727|2022-04-14 20:01:38.051727+02|0/4D16FB18|3|2|59440|3|600|0|0|80167|0|47672|2022-04-14 19:15:23.162217+02
818|1649959299.078515|2022-04-14 20:01:39.078515+02|0/4D16FB18|3|2|59440|3|600|0|0|80167|0|47672|2022-04-14 19:15:23.162217+02
819|1649959300.105486|2022-04-14 20:01:40.105486+02|0/4D16FB18|3|2|59440|3|600|0|0|80167|0|47672|2022-04-14 19:15:23.162217+02
820|1649959301.132794|2022-04-14 20:01:41.132794+02|0/4D16FB18|3|2|59440|3|600|0|0|80167|0|47672|2022-04-14 19:15:23.162217+02
821|1649959302.158960|2022-04-14 20:01:42.15896+02|0/4D16FB18|3|2|59440|3|600|0|0|80167|0|47672|2022-04-14 19:15:23.162217+02
822|1649959303.186193|2022-04-14 20:01:43.186193+02|0/4D16FB18|3|2|59440|3|600|0|0|80167|0|47672|2022-04-14 19:15:23.162217+02
823|1649959304.212899|2022-04-14 20:01:44.212899+02|0/4D16FB18|3|2|59440|3|600|0|0|80167|0|47672|2022-04-14 19:15:23.162217+02
824|1649959305.239912|2022-04-14 20:01:45.239912+02|0/4D16FB18|3|2|59440|3|600|0|0|80167|0|47672|2022-04-14 19:15:23.162217+02
825|1649959306.266718|2022-04-14 20:01:46.266718+02|0/4D16FB18|3|2|59440|3|600|0|0|80167|0|47672|2022-04-14 19:15:23.162217+02
826|1649959307.293374|2022-04-14 20:01:47.293374+02|0/4D16FB18|3|2|59440|3|600|0|0|80167|0|47672|2022-04-14 19:15:23.162217+02
827|1649959308.319993|2022-04-14 20:01:48.319993+02|0/4D16FB18|3|2|59440|3|600|0|0|80167|0|47672|2022-04-14 19:15:23.162217+02
828|1649959309.346859|2022-04-14 20:01:49.346859+02|0/4D16FB18|3|2|59440|3|600|0|0|80167|0|47672|2022-04-14 19:15:23.162217+02
829|1649959310.373332|2022-04-14 20:01:50.373332+02|0/4D16FB18|3|2|59440|3|600|0|0|80167|0|47672|2022-04-14 19:15:23.162217+02
830|1649959311.400008|2022-04-14 20:01:51.400008+02|0/4D16FB18|3|2|59440|3|600|0|0|80167|0|47672|2022-04-14 19:15:23.162217+02
831|1649959312.426865|2022-04-14 20:01:52.426865+02|0/4D16FB18|3|2|59440|3|600|0|0|80167|0|47672|2022-04-14 19:15:23.162217+02
832|1649959313.453454|2022-04-14 20:01:53.453454+02|0/4D16FB18|3|2|59440|3|600|0|0|80167|0|47672|2022-04-14 19:15:23.162217+02
833|1649959314.480789|2022-04-14 20:01:54.480789+02|0/4D16FB18|3|2|59440|3|600|0|0|80167|0|47672|2022-04-14 19:15:23.162217+02
834|1649959315.507964|2022-04-14 20:01:55.507964+02|0/4D16FB18|3|2|59440|3|600|0|0|80167|0|47672|2022-04-14 19:15:23.162217+02
835|1649959316.535225|2022-04-14 20:01:56.535225+02|0/4D16FB18|3|2|59440|3|600|0|0|80167|0|47672|2022-04-14 19:15:23.162217+02
836|1649959317.561844|2022-04-14 20:01:57.561844+02|0/4D16FB18|3|2|59440|3|600|0|0|80167|0|47672|2022-04-14 19:15:23.162217+02
837|1649959318.588639|2022-04-14 20:01:58.588639+02|0/4D16FB18|3|2|59440|3|600|0|0|80167|0|47672|2022-04-14 19:15:23.162217+02
838|1649959319.616361|2022-04-14 20:01:59.616361+02|0/4D16FB18|3|2|59440|3|600|0|0|80167|0|47672|2022-04-14 19:15:23.162217+02
839|1649959320.643478|2022-04-14 20:02:00.643478+02|0/4D16FB18|3|2|59440|3|600|0|0|80167|0|47672|2022-04-14 19:15:23.162217+02
840|1649959321.670998|2022-04-14 20:02:01.670998+02|0/4D16FB18|3|2|59440|3|600|0|0|80167|0|47672|2022-04-14 19:15:23.162217+02
841|1649959322.697661|2022-04-14 20:02:02.697661+02|0/4D16FB18|3|2|59440|3|600|0|0|80167|0|47672|2022-04-14 19:15:23.162217+02
842|1649959323.724749|2022-04-14 20:02:03.724749+02|0/4D16FB18|3|2|59440|3|600|0|0|80167|0|47672|2022-04-14 19:15:23.162217+02
843|1649959324.750814|2022-04-14 20:02:04.750814+02|0/4D16FB18|3|2|59440|3|600|0|0|80167|0|47672|2022-04-14 19:15:23.162217+02
844|1649959325.777879|2022-04-14 20:02:05.777879+02|0/4D16FB18|3|2|59440|3|600|0|0|80167|0|47672|2022-04-14 19:15:23.162217+02
845|1649959326.805080|2022-04-14 20:02:06.80508+02|0/4D16FB18|3|2|59440|3|600|0|0|80167|0|47672|2022-04-14 19:15:23.162217+02
846|1649959327.831657|2022-04-14 20:02:07.831657+02|0/4D16FB18|3|2|59440|3|600|0|0|80167|0|47672|2022-04-14 19:15:23.162217+02
847|1649959328.857648|2022-04-14 20:02:08.857648+02|0/4D16FB18|3|2|59440|3|600|0|0|80167|0|47672|2022-04-14 19:15:23.162217+02
848|1649959329.884365|2022-04-14 20:02:09.884365+02|0/4D16FB18|3|2|59440|3|600|0|0|80167|0|47672|2022-04-14 19:15:23.162217+02
849|1649959330.911584|2022-04-14 20:02:10.911584+02|0/4D16FB18|3|2|59440|3|600|0|0|80167|0|47672|2022-04-14 19:15:23.162217+02
850|1649959331.938237|2022-04-14 20:02:11.938237+02|0/4D16FB18|3|2|59440|3|600|0|0|80167|0|47672|2022-04-14 19:15:23.162217+02
851|1649959332.965201|2022-04-14 20:02:12.965201+02|0/4D16FB18|3|2|59440|3|600|0|0|80167|0|47672|2022-04-14 19:15:23.162217+02
852|1649959333.992426|2022-04-14 20:02:13.992426+02|0/4D16FB18|3|2|59440|3|600|0|0|80167|0|47672|2022-04-14 19:15:23.162217+02
853|1649959335.020013|2022-04-14 20:02:15.020013+02|0/4D16FB18|3|2|59440|3|600|0|0|80167|0|47672|2022-04-14 19:15:23.162217+02
854|1649959336.046956|2022-04-14 20:02:16.046956+02|0/4D16FB18|3|2|59440|3|600|0|0|80167|0|47672|2022-04-14 19:15:23.162217+02
855|1649959337.074721|2022-04-14 20:02:17.074721+02|0/4D16FB18|3|2|59440|3|600|0|0|80167|0|47672|2022-04-14 19:15:23.162217+02
856|1649959338.102459|2022-04-14 20:02:18.102459+02|0/4D16FB18|3|2|59440|3|600|0|0|80167|0|47672|2022-04-14 19:15:23.162217+02
857|1649959339.129989|2022-04-14 20:02:19.129989+02|0/4D16FB18|3|2|59440|3|600|0|0|80167|0|47672|2022-04-14 19:15:23.162217+02
858|1649959340.157221|2022-04-14 20:02:20.157221+02|0/4D16FB18|3|2|59440|3|600|0|0|80167|0|47672|2022-04-14 19:15:23.162217+02
859|1649959341.184419|2022-04-14 20:02:21.184419+02|0/4D16FB18|3|2|59440|3|600|0|0|80167|0|47672|2022-04-14 19:15:23.162217+02
860|1649959342.211422|2022-04-14 20:02:22.211422+02|0/4D16FB18|3|2|59440|3|600|0|0|80167|0|47672|2022-04-14 19:15:23.162217+02
861|1649959343.238139|2022-04-14 20:02:23.238139+02|0/4D16FB18|3|2|59440|3|600|0|0|80167|0|47672|2022-04-14 19:15:23.162217+02
862|1649959344.265270|2022-04-14 20:02:24.26527+02|0/4D16FB18|3|2|59440|3|600|0|0|80167|0|47672|2022-04-14 19:15:23.162217+02
863|1649959345.292480|2022-04-14 20:02:25.29248+02|0/4D16FB18|3|2|59440|3|600|0|0|80167|0|47672|2022-04-14 19:15:23.162217+02
864|1649959346.319702|2022-04-14 20:02:26.319702+02|0/4D16FB18|3|2|59440|3|600|0|0|80167|0|47672|2022-04-14 19:15:23.162217+02
865|1649959347.347224|2022-04-14 20:02:27.347224+02|0/4D16FB18|3|2|59440|3|600|0|0|80167|0|47672|2022-04-14 19:15:23.162217+02
866|1649959348.374539|2022-04-14 20:02:28.374539+02|0/4D16FB18|3|2|59440|3|600|0|0|80167|0|47672|2022-04-14 19:15:23.162217+02
867|1649959349.401745|2022-04-14 20:02:29.401745+02|0/4D16FB18|3|2|59440|3|600|0|0|80167|0|47672|2022-04-14 19:15:23.162217+02
868|1649959350.429776|2022-04-14 20:02:30.429776+02|0/4D16FB18|3|2|59440|3|600|0|0|80167|0|47672|2022-04-14 19:15:23.162217+02
869|1649959351.457109|2022-04-14 20:02:31.457109+02|0/4D16FB18|3|2|59440|3|600|0|0|80167|0|47672|2022-04-14 19:15:23.162217+02
870|1649959352.483929|2022-04-14 20:02:32.483929+02|0/4D16FB18|3|2|59440|3|600|0|0|80167|0|47672|2022-04-14 19:15:23.162217+02
871|1649959353.510734|2022-04-14 20:02:33.510734+02|0/4D16FB18|3|2|59440|3|600|0|0|80167|0|47672|2022-04-14 19:15:23.162217+02
872|1649959354.537741|2022-04-14 20:02:34.537741+02|0/4D16FB18|3|2|59440|3|600|0|0|80167|0|47672|2022-04-14 19:15:23.162217+02
873|1649959355.564727|2022-04-14 20:02:35.564727+02|0/4D16FB18|3|2|59440|3|600|0|0|80167|0|47672|2022-04-14 19:15:23.162217+02
874|1649959356.591436|2022-04-14 20:02:36.591436+02|0/4D16FB18|3|2|59440|3|600|0|0|80167|0|47672|2022-04-14 19:15:23.162217+02
875|1649959357.618971|2022-04-14 20:02:37.618971+02|0/4D16FB18|3|2|59440|3|600|0|0|80167|0|47672|2022-04-14 19:15:23.162217+02
876|1649959358.645891|2022-04-14 20:02:38.645891+02|0/4D16FB18|3|2|59440|3|600|0|0|80167|0|47672|2022-04-14 19:15:23.162217+02
