before;2656534528;112386048;2776322987
after;4613693440;112386048;4733481899
